2019-06-24T429:01:21.1996429Z,1,1,true
2019-06-24T00:11:08.096Z,1,2,true
2019-06-24T00:18:57.678Z,1,3,true
2019-06-24T00:27:09.323Z,1,4,true
2019-06-24T00:34:30.518Z,1,5,true
2019-06-24T00:40:00.549Z,1,6,true
2019-06-24T00:49:29.458Z,1,7,true
2019-06-24T01:01:28.777Z,1,8,true
2019-06-24T01:11:24.123Z,1,9,true
2019-06-24T01:19:03.815Z,1,1,true
2019-06-24T01:25:50.119Z,1,2,true
2019-06-24T01:32:36.981Z,1,3,true
2019-06-24T01:40:23.412Z,1,4,true
2019-06-24T01:46:14.977Z,1,5,true
2019-06-24T01:54:24.764Z,1,6,true
2019-06-24T02:03:59.969Z,1,7,true
2019-06-24T02:16:07.966Z,1,8,true
2019-06-24T02:25:23.807Z,1,9,true
2019-06-24T02:35:30.647Z,1,1,true
2019-06-24T02:40:52.210Z,1,2,true
2019-06-24T02:47:25.273Z,1,3,true
2019-06-24T02:54:47.536Z,1,4,true
2019-06-24T03:02:43.052Z,1,5,true
2019-06-24T03:08:51.762Z,1,6,true
2019-06-24T03:19:39.114Z,1,7,true
2019-06-24T03:30:48.612Z,1,8,true
2019-06-24T03:38:54.552Z,1,9,true
2019-06-24T03:46:13.536Z,1,1,true
2019-06-24T03:53:56.632Z,1,2,true
2019-06-24T04:00:45.049Z,1,3,true
2019-06-24T04:06:08.424Z,1,4,true
2019-06-24T04:16:39.395Z,1,5,true
2019-06-24T04:20:02.500Z,1,6,true
2019-06-24T04:28:23.825Z,1,7,true
2019-06-24T04:37:01.146Z,1,8,true
2019-06-24T04:47:17.320Z,1,9,true
2019-06-24T04:54:47.688Z,1,1,true
2019-06-24T05:01:16.234Z,1,2,true
2019-06-24T05:08:00.384Z,1,3,true
2019-06-24T05:13:17.332Z,1,4,true
2019-06-24T05:19:36.444Z,1,5,true
2019-06-24T05:24:34.338Z,1,6,true
2019-06-24T05:32:04.395Z,1,7,true
2019-06-24T05:41:43.715Z,1,8,true
2019-06-24T05:53:33.680Z,1,9,true
2019-06-24T05:58:09.064Z,1,1,true
2019-06-24T06:04:07.182Z,1,2,true
2019-06-24T06:07:35.023Z,1,3,true
2019-06-24T06:13:54.713Z,1,4,true
2019-06-24T06:21:51.374Z,1,5,true
2019-06-24T06:28:56.064Z,1,6,true
2019-06-24T06:39:32.085Z,1,7,true
2019-06-24T06:48:35.823Z,1,8,true
2019-06-24T06:56:57.593Z,1,9,true
2019-06-24T07:04:14.985Z,1,1,true
2019-06-24T07:10:05.377Z,1,2,true
2019-06-24T07:14:38.704Z,1,3,true
2019-06-24T07:21:01.184Z,1,4,true
2019-06-24T07:32:00.534Z,1,5,true
2019-06-24T07:38:56.456Z,1,6,true
2019-06-24T07:48:11.276Z,1,7,true
2019-06-24T08:00:21.926Z,1,8,true
2019-06-24T08:09:10.018Z,1,9,true
2019-06-24T08:15:03.202Z,1,1,true
2019-06-24T08:21:59.679Z,1,2,true
2019-06-24T08:28:12.146Z,1,3,true
2019-06-24T08:35:58.598Z,1,4,true
2019-06-24T08:43:13.975Z,1,5,true
2019-06-24T08:48:33.337Z,1,6,true
2019-06-24T09:00:32.928Z,1,7,true
2019-06-24T09:10:29.295Z,1,8,true
2019-06-24T09:19:05.467Z,1,9,true
2019-06-24T09:24:43.459Z,1,1,true
2019-06-24T09:30:24.461Z,1,2,true
2019-06-24T09:35:39.500Z,1,3,true
2019-06-24T09:40:16.615Z,1,4,true
2019-06-24T10:01:50.985Z,1,5,true
2019-06-24T10:09:01.037Z,1,6,true
2019-06-24T10:19:39.847Z,1,7,true
2019-06-24T10:29:09.006Z,1,8,true
2019-06-24T10:37:23.721Z,1,9,true
2019-06-24T10:43:24.465Z,1,1,true
2019-06-24T10:47:28.112Z,1,2,true
2019-06-24T10:53:30.946Z,1,3,true
2019-06-24T10:58:16.916Z,1,4,true
2019-06-24T11:03:59.365Z,1,5,true
2019-06-24T11:09:02.157Z,1,6,true
2019-06-24T11:20:17.243Z,1,7,true
2019-06-24T11:32:13.203Z,1,8,true
2019-06-24T11:41:52.958Z,1,9,true
2019-06-24T11:47:14.078Z,1,1,true
2019-06-24T11:52:04.425Z,1,2,true
2019-06-24T11:57:56.682Z,1,3,true
2019-06-24T12:02:39.190Z,1,4,true
2019-06-24T12:09:50.472Z,1,5,true
2019-06-24T12:16:06.139Z,1,6,true
2019-06-24T12:27:49.880Z,1,7,true
2019-06-24T12:39:21.124Z,1,8,true
2019-06-24T12:48:24.645Z,1,9,true
2019-06-24T12:56:45.450Z,1,1,true
2019-06-24T13:01:46.614Z,1,2,true
2019-06-24T13:07:54.492Z,1,3,true
2019-06-24T13:13:59.115Z,1,4,true
2019-06-24T13:19:12.483Z,1,5,true
2019-06-24T13:25:51.520Z,1,6,true
2019-06-24T13:35:20.186Z,1,7,true
2019-06-24T13:46:57.001Z,1,8,true
2019-06-24T13:57:28.870Z,1,9,true
2019-06-24T14:05:52.574Z,1,1,true
2019-06-24T14:12:48.215Z,1,2,true
2019-06-24T14:19:04.375Z,1,3,true
2019-06-24T14:25:36.759Z,1,4,true
2019-06-24T14:29:04.183Z,1,5,true
2019-06-24T14:36:34.604Z,1,6,true
2019-06-24T14:45:06.665Z,1,7,true
2019-06-24T14:55:37.920Z,1,8,true
2019-06-24T15:06:45.10Z,1,9,true
2019-06-24T15:13:48.340Z,1,1,true
2019-06-24T15:19:37.502Z,1,2,true
2019-06-24T15:25:24.134Z,1,3,true
2019-06-24T15:31:08.972Z,1,4,true
2019-06-24T15:39:08.354Z,1,5,true
2019-06-24T15:46:00.418Z,1,6,true
2019-06-24T15:55:32.815Z,1,7,true
2019-06-24T16:07:52.409Z,1,8,true
2019-06-24T16:19:38.117Z,1,9,true
2019-06-24T16:27:39.885Z,1,1,true
2019-06-24T16:35:03.459Z,1,2,true
2019-06-24T16:39:13.125Z,1,3,true
2019-06-24T16:46:44.648Z,1,4,true
2019-06-24T16:52:03.675Z,1,5,true
2019-06-24T16:55:50.696Z,1,6,true
2019-06-24T17:04:41.390Z,1,7,true
2019-06-24T17:17:51.693Z,1,8,true
2019-06-24T17:26:52.835Z,1,9,true
2019-06-24T17:34:21.928Z,1,1,true
2019-06-24T17:43:02.149Z,1,2,true
2019-06-24T17:51:18.491Z,1,3,true
2019-06-24T18:00:33.318Z,1,4,true
2019-06-24T18:05:44.014Z,1,5,true
2019-06-24T18:11:47.300Z,1,6,true
2019-06-24T18:24:08.535Z,1,7,true
2019-06-24T18:35:05.287Z,1,8,true
2019-06-24T18:45:12.752Z,1,9,true
2019-06-24T18:51:24.572Z,1,1,true
2019-06-24T18:56:36.465Z,1,2,true
2019-06-24T19:01:11.719Z,1,3,true
2019-06-24T19:07:30.508Z,1,4,true
2019-06-24T19:11:20.231Z,1,5,true
2019-06-24T19:16:55.556Z,1,6,true
2019-06-24T19:25:20.305Z,1,7,true
2019-06-24T19:35:29.613Z,1,8,true
2019-06-24T19:45:26.493Z,1,9,true
2019-06-24T19:52:22.709Z,1,1,true
2019-06-24T19:57:36.752Z,1,2,true
2019-06-24T20:04:32.153Z,1,3,true
2019-06-24T20:10:48.062Z,1,4,true
2019-06-24T20:19:02.237Z,1,5,true
2019-06-24T20:23:01.936Z,1,6,true
2019-06-24T20:33:14.138Z,1,7,true
2019-06-24T20:44:37.121Z,1,8,true
2019-06-24T20:57:50.709Z,1,9,true
2019-06-24T21:03:31.862Z,1,1,true
2019-06-24T21:10:01.391Z,1,2,true
2019-06-24T21:18:22.388Z,1,3,true
2019-06-24T21:26:20.011Z,1,4,true
2019-06-24T21:34:48.246Z,1,5,true
2019-06-24T21:41:55.216Z,1,6,true
2019-06-24T21:51:04.530Z,1,7,true
2019-06-24T22:01:50.870Z,1,8,true
2019-06-24T22:13:01.879Z,1,9,true
2019-06-24T22:19:14.789Z,1,1,true
2019-06-24T22:25:00.249Z,1,2,true
2019-06-24T22:29:49.967Z,1,3,true
2019-06-24T22:35:18.020Z,1,4,true
2019-06-24T22:42:16.722Z,1,5,true
2019-06-24T22:50:23.247Z,1,6,true
2019-06-24T23:00:02.936Z,1,7,true
2019-06-24T23:12:50.841Z,1,8,true
2019-06-24T23:18:48.830Z,1,9,true
2019-06-24T23:26:44.101Z,1,1,true
2019-06-24T23:34:58.648Z,1,2,true
2019-06-24T23:43:28.992Z,1,3,true
2019-06-24T23:46:30.809Z,1,4,true
2019-06-24T23:53:24.689Z,1,5,true
2019-06-25T00:00:13.556Z,1,6,true
2019-06-25T00:09:59.898Z,1,7,true
2019-06-25T00:19:42.051Z,1,8,true
2019-06-25T00:27:50.387Z,1,9,true
2019-06-25T00:32:15.930Z,1,1,true
2019-06-25T00:36:51.547Z,1,2,true
2019-06-25T00:41:08.498Z,1,3,true
2019-06-25T00:45:31.005Z,1,4,true
2019-06-25T00:50:24.609Z,1,5,true
2019-06-25T00:54:17.112Z,1,6,true
2019-06-25T01:02:24.938Z,1,7,true
2019-06-25T01:09:37.123Z,1,8,true
2019-06-25T01:13:53.233Z,1,9,true
2019-06-25T01:18:02.080Z,1,1,true
2019-06-25T01:22:06.830Z,1,2,true
2019-06-25T01:26:11.356Z,1,3,true
2019-06-25T01:30:52.151Z,1,4,true
2019-06-25T01:35:54.803Z,1,5,true
2019-06-25T01:40:25.106Z,1,6,true
2019-06-25T01:48:51.876Z,1,7,true
2019-06-25T01:57:18.610Z,1,8,true
2019-06-25T02:06:48.306Z,1,9,true
2019-06-25T02:11:08.293Z,1,1,false
2019-06-25T02:15:05.513Z,1,2,true
2019-06-25T02:18:29.410Z,1,3,true
2019-06-25T02:24:12.740Z,1,4,true
2019-06-25T02:30:10.894Z,1,5,true
2019-06-25T02:33:45.567Z,1,6,true
2019-06-25T02:42:46.023Z,1,7,true
2019-06-25T02:52:28.201Z,1,8,true
2019-06-25T03:00:57.522Z,1,9,true
2019-06-25T03:05:25.421Z,1,1,true
2019-06-25T03:09:28.888Z,1,2,true
2019-06-25T03:13:10.845Z,1,3,true
2019-06-25T03:17:51.022Z,1,4,true
2019-06-25T03:25:36.299Z,1,5,true
2019-06-25T03:28:38.902Z,1,6,true
2019-06-25T03:36:42.359Z,1,7,true
2019-06-25T03:45:59.650Z,1,8,true
2019-06-25T03:53:57.077Z,1,9,true
2019-06-25T03:58:41.307Z,1,1,true
2019-06-25T04:02:42.047Z,1,2,true
2019-06-25T04:06:23.103Z,1,3,true
2019-06-25T04:10:44.028Z,1,4,true
2019-06-25T04:23:23.027Z,1,5,true
2019-06-25T04:27:32.916Z,1,6,true
2019-06-25T04:35:57.303Z,1,7,true
2019-06-25T04:45:02.717Z,1,8,true
2019-06-25T04:52:38.874Z,1,9,true
2019-06-25T04:57:01.298Z,1,1,true
2019-06-25T05:00:23.865Z,1,2,true
2019-06-25T05:03:51.131Z,1,3,true
2019-06-25T05:07:52.311Z,1,4,true
2019-06-25T05:14:38.240Z,1,5,true
2019-06-25T05:18:19.172Z,1,6,true
2019-06-25T05:26:11.229Z,1,7,true
2019-06-25T05:34:21.272Z,1,8,true
2019-06-25T05:42:40.993Z,1,9,true
2019-06-25T05:46:31.978Z,1,1,true
2019-06-25T05:49:32.628Z,1,2,true
2019-06-25T05:52:42.158Z,1,3,true
2019-06-25T05:56:14.670Z,1,4,true
2019-06-25T06:02:34.230Z,1,5,true
2019-06-25T06:05:30.500Z,1,6,true
2019-06-25T06:15:07.175Z,1,7,true
2019-06-25T06:23:46.293Z,1,8,true
2019-06-25T06:31:35.926Z,1,9,true
2019-06-25T06:35:59.613Z,1,1,true
2019-06-25T06:39:35.498Z,1,2,true
2019-06-25T06:43:13.327Z,1,3,true
2019-06-25T06:46:25.540Z,1,4,true
2019-06-25T06:55:24.345Z,1,5,true
2019-06-25T06:58:48.839Z,1,6,true
2019-06-25T07:06:45.844Z,1,7,true
2019-06-25T07:21:05.633Z,1,8,true
2019-06-25T07:29:06.244Z,1,9,true
2019-06-25T07:33:02.004Z,1,1,true
2019-06-25T07:36:24.240Z,1,2,true
2019-06-25T07:39:31.729Z,1,3,true
2019-06-25T07:43:37.754Z,1,4,true
2019-06-25T07:49:29.105Z,1,5,true
2019-06-25T07:52:46.682Z,1,6,true
2019-06-25T08:00:59.190Z,1,7,true
2019-06-25T08:09:52.218Z,1,8,true
2019-06-25T08:16:41.730Z,1,9,true
2019-06-25T08:21:04.723Z,1,1,true
2019-06-25T08:24:27.593Z,1,2,true
2019-06-25T08:27:16.156Z,1,3,true
2019-06-25T08:30:51.921Z,1,4,true
2019-06-25T08:38:09.136Z,1,5,true
2019-06-25T08:41:08.984Z,1,6,true
2019-06-25T08:49:08.246Z,1,7,true
2019-06-25T08:58:42.412Z,1,8,true
2019-06-25T09:06:33.948Z,1,9,true
2019-06-25T09:10:30.719Z,1,1,true
2019-06-25T09:14:34.775Z,1,2,true
2019-06-25T09:18:12.127Z,1,3,true
2019-06-25T09:22:00.100Z,1,4,true
2019-06-25T09:26:05.597Z,1,5,true
2019-06-25T09:29:05.123Z,1,6,true
2019-06-25T09:37:07.909Z,1,7,true
2019-06-25T09:45:18.064Z,1,8,true
2019-06-25T09:53:59.551Z,1,9,true
2019-06-25T09:59:04.618Z,1,1,true
2019-06-25T10:02:20.759Z,1,2,true
2019-06-25T10:06:03.355Z,1,3,true
2019-06-25T10:10:20.697Z,1,4,true
2019-06-25T10:15:30.963Z,1,5,true
2019-06-25T10:19:14.359Z,1,6,true
2019-06-25T10:27:32.306Z,1,7,true
2019-06-25T10:34:38.672Z,1,8,true
2019-06-25T10:42:34.485Z,1,9,true
2019-06-25T10:46:37.557Z,1,1,true
2019-06-25T10:49:18.731Z,1,2,true
2019-06-25T10:52:07.823Z,1,3,true
2019-06-25T10:55:27.174Z,1,4,true
2019-06-25T11:00:29.481Z,1,5,true
2019-06-25T11:03:00.403Z,1,6,true
2019-06-25T11:11:02.532Z,1,7,true
2019-06-25T11:19:20.643Z,1,8,true
2019-06-25T11:26:42.079Z,1,9,true
2019-06-25T11:30:36.692Z,1,1,true
2019-06-25T11:33:23.564Z,1,2,true
2019-06-25T11:36:46.056Z,1,3,true
2019-06-25T11:40:18.206Z,1,4,true
2019-06-25T11:47:24.779Z,1,5,true
2019-06-25T11:50:44.989Z,1,6,true
2019-06-25T11:58:13.766Z,1,7,true
2019-06-25T12:06:36.101Z,1,8,true
2019-06-25T12:14:43.579Z,1,9,true
2019-06-25T12:18:59.140Z,1,1,true
2019-06-25T12:22:01.164Z,1,2,true
2019-06-25T12:24:59.842Z,1,3,true
2019-06-25T12:28:48.421Z,1,4,true
2019-06-25T12:37:20.078Z,1,5,true
2019-06-25T12:40:23.573Z,1,6,true
2019-06-25T12:48:20.278Z,1,7,true
2019-06-25T12:58:08.062Z,1,8,true
2019-06-25T13:05:42.988Z,1,9,true
2019-06-25T13:09:45.419Z,1,1,true
2019-06-25T13:12:23.449Z,1,2,true
2019-06-25T13:15:31.908Z,1,3,true
2019-06-25T13:18:53.156Z,1,4,true
2019-06-25T13:25:42.576Z,1,5,true
2019-06-25T13:28:35.336Z,1,6,true
2019-06-25T13:36:03.284Z,1,7,true
2019-06-25T13:44:42.379Z,1,8,true
2019-06-25T13:52:16.438Z,1,9,true
2019-06-25T13:55:43.412Z,1,1,true
2019-06-25T13:58:59.586Z,1,2,true
2019-06-25T14:01:58.106Z,1,3,true
2019-06-25T14:04:51.258Z,1,4,true
2019-06-25T14:09:32.596Z,1,5,true
2019-06-25T14:12:36.565Z,1,6,true
2019-06-25T14:21:07.266Z,1,7,true
2019-06-25T14:29:14.323Z,1,8,true
2019-06-25T14:37:17.367Z,1,9,true
2019-06-25T14:40:57.424Z,1,1,true
2019-06-25T14:43:42.787Z,1,2,true
2019-06-25T14:45:59.827Z,1,3,true
2019-06-25T14:49:07.982Z,1,4,true
2019-06-25T14:52:25.456Z,1,5,true
2019-06-25T14:55:36.096Z,1,6,true
2019-06-25T15:03:48.167Z,1,7,true
2019-06-25T15:11:42.760Z,1,8,true
2019-06-25T15:19:35.688Z,1,9,true
2019-06-25T15:23:11.428Z,1,1,true
2019-06-25T15:25:36.228Z,1,2,true
2019-06-25T15:28:34.715Z,1,3,true
2019-06-25T15:32:04.386Z,1,4,true
2019-06-25T15:36:43.354Z,1,5,true
2019-06-25T15:39:51.925Z,1,6,true
2019-06-25T15:48:28.133Z,1,7,true
2019-06-25T15:56:28.977Z,1,8,true
2019-06-25T16:04:37.267Z,1,9,true
2019-06-25T16:08:11.565Z,1,1,true
2019-06-25T16:10:32.826Z,1,2,true
2019-06-25T16:13:11.185Z,1,3,true
2019-06-25T16:17:28.261Z,1,4,true
2019-06-25T16:20:57.725Z,1,5,true
2019-06-25T16:23:52.673Z,1,6,true
2019-06-25T16:30:41.541Z,1,7,true
2019-06-25T16:39:12.183Z,1,8,true
2019-06-25T16:46:53.977Z,1,9,true
2019-06-25T16:50:57.483Z,1,1,true
2019-06-25T16:54:25.212Z,1,2,true
2019-06-25T16:57:35.526Z,1,3,true
2019-06-25T17:01:14.632Z,1,4,true
2019-06-25T17:05:59.547Z,1,5,true
2019-06-25T17:09:01.902Z,1,6,true
2019-06-25T17:16:08.913Z,1,7,true
2019-06-25T17:24:10.658Z,1,8,true
2019-06-25T17:32:07.576Z,1,9,true
2019-06-25T17:36:14.850Z,1,1,true
2019-06-25T17:39:16.444Z,1,2,true
2019-06-25T17:42:31.026Z,1,3,true
2019-06-25T17:47:10.897Z,1,4,true
2019-06-25T17:51:32.728Z,1,5,true
2019-06-25T17:55:01.513Z,1,6,true
2019-06-25T18:03:28.746Z,1,7,true
2019-06-25T18:12:06.250Z,1,8,true
2019-06-25T18:19:54.031Z,1,9,true
2019-06-25T18:23:26.348Z,1,1,true
2019-06-25T18:26:21.070Z,1,2,true
2019-06-25T18:29:26.920Z,1,3,true
2019-06-25T18:32:34.272Z,1,4,true
2019-06-25T18:36:03.058Z,1,5,true
2019-06-25T18:38:43.004Z,1,6,true
2019-06-25T18:46:36.624Z,1,7,true
2019-06-25T19:07:20.171Z,1,8,true
2019-06-25T19:15:36.469Z,1,9,true
2019-06-25T19:19:19.053Z,1,1,true
2019-06-25T19:22:20.158Z,1,2,true
2019-06-25T19:24:49.730Z,1,3,true
2019-06-25T19:28:12.363Z,1,4,true
2019-06-25T19:32:18.582Z,1,5,true
2019-06-25T19:35:09.751Z,1,6,true
2019-06-25T19:42:47.002Z,1,7,true
2019-06-25T19:51:25.281Z,1,8,true
2019-06-25T20:00:11.199Z,1,9,true
2019-06-25T20:04:09.401Z,1,1,true
2019-06-25T20:07:30.004Z,1,2,true
2019-06-25T20:10:45.852Z,1,3,true
2019-06-25T20:14:13.201Z,1,4,true
2019-06-25T20:17:50.481Z,1,5,true
2019-06-25T20:21:04.741Z,1,6,true
2019-06-25T20:29:03.989Z,1,7,true
2019-06-25T20:37:44.678Z,1,8,true
2019-06-25T20:45:18.476Z,1,9,true
2019-06-25T20:49:01.425Z,1,1,true
2019-06-25T20:52:08.623Z,1,2,true
2019-06-25T20:54:45.036Z,1,3,true
2019-06-25T20:57:46.521Z,1,4,true
2019-06-25T21:01:27.784Z,1,5,true
2019-06-25T21:04:55.102Z,1,6,true
2019-06-25T21:13:19.754Z,1,7,true
2019-06-25T21:21:38.716Z,1,8,true
2019-06-25T21:29:52.032Z,1,9,true
2019-06-25T21:33:37.889Z,1,1,true
2019-06-25T21:36:47.890Z,1,2,true
2019-06-25T21:40:02.407Z,1,3,true
2019-06-25T21:43:06.831Z,1,4,true
2019-06-25T22:20:41.908Z,1,5,true
2019-06-25T22:23:59.568Z,1,6,true
2019-06-25T22:31:35.663Z,1,7,true
2019-06-25T22:40:08.153Z,1,8,true
2019-06-25T22:48:20.178Z,1,9,true
2019-06-25T22:51:40.389Z,1,1,true
2019-06-25T22:54:53.157Z,1,2,true
2019-06-25T22:57:39.865Z,1,3,true
2019-06-25T23:00:24.150Z,1,4,true
2019-06-25T23:03:40.539Z,1,5,true
2019-06-25T23:06:43.971Z,1,6,true
2019-06-25T23:14:34.907Z,1,7,true
2019-06-25T23:23:22.987Z,1,8,true
2019-06-25T23:31:04.488Z,1,9,true
2019-06-25T23:34:22.214Z,1,1,true
2019-06-25T23:36:59.742Z,1,2,true
2019-06-25T23:40:18.006Z,1,3,true
2019-06-25T23:43:50.144Z,1,4,true
2019-06-25T23:48:07.140Z,1,5,true
2019-06-25T23:51:07.356Z,1,6,true
2019-06-25T23:59:48.028Z,1,7,true
2019-06-26T00:08:45.416Z,1,8,true
2019-06-26T00:12:03.788Z,1,9,true
2019-06-26T00:15:52.414Z,1,1,true
2019-06-26T00:18:47.888Z,1,2,true
2019-06-26T00:21:47.664Z,1,3,true
2019-06-26T00:25:36.556Z,1,4,true
2019-06-26T00:29:30.190Z,1,5,true
2019-06-26T00:32:38.947Z,1,6,true
2019-06-26T00:40:54.065Z,1,7,true
2019-06-26T00:50:24.321Z,1,8,true
2019-06-26T00:59:19.286Z,1,9,true
2019-06-26T01:02:28.669Z,1,1,true
2019-06-26T01:05:34.815Z,1,2,true
2019-06-26T01:08:45.707Z,1,3,true
2019-06-26T01:11:55.214Z,1,4,true
2019-06-26T01:15:23.618Z,1,5,true
2019-06-26T01:18:32.090Z,1,6,true
2019-06-26T01:26:26.992Z,1,7,true
2019-06-26T01:35:07.038Z,1,8,true
2019-06-26T01:42:24.265Z,1,9,true
2019-06-26T01:46:08.704Z,1,1,true
2019-06-26T01:48:38.919Z,1,2,true
2019-06-26T01:51:33.404Z,1,3,true
2019-06-26T01:55:10.193Z,1,4,true
2019-06-26T01:59:06.691Z,1,5,true
2019-06-26T02:02:26.540Z,1,6,true
2019-06-26T02:09:51.892Z,1,7,true
2019-06-26T02:17:14.731Z,1,8,true
2019-06-26T02:25:34.093Z,1,9,true
2019-06-26T02:28:42.413Z,1,1,true
2019-06-26T02:31:56.224Z,1,2,true
2019-06-26T02:35:15.306Z,1,3,true
2019-06-26T02:38:29.167Z,1,4,true
2019-06-26T02:43:00.670Z,1,5,true
2019-06-26T02:45:27.698Z,1,6,true
2019-06-26T02:53:22.488Z,1,7,true
2019-06-26T03:01:01.629Z,1,8,true
2019-06-26T03:08:13.130Z,1,9,true
2019-06-26T03:11:31.966Z,1,1,true
2019-06-26T03:14:43.470Z,1,2,true
2019-06-26T03:17:20.106Z,1,3,true
2019-06-26T03:20:28.571Z,1,4,true
2019-06-26T03:24:35.895Z,1,5,true
2019-06-26T03:28:09.933Z,1,6,true
2019-06-26T03:36:07.621Z,1,7,true
2019-06-26T03:44:36.427Z,1,8,true
2019-06-26T03:51:51.635Z,1,9,true
2019-06-26T03:55:33.071Z,1,1,true
2019-06-26T03:59:02.938Z,1,2,true
2019-06-26T04:02:31.832Z,1,3,true
2019-06-26T04:15:29.906Z,1,4,true
2019-06-26T04:22:58.535Z,1,5,true
2019-06-26T04:25:58.204Z,1,6,true
2019-06-26T04:33:19.361Z,1,7,true
2019-06-26T04:41:48.546Z,1,8,true
2019-06-26T04:49:36.782Z,1,9,true
2019-06-26T04:53:42.034Z,1,1,true
2019-06-26T04:57:06.163Z,1,2,true
2019-06-26T05:00:07.421Z,1,3,true
2019-06-26T05:03:43.913Z,1,4,true
2019-06-26T05:10:10.827Z,1,5,true
2019-06-26T05:13:02.479Z,1,6,true
2019-06-26T05:20:08.924Z,1,7,true
2019-06-26T05:28:41.817Z,1,8,true
2019-06-26T05:36:45.470Z,1,9,true
2019-06-26T05:40:48.893Z,1,1,true
2019-06-26T05:44:16.109Z,1,2,true
2019-06-26T05:47:33.106Z,1,3,true
2019-06-26T05:51:06.908Z,1,4,true
2019-06-26T05:57:04.586Z,1,5,true
2019-06-26T06:00:24.486Z,1,6,true
2019-06-26T06:08:27.101Z,1,7,true
2019-06-26T06:16:06.415Z,1,8,true
2019-06-26T06:24:10.454Z,1,9,true
2019-06-26T06:28:09.197Z,1,1,true
2019-06-26T06:31:24.151Z,1,2,true
2019-06-26T06:34:19.477Z,1,3,true
2019-06-26T06:38:08.272Z,1,4,true
2019-06-26T07:52:40.534Z,1,5,true
2019-06-26T07:55:38.390Z,1,6,true
2019-06-26T08:03:22.527Z,1,7,true
2019-06-26T08:10:51.471Z,1,8,true
2019-06-26T08:18:22.583Z,1,9,true
2019-06-26T08:22:26.759Z,1,1,true
2019-06-26T08:25:37.733Z,1,2,true
2019-06-26T08:28:50.093Z,1,3,true
2019-06-26T08:32:48.473Z,1,4,true
2019-06-26T10:27:31.677Z,1,5,true
2019-06-26T10:30:15.132Z,1,6,true
2019-06-26T10:37:53.256Z,1,7,true
2019-06-26T10:45:55.570Z,1,8,true
2019-06-26T10:53:51.651Z,1,9,true
2019-06-26T10:57:33.294Z,1,1,true
2019-06-26T11:01:05.618Z,1,2,true
2019-06-26T11:04:29.730Z,1,3,true
2019-06-26T11:08:41.207Z,1,4,true
2019-06-26T11:31:09.344Z,1,5,true
2019-06-26T11:34:56.347Z,1,6,true
2019-06-26T11:42:38.245Z,1,7,true
2019-06-26T11:51:12.460Z,1,8,true
2019-06-26T11:59:41.787Z,1,9,true
2019-06-26T12:03:49.825Z,1,1,true
2019-06-26T12:07:50.436Z,1,2,true
2019-06-26T12:11:34.619Z,1,3,true
2019-06-26T12:14:58.279Z,1,4,true
2019-06-26T12:21:59.889Z,1,5,true
2019-06-26T12:25:33.191Z,1,6,true
2019-06-26T12:33:03.287Z,1,7,true
2019-06-26T12:42:11.261Z,1,8,true
2019-06-26T12:49:54.760Z,1,9,true
2019-06-26T12:53:52.619Z,1,1,true
2019-06-26T12:57:18.806Z,1,2,true
2019-06-26T13:00:16.109Z,1,3,true
2019-06-26T13:04:03.382Z,1,4,true
2019-06-26T13:09:10.844Z,1,5,true
2019-06-26T13:12:30.454Z,1,6,true
2019-06-26T13:20:03.023Z,1,7,true
2019-06-26T13:28:34.524Z,1,8,true
2019-06-26T13:37:23.215Z,1,9,true
2019-06-26T13:41:56.108Z,1,1,true
2019-06-26T13:45:00.156Z,1,2,true
2019-06-26T13:47:55.628Z,1,3,true
2019-06-26T13:51:24.826Z,1,4,true
2019-06-26T13:56:13.049Z,1,5,true
2019-06-26T14:00:20.126Z,1,6,true
2019-06-26T14:07:46.015Z,1,7,true
2019-06-26T14:17:01.902Z,1,8,true
2019-06-26T14:25:26.841Z,1,9,true
2019-06-26T14:28:56.573Z,1,1,true
2019-06-26T14:32:07.242Z,1,2,true
2019-06-26T14:35:22.027Z,1,3,true
2019-06-26T14:39:23.645Z,1,4,true
2019-06-26T14:44:56.946Z,1,5,true
2019-06-26T14:47:50.377Z,1,6,true
2019-06-26T14:56:34.829Z,1,7,true
2019-06-26T15:06:55.116Z,1,8,true
2019-06-26T15:15:34.522Z,1,9,true
2019-06-26T15:19:15.183Z,1,1,true
2019-06-26T15:22:13.925Z,1,2,true
2019-06-26T15:25:34.956Z,1,3,true
2019-06-26T15:28:21.127Z,1,4,true
2019-06-26T15:33:04.313Z,1,5,true
2019-06-26T15:35:55.673Z,1,6,true
2019-06-26T15:44:40.776Z,1,7,true
2019-06-26T15:53:16.065Z,1,8,true
2019-06-26T16:01:23.478Z,1,9,true
2019-06-26T16:05:23.121Z,1,1,true
2019-06-26T16:08:26.672Z,1,2,true
2019-06-26T16:11:11.878Z,1,3,true
2019-06-26T16:14:31.195Z,1,4,true
2019-06-26T16:19:08.675Z,1,5,true
2019-06-26T16:22:32.958Z,1,6,true
2019-06-26T16:30:39.925Z,1,7,true
2019-06-26T16:38:31.378Z,1,8,true
2019-06-26T16:46:56.746Z,1,9,true
2019-06-26T16:51:58.969Z,1,1,true
2019-06-26T16:55:35.635Z,1,2,true
2019-06-26T16:58:38.982Z,1,3,true
2019-06-26T17:02:31.026Z,1,4,true
2019-06-26T17:07:38.291Z,1,5,true
2019-06-26T17:10:56.591Z,1,6,true
2019-06-26T17:19:46.484Z,1,7,true
2019-06-26T20:13:14.966Z,1,8,true
2019-06-26T20:21:55.370Z,1,9,true
2019-06-26T20:26:08.796Z,1,1,true
2019-06-26T20:29:23.058Z,1,2,true
2019-06-26T20:32:22.314Z,1,3,true
2019-06-26T20:35:57.776Z,1,4,true
2019-06-26T20:39:54.040Z,1,5,true
2019-06-26T20:43:00.115Z,1,6,true
2019-06-26T20:50:36.438Z,1,7,true
2019-06-26T23:48:58.362Z,1,8,true
2019-06-26T23:57:13.948Z,1,9,true
2019-06-27T00:02:15.655Z,1,1,true
2019-06-27T00:07:28.776Z,1,2,true
2019-06-27T00:14:36.194Z,1,3,true
2019-06-27T00:19:58.988Z,1,4,true
2019-06-27T00:27:24.672Z,1,5,true
2019-06-27T00:33:24.756Z,1,6,true
2019-06-27T00:40:43.696Z,1,7,true
2019-06-27T03:39:38.670Z,1,8,true
2019-06-27T03:48:59.743Z,1,9,true
2019-06-27T03:52:53.502Z,1,1,true
2019-06-27T03:55:30.905Z,1,2,true
2019-06-27T04:01:44.310Z,1,3,true
2019-06-27T04:07:27.701Z,1,4,true
2019-06-27T06:26:30.715Z,1,5,true
2019-06-27T06:31:54.737Z,1,6,true
2019-06-27T06:41:09.934Z,1,7,true
2019-06-27T09:05:11.726Z,1,8,true
2019-06-27T09:14:02.325Z,1,9,true
2019-06-27T09:19:09.490Z,1,1,true
2019-06-27T09:21:18.311Z,1,2,true
2019-06-27T09:27:07.380Z,1,3,true
2019-06-27T09:32:33.829Z,1,4,true
2019-06-27T09:43:23.582Z,1,5,true
2019-06-27T09:48:15.884Z,1,6,true
2019-06-27T09:58:01.818Z,1,7,true
2019-06-27T12:21:53.820Z,1,8,true
2019-06-27T12:30:40.310Z,1,9,true
2019-06-27T12:34:48.370Z,1,1,true
2019-06-27T12:39:07.434Z,1,2,true
2019-06-27T12:44:48.224Z,1,3,true
2019-06-27T12:51:07.675Z,1,4,true
2019-06-27T12:57:16.087Z,1,5,true
2019-06-27T13:05:02.536Z,1,6,true
2019-06-27T13:18:09.296Z,1,7,true
2019-06-27T15:37:14.004Z,1,8,true
2019-06-27T15:46:19.275Z,1,9,true
2019-06-27T15:51:31.282Z,1,1,true
2019-06-27T15:55:19.939Z,1,2,true
2019-06-27T15:59:26.800Z,1,3,true
2019-06-27T16:05:57.945Z,1,4,true
2019-06-27T16:14:15.029Z,1,5,true
2019-06-27T16:23:43.803Z,1,6,true
2019-06-27T16:33:21.498Z,1,7,true
2019-06-27T19:01:36.298Z,1,8,true
2019-06-27T19:10:16.091Z,1,9,true
2019-06-27T19:15:25.211Z,1,1,true
2019-06-27T19:20:01.695Z,1,2,true
2019-06-27T19:24:20.490Z,1,3,true
2019-06-27T19:31:10.667Z,1,4,true
2019-06-27T19:38:10.925Z,1,5,true
2019-06-27T19:44:45.908Z,1,6,true
2019-06-27T19:57:17.783Z,1,7,true
2019-06-27T22:21:43.348Z,1,8,true
2019-06-27T22:31:03.815Z,1,9,true
2019-06-27T22:36:46.292Z,1,1,true
2019-06-27T22:41:30.825Z,1,2,true
2019-06-27T22:48:17.612Z,1,3,true
2019-06-27T22:55:38.926Z,1,4,true
2019-06-27T23:02:51.102Z,1,5,true
2019-06-27T23:08:58.785Z,1,6,true
2019-06-27T23:17:21.062Z,1,7,true
2019-06-28T01:44:34.640Z,1,8,true
2019-06-28T01:54:11.628Z,1,9,true
2019-06-28T01:59:13.765Z,1,1,true
2019-06-28T02:04:24.611Z,1,2,true
2019-06-28T02:10:14.331Z,1,3,true
2019-06-28T02:16:17.341Z,1,4,true
2019-06-28T02:22:20.183Z,1,5,true
2019-06-28T02:27:24.068Z,1,6,true
2019-06-28T02:36:26.895Z,1,7,true
2019-06-28T05:01:40.054Z,1,8,true
2019-06-28T05:11:04.430Z,1,9,true
2019-06-28T05:16:44.256Z,1,1,true
2019-06-28T05:21:51.077Z,1,2,true
2019-06-28T05:25:44.689Z,1,3,true
2019-06-28T05:30:16.300Z,1,4,true
2019-06-28T05:37:24.231Z,1,5,true
2019-06-28T05:41:54.813Z,1,6,true
2019-06-28T05:51:26.522Z,1,7,true
2019-06-28T08:15:57.513Z,1,8,true
2019-06-28T08:24:43.756Z,1,9,true
2019-06-28T08:31:18.807Z,1,1,true
2019-06-28T08:37:10.420Z,1,2,true
2019-06-28T08:42:55.617Z,1,3,true
2019-06-28T08:49:12.929Z,1,4,true
2019-06-28T08:58:09.065Z,1,5,true
2019-06-28T09:02:36.477Z,1,6,true
2019-06-28T09:11:46.014Z,1,7,true
2019-06-28T11:38:44.125Z,1,8,true
2019-06-28T11:48:22.973Z,1,9,true
2019-06-28T11:54:06.256Z,1,1,true
2019-06-28T11:59:32.958Z,1,2,true
2019-06-28T12:04:48.583Z,1,3,true
2019-06-28T12:10:13.035Z,1,4,true
2019-06-28T12:17:15.808Z,1,5,true
2019-06-28T12:21:56.239Z,1,6,true
2019-06-28T12:30:54.590Z,1,7,true
2019-06-28T14:55:44.035Z,1,8,true
2019-06-28T15:04:56.445Z,1,9,true
2019-06-28T15:10:54.999Z,1,1,true
2019-06-28T15:16:21.928Z,1,2,true
2019-06-28T15:21:26.863Z,1,3,true
2019-06-28T15:26:15.009Z,1,4,true
2019-06-28T15:31:31.179Z,1,5,true
2019-06-28T15:36:14.354Z,1,6,true
2019-06-28T15:46:22.695Z,1,7,true
2019-06-28T18:12:28.168Z,1,8,true
2019-06-28T18:21:16.406Z,1,9,true
2019-06-28T18:26:37.005Z,1,1,true
2019-06-28T18:31:45.038Z,1,2,true
2019-06-28T18:37:18.565Z,1,3,true
2019-06-28T18:42:27.414Z,1,4,true
2019-06-28T18:49:30.585Z,1,5,true
2019-06-28T18:54:40.10Z,1,6,true
2019-06-28T19:03:25.147Z,1,7,true
2019-06-28T21:32:13.415Z,1,8,true
2019-06-28T21:41:18.281Z,1,9,true
2019-06-28T21:47:48.653Z,1,1,true
2019-06-28T21:53:44.864Z,1,2,true
2019-06-28T22:00:09.174Z,1,3,true
2019-06-28T22:06:01.971Z,1,4,true
2019-06-28T22:10:58.590Z,1,5,true
2019-06-28T22:15:35.021Z,1,6,true
2019-06-28T22:25:14.969Z,1,7,true
2019-06-29T00:45:54.743Z,1,8,true
2019-06-29T00:56:52.551Z,1,9,true
2019-06-29T01:02:57.350Z,1,1,true
2019-06-29T01:07:47.957Z,1,2,true
2019-06-29T01:13:13.465Z,1,3,true
2019-06-29T01:19:40.507Z,1,4,true
2019-06-29T01:25:47.489Z,1,5,true
2019-06-29T01:30:52.347Z,1,6,true
2019-06-29T01:40:28.976Z,1,7,true
2019-06-29T04:06:32.597Z,1,8,true
2019-06-29T04:16:39.794Z,1,9,true
2019-06-29T04:22:46.280Z,1,1,true
2019-06-29T04:29:19.261Z,1,2,true
2019-06-29T04:34:17.888Z,1,3,true
2019-06-29T04:39:38.226Z,1,4,true
2019-06-29T04:45:12.463Z,1,5,true
2019-06-29T04:49:47.435Z,1,6,true
2019-06-29T04:59:36.572Z,1,7,true
2019-06-29T07:35:05.349Z,1,8,true
2019-06-29T07:44:18.508Z,1,9,true
2019-06-29T07:50:00.057Z,1,1,true
2019-06-29T07:55:14.395Z,1,2,true
2019-06-29T08:00:10.118Z,1,3,true
2019-06-29T08:06:02.112Z,1,4,true
2019-06-29T08:12:38.619Z,1,5,true
2019-06-29T08:17:30.429Z,1,6,true
2019-06-29T08:27:40.339Z,1,7,true
2019-06-29T10:52:33.719Z,1,8,true
2019-06-29T11:01:49.125Z,1,9,true
2019-06-29T11:07:32.627Z,1,1,true
2019-06-29T11:13:01.544Z,1,2,true
2019-06-29T11:17:49.353Z,1,3,true
2019-06-29T11:23:39.614Z,1,4,true
2019-06-29T11:29:54.328Z,1,5,true
2019-06-29T11:33:52.869Z,1,6,true
2019-06-29T11:42:49.327Z,1,7,true
2019-06-29T14:16:06.770Z,1,8,true
2019-06-29T14:24:36.052Z,1,9,true
2019-06-29T14:30:07.539Z,1,1,true
2019-06-29T14:34:50.771Z,1,2,true
2019-06-29T14:38:41.862Z,1,3,true
2019-06-29T14:43:18.118Z,1,4,true
2019-06-29T14:49:30.899Z,1,5,true
2019-06-29T14:54:36.551Z,1,6,true
2019-06-29T15:03:33.949Z,1,7,true
2019-06-29T17:26:52.161Z,1,8,true
2019-06-29T17:35:42.640Z,1,9,true
2019-06-29T17:41:18.978Z,1,1,true
2019-06-29T17:45:56.949Z,1,2,true
2019-06-29T17:50:31.194Z,1,3,true
2019-06-29T17:55:37.456Z,1,4,true
2019-06-29T18:00:25.325Z,1,5,true
2019-06-29T18:03:25.995Z,1,6,true
2019-06-29T18:13:09.658Z,1,7,true
2019-06-29T20:40:01.668Z,1,8,true
2019-06-29T20:48:57.187Z,1,9,true
2019-06-29T20:54:20.723Z,1,1,true
2019-06-29T20:58:57.049Z,1,2,true
2019-06-29T21:03:04.545Z,1,3,true
2019-06-29T21:08:01.164Z,1,4,true
2019-06-29T21:13:06.338Z,1,5,true
2019-06-29T21:17:34.719Z,1,6,true
2019-06-29T21:26:21.685Z,1,7,true
2019-06-29T23:53:46.839Z,1,8,true
2019-06-30T00:02:22.480Z,1,9,true
2019-06-30T00:09:48.258Z,1,1,true
2019-06-30T00:13:28.175Z,1,2,true
2019-06-30T00:19:40.285Z,1,3,true
2019-06-30T00:25:53.504Z,1,4,true
2019-06-30T00:33:27.272Z,1,5,true
2019-06-30T00:40:27.655Z,1,6,true
2019-06-30T00:48:09.660Z,1,7,true
2019-06-30T03:13:31.605Z,1,8,true
2019-06-30T03:25:27.527Z,1,9,true
2019-06-30T03:32:58.393Z,1,1,true
2019-06-30T03:39:45.741Z,1,2,true
2019-06-30T03:46:28.994Z,1,3,true
2019-06-30T03:53:37.253Z,1,4,true
2019-06-30T04:02:27.348Z,1,5,true
2019-06-30T04:09:11.615Z,1,6,true
2019-06-30T04:17:23.313Z,1,7,true
2019-06-30T06:42:35.362Z,1,8,true
2019-06-30T06:52:58.302Z,1,9,true
2019-06-30T07:03:54.183Z,1,1,true
2019-06-30T07:11:24.422Z,1,2,true
2019-06-30T07:20:24.444Z,1,3,true
2019-06-30T07:28:03.476Z,1,4,true
2019-06-30T07:37:49.664Z,1,5,true
2019-06-30T07:45:49.531Z,1,6,true
2019-06-30T07:56:41.374Z,1,7,true
2019-06-30T10:23:44.929Z,1,8,true
2019-06-30T10:32:34.10Z,1,9,true
2019-06-30T10:40:17.10Z,1,1,true
2019-06-30T10:47:08.750Z,1,2,true
2019-06-30T10:53:22.526Z,1,3,true
2019-06-30T11:01:05.993Z,1,4,true
2019-06-30T11:12:55.066Z,1,5,true
2019-06-30T11:19:58.189Z,1,6,true
2019-06-30T11:32:01.857Z,1,7,true
2019-06-30T14:02:36.195Z,1,8,true
2019-06-30T14:15:45.919Z,1,9,true
2019-06-30T14:22:33.836Z,1,1,true
2019-06-30T14:30:09.787Z,1,2,true
2019-06-30T14:36:25.534Z,1,3,true
2019-06-30T14:50:48.654Z,1,4,true
2019-06-30T14:58:58.727Z,1,5,true
2019-06-30T15:02:53.545Z,1,6,true
2019-06-30T15:13:12.078Z,1,7,true
2019-06-30T17:39:51.471Z,1,8,true
2019-06-30T17:49:28.662Z,1,9,true
2019-06-30T17:58:45.271Z,1,1,true
2019-06-30T18:07:40.577Z,1,2,true
2019-06-30T18:15:56.006Z,1,3,true
2019-06-30T18:23:53.115Z,1,4,true
2019-06-30T18:32:23.496Z,1,5,true
2019-06-30T18:36:08.309Z,1,6,true
2019-06-30T18:46:05.935Z,1,7,true
2019-06-30T21:10:18.465Z,1,8,true
2019-06-30T21:22:34.605Z,1,9,true
2019-06-30T21:32:25.764Z,1,1,true
2019-06-30T21:40:19.852Z,1,2,true
2019-06-30T21:47:40.263Z,1,3,true
2019-06-30T21:54:22.313Z,1,4,true
2019-06-30T22:01:22.858Z,1,5,true
2019-06-30T22:07:25.217Z,1,6,true
2019-06-30T22:17:08.101Z,1,7,true
2019-07-01T00:40:55.658Z,1,8,true
2019-07-01T00:49:40.140Z,1,9,true
2019-07-01T00:56:19.314Z,1,1,true
2019-07-01T01:01:41.641Z,1,2,true
2019-07-01T01:07:01.275Z,1,3,true
2019-07-01T01:12:36.269Z,1,4,true
2019-07-01T01:18:57.300Z,1,5,true
2019-07-01T01:24:32.865Z,1,6,true
2019-07-01T01:34:05.346Z,1,7,true
2019-07-01T04:03:25.236Z,1,8,true
2019-07-01T04:12:43.768Z,1,9,true
2019-07-01T04:19:06.039Z,1,1,true
2019-07-01T04:24:10.015Z,1,2,true
2019-07-01T04:29:54.085Z,1,3,true
2019-07-01T04:35:24.791Z,1,4,true
2019-07-01T04:46:40.917Z,1,5,true
2019-07-01T04:52:22.775Z,1,6,true
2019-07-01T05:01:45.598Z,1,7,true
2019-07-01T07:29:07.376Z,1,8,true
2019-07-01T07:38:31.858Z,1,9,true
2019-07-01T07:45:13.697Z,1,1,true
2019-07-01T07:51:12.994Z,1,2,true
2019-07-01T07:56:59.345Z,1,3,true
2019-07-01T08:04:26.459Z,1,4,true
2019-07-01T08:14:38.178Z,1,5,true
2019-07-01T08:21:18.402Z,1,6,true
2019-07-01T08:31:43.450Z,1,7,true
2019-07-01T08:59:01.100Z,1,8,true
2019-07-01T09:06:57.454Z,1,9,true
2019-07-01T09:16:18.951Z,1,1,true
2019-07-01T09:23:19.146Z,1,2,true
2019-07-01T09:29:41.055Z,1,3,true
2019-07-01T09:37:01.906Z,1,4,true
2019-07-01T09:47:05.405Z,1,5,true
2019-07-01T09:53:45.473Z,1,6,true
2019-07-01T10:04:47.160Z,1,7,true
2019-07-01T10:16:25.932Z,1,8,true
2019-07-01T10:27:59.939Z,1,9,true
2019-07-01T10:36:37.298Z,1,1,true
2019-07-01T10:43:43.206Z,1,2,true
2019-07-01T10:49:38.901Z,1,3,true
2019-07-01T11:08:25.475Z,1,4,true
2019-07-01T11:18:12.822Z,1,5,true
2019-07-01T11:24:12.727Z,1,6,true
2019-07-01T11:36:05.063Z,1,7,true
2019-07-01T11:47:15.124Z,1,8,true
2019-07-01T12:00:06.669Z,1,9,true
2019-07-01T12:09:59.209Z,1,1,true
2019-07-01T12:17:03.678Z,1,2,true
2019-07-01T12:25:33.043Z,1,3,true
2019-07-01T12:32:37.069Z,1,4,true
2019-07-01T12:42:50.507Z,1,5,true
2019-07-01T12:49:39.423Z,1,6,true
2019-07-01T13:01:50.826Z,1,7,true
2019-07-01T13:12:27.177Z,1,8,true
2019-07-01T13:20:55.009Z,1,9,true
2019-07-01T13:29:24.280Z,1,1,true
2019-07-01T13:37:07.129Z,1,2,true
2019-07-01T13:44:47.309Z,1,3,true
2019-07-01T13:53:09.971Z,1,4,true
2019-07-01T13:58:44.855Z,1,5,true
2019-07-01T14:07:28.749Z,1,6,true
2019-07-01T14:19:05.286Z,1,7,true
2019-07-01T14:31:04.590Z,1,8,true
2019-07-01T14:39:36.600Z,1,9,true
2019-07-01T14:48:30.784Z,1,1,true
2019-07-01T14:56:35.088Z,1,2,true
2019-07-01T15:05:13.822Z,1,3,true
2019-07-01T15:14:09.629Z,1,4,true
2019-07-01T15:24:00.811Z,1,5,true
2019-07-01T15:26:04.300Z,1,6,true
2019-07-01T15:35:43.367Z,1,7,true
2019-07-01T15:45:58.097Z,1,8,true
2019-07-01T15:54:27.215Z,1,9,true
2019-07-01T15:59:38.359Z,1,1,true
2019-07-01T16:07:41.353Z,1,2,true
2019-07-01T16:15:30.483Z,1,3,true
2019-07-01T16:24:47.588Z,1,4,true
2019-07-01T16:29:18.028Z,1,5,true
2019-07-01T16:39:37.383Z,1,6,true
2019-07-01T16:51:41.554Z,1,7,true
2019-07-01T17:03:04.468Z,1,8,true
2019-07-01T17:15:02.623Z,1,9,true
2019-07-01T17:22:52.931Z,1,1,true
2019-07-01T17:30:27.503Z,1,2,true
2019-07-01T17:38:43.807Z,1,3,true
2019-07-01T17:45:53.102Z,1,4,true
2019-07-01T17:52:05.549Z,1,5,true
2019-07-01T17:58:59.408Z,1,6,true
2019-07-01T18:09:14.373Z,1,7,true
2019-07-01T18:20:46.109Z,1,8,true
2019-07-01T18:33:46.602Z,1,9,true
2019-07-01T18:43:59.409Z,1,1,true
2019-07-01T18:53:32.466Z,1,2,true
2019-07-01T19:02:48.146Z,1,3,true
2019-07-01T19:22:27.293Z,1,4,true
2019-07-01T19:32:34.075Z,1,5,true
2019-07-01T19:42:50.532Z,1,6,true
2019-07-01T19:53:31.143Z,1,7,true
2019-07-01T20:06:15.426Z,1,8,true
2019-07-01T20:17:24.190Z,1,9,true
2019-07-01T20:25:37.263Z,1,1,true
2019-07-01T20:33:10.451Z,1,2,true
2019-07-01T20:40:26.151Z,1,3,true
2019-07-01T20:46:12.219Z,1,4,true
2019-07-01T20:54:03.832Z,1,5,true
2019-07-01T20:58:39.444Z,1,6,true
2019-07-01T21:14:09.314Z,1,7,true
2019-07-01T21:25:57.522Z,1,8,true
2019-07-01T21:34:53.324Z,1,9,true
2019-07-01T21:41:33.150Z,1,1,true
2019-07-01T21:49:18.719Z,1,2,true
2019-07-01T21:57:49.146Z,1,3,true
2019-07-01T22:07:17.805Z,1,4,true
2019-07-01T22:15:59.403Z,1,5,true
2019-07-01T22:23:19.443Z,1,6,true
2019-07-01T22:32:37.123Z,1,7,true
2019-07-01T22:43:46.599Z,1,8,true
2019-07-01T22:58:07.208Z,1,9,true
2019-07-01T23:07:44.069Z,1,1,true
2019-07-01T23:16:37.790Z,1,2,true
2019-07-01T23:24:36.529Z,1,3,true
2019-07-01T23:30:56.467Z,1,4,true
2019-07-01T23:39:56.065Z,1,5,true
2019-07-01T23:46:44.156Z,1,6,true
2019-07-01T23:58:13.755Z,1,7,true
2019-07-02T00:08:15.269Z,1,8,true
2019-07-02T00:19:51.801Z,1,9,true
2019-07-02T00:30:34.843Z,1,1,true
2019-07-02T00:36:14.324Z,1,2,true
2019-07-02T00:45:23.257Z,1,3,true
2019-07-02T00:51:49.313Z,1,4,true
2019-07-02T00:58:41.870Z,1,5,true
2019-07-02T01:06:57.849Z,1,6,true
2019-07-02T01:16:11.883Z,1,7,true
2019-07-02T01:26:42.797Z,1,8,true
2019-07-02T01:40:04.792Z,1,9,true
2019-07-02T01:45:30.296Z,1,1,true
2019-07-02T01:52:42.329Z,1,2,true
2019-07-02T01:59:36.116Z,1,3,true
2019-07-02T02:08:14.406Z,1,4,true
2019-07-02T02:14:12.811Z,1,5,true
2019-07-02T02:21:44.176Z,1,6,true
2019-07-02T02:32:35.059Z,1,7,true
2019-07-02T02:40:41.598Z,1,8,true
2019-07-02T02:53:34.220Z,1,9,true
2019-07-02T03:05:21.681Z,1,1,true
2019-07-02T03:13:48.689Z,1,2,true
2019-07-02T03:22:57.880Z,1,3,true
2019-07-02T03:26:48.000Z,1,4,true
2019-07-02T03:39:01.714Z,1,5,true
2019-07-02T03:47:52.472Z,1,6,true
2019-07-02T03:57:38.226Z,1,7,true
2019-07-02T04:07:34.901Z,1,8,true
2019-07-02T04:18:59.752Z,1,9,true
2019-07-02T04:27:00.572Z,1,1,true
2019-07-02T04:34:06.454Z,1,2,true
2019-07-02T04:42:04.547Z,1,3,true
2019-07-02T04:47:25.649Z,1,4,true
2019-07-02T05:00:24.910Z,1,5,true
2019-07-02T05:08:46.483Z,1,6,true
2019-07-02T05:19:12.748Z,1,7,true
2019-07-02T05:31:21.502Z,1,8,true
2019-07-02T05:38:58.693Z,1,9,true
2019-07-02T05:45:39.511Z,1,1,true
2019-07-02T05:53:39.416Z,1,2,true
2019-07-02T05:59:26.666Z,1,3,true
2019-07-02T06:06:53.424Z,1,4,true
2019-07-02T06:18:46.465Z,1,5,true
2019-07-02T06:22:34.354Z,1,6,true
2019-07-02T06:32:48.185Z,1,7,true
2019-07-02T06:42:17.634Z,1,8,true
2019-07-02T06:56:29.577Z,1,9,true
2019-07-02T07:04:33.723Z,1,1,true
2019-07-02T07:11:52.667Z,1,2,true
2019-07-02T07:18:18.582Z,1,3,true
2019-07-02T07:23:40.080Z,1,4,true
2019-07-02T07:34:17.328Z,1,5,true
2019-07-02T07:41:59.848Z,1,6,true
2019-07-02T07:53:56.425Z,1,7,true
2019-07-02T08:07:10.528Z,1,8,true
2019-07-02T08:17:37.998Z,1,9,true
2019-07-02T08:29:20.615Z,1,1,true
2019-07-02T08:37:55.532Z,1,2,true
2019-07-02T08:45:58.623Z,1,3,true
2019-07-02T08:54:15.314Z,1,4,true
2019-07-02T09:05:06.587Z,1,5,true
2019-07-02T09:13:48.110Z,1,6,true
2019-07-02T09:25:31.787Z,1,7,true
2019-07-02T09:36:46.001Z,1,8,true
2019-07-02T09:50:01.136Z,1,9,true
2019-07-02T09:59:53.617Z,1,1,true
2019-07-02T10:08:52.632Z,1,2,true
2019-07-02T10:12:38.035Z,1,3,true
2019-07-02T10:21:02.022Z,1,4,true
2019-07-02T10:32:54.554Z,1,5,true
2019-07-02T10:43:12.225Z,1,6,true
2019-07-02T10:54:53.912Z,1,7,true
2019-07-02T11:04:19.735Z,1,8,true
2019-07-02T11:17:22.550Z,1,9,true
2019-07-02T11:28:34.821Z,1,1,true
2019-07-02T11:36:56.346Z,1,2,true
2019-07-02T11:46:05.990Z,1,3,true
2019-07-02T11:50:43.602Z,1,4,true
2019-07-02T11:58:45.185Z,1,5,true
2019-07-02T12:08:11.233Z,1,6,true
2019-07-02T12:19:37.246Z,1,7,true
2019-07-02T12:33:20.077Z,1,8,true
2019-07-02T12:43:56.034Z,1,9,true
2019-07-02T12:53:19.811Z,1,1,true
2019-07-02T12:59:59.232Z,1,2,true
2019-07-02T13:07:31.348Z,1,3,true
2019-07-02T13:15:29.738Z,1,4,true
2019-07-02T13:22:30.931Z,1,5,true
2019-07-02T13:30:30.461Z,1,6,true
2019-07-02T13:40:24.770Z,1,7,true
2019-07-02T13:52:28.542Z,1,8,true
2019-07-02T14:06:19.551Z,1,9,true
2019-07-02T14:17:15.226Z,1,1,true
2019-07-02T14:22:22.301Z,1,2,true
2019-07-02T14:32:26.407Z,1,3,true
2019-07-02T14:38:19.173Z,1,4,true
2019-07-02T14:45:20.815Z,1,5,true
2019-07-02T14:53:47.791Z,1,6,true
2019-07-02T15:04:59.202Z,1,7,true
2019-07-02T15:18:10.239Z,1,8,true
2019-07-02T15:28:33.673Z,1,9,true
2019-07-02T15:37:47.153Z,1,1,true
2019-07-02T15:46:28.417Z,1,2,true
2019-07-02T15:55:57.629Z,1,3,true
2019-07-02T16:04:53.835Z,1,4,true
2019-07-02T16:09:46.389Z,1,5,true
2019-07-02T16:16:20.887Z,1,6,true
2019-07-02T16:29:03.810Z,1,7,true
2019-07-02T16:44:33.012Z,1,8,true
2019-07-02T16:55:16.223Z,1,9,true
2019-07-02T17:05:36.764Z,1,1,true
2019-07-02T17:14:50.742Z,1,2,true
2019-07-02T17:23:43.160Z,1,3,true
2019-07-02T17:29:04.515Z,1,4,true
2019-07-02T17:39:50.691Z,1,5,true
2019-07-02T17:49:08.734Z,1,6,true
2019-07-02T17:59:25.641Z,1,7,true
2019-07-02T18:08:55.987Z,1,8,true
2019-07-02T18:19:56.218Z,1,9,true
2019-07-02T18:28:49.362Z,1,1,true
2019-07-02T18:36:38.888Z,1,2,true
2019-07-02T18:45:34.875Z,1,3,true
2019-07-02T18:49:24.287Z,1,4,true
2019-07-02T18:59:05.631Z,1,5,true
2019-07-02T19:07:31.699Z,1,6,true
2019-07-02T19:17:11.903Z,1,7,true
2019-07-02T19:29:59.075Z,1,8,true
2019-07-02T19:42:06.550Z,1,9,true
2019-07-02T19:50:32.365Z,1,1,true
2019-07-02T19:57:58.398Z,1,2,true
2019-07-02T20:06:47.603Z,1,3,true
2019-07-02T20:12:25.605Z,1,4,true
2019-07-02T20:22:17.465Z,1,5,true
2019-07-02T20:30:49.056Z,1,6,true
2019-07-02T20:42:48.130Z,1,7,true
2019-07-02T20:59:00.470Z,1,8,true
2019-07-02T21:11:31.841Z,1,9,true
2019-07-02T21:22:51.752Z,1,1,true
2019-07-02T21:31:07.586Z,1,2,true
2019-07-02T21:38:13.501Z,1,3,true
2019-07-02T21:45:53.233Z,1,4,true
2019-07-02T21:53:44.508Z,1,5,true
2019-07-02T22:02:40.018Z,1,6,true
2019-07-02T22:12:42.127Z,1,7,true
2019-07-02T22:23:43.131Z,1,8,true
2019-07-02T22:32:33.071Z,1,9,true
2019-07-02T22:41:33.888Z,1,1,true
2019-07-02T22:49:52.082Z,1,2,true
2019-07-02T22:57:59.074Z,1,3,true
2019-07-02T23:04:43.670Z,1,4,true
2019-07-02T23:12:49.905Z,1,5,true
2019-07-02T23:20:03.006Z,1,6,true
2019-07-02T23:32:06.702Z,1,7,true
2019-07-02T23:44:33.603Z,1,8,true
2019-07-02T23:53:56.581Z,1,9,true
2019-07-03T00:00:18.584Z,1,1,true
2019-07-03T00:07:20.311Z,1,2,true
2019-07-03T00:13:54.757Z,1,3,true
2019-07-03T00:22:27.094Z,1,4,true
2019-07-03T00:30:32.880Z,1,5,true
2019-07-03T00:36:46.122Z,1,6,true
2019-07-03T00:48:03.158Z,1,7,true
2019-07-03T01:00:03.245Z,1,8,true
2019-07-03T01:12:28.689Z,1,9,true
2019-07-03T01:20:49.988Z,1,1,true
2019-07-03T01:26:57.448Z,1,2,true
2019-07-03T01:33:12.069Z,1,3,true
2019-07-03T01:40:24.718Z,1,4,true
2019-07-03T01:48:14.138Z,1,5,true
2019-07-03T01:55:13.220Z,1,6,true
2019-07-03T02:08:03.564Z,1,7,true
2019-07-03T02:21:08.576Z,1,8,true
2019-07-03T02:33:20.186Z,1,9,true
2019-07-03T02:41:32.442Z,1,1,true
2019-07-03T02:50:19.232Z,1,2,true
2019-07-03T02:58:57.970Z,1,3,true
2019-07-03T03:06:31.933Z,1,4,true
2019-07-03T03:18:14.799Z,1,5,true
2019-07-03T03:25:58.743Z,1,6,true
2019-07-03T03:38:01.463Z,1,7,true
2019-07-03T03:54:02.187Z,1,8,true
2019-07-03T04:07:11.764Z,1,9,true
2019-07-03T04:16:35.886Z,1,1,true
2019-07-03T04:24:46.993Z,1,2,true
2019-07-03T04:34:44.769Z,1,3,true
2019-07-03T04:43:27.619Z,1,4,true
2019-07-03T04:56:19.552Z,1,5,true
2019-07-03T05:03:40.995Z,1,6,true
2019-07-03T05:15:08.463Z,1,7,true
2019-07-03T05:26:16.728Z,1,8,true
2019-07-03T05:38:46.938Z,1,9,true
2019-07-03T05:47:29.644Z,1,1,true
2019-07-03T05:54:59.323Z,1,2,true
2019-07-03T06:03:32.722Z,1,3,true
2019-07-03T06:11:59.313Z,1,4,true
2019-07-03T06:28:08.630Z,1,5,true
2019-07-03T06:37:01.511Z,1,6,true
2019-07-03T06:48:13.183Z,1,7,true
2019-07-03T06:59:08.921Z,1,8,true
2019-07-03T07:10:17.520Z,1,9,true
2019-07-03T07:18:17.132Z,1,1,true
2019-07-03T07:26:39.134Z,1,2,true
2019-07-03T07:34:40.390Z,1,3,true
2019-07-03T07:43:28.830Z,1,4,true
2019-07-03T07:55:53.132Z,1,5,true
2019-07-03T08:04:51.779Z,1,6,true
2019-07-03T08:16:12.726Z,1,7,true
2019-07-03T08:29:08.483Z,1,8,true
2019-07-03T08:40:08.648Z,1,9,true
2019-07-03T08:47:46.100Z,1,1,true
2019-07-03T08:55:17.155Z,1,2,true
2019-07-03T09:03:59.059Z,1,3,true
2019-07-03T09:12:14.167Z,1,4,true
2019-07-03T09:23:44.533Z,1,5,true
2019-07-03T09:31:53.347Z,1,6,true
2019-07-03T09:43:16.864Z,1,7,true
2019-07-03T09:55:01.162Z,1,8,true
2019-07-03T10:07:03.540Z,1,9,true
2019-07-03T10:14:44.216Z,1,1,true
2019-07-03T10:22:37.720Z,1,2,true
2019-07-03T10:29:03.745Z,1,3,true
2019-07-03T10:37:24.631Z,1,4,true
2019-07-03T10:51:20.611Z,1,5,true
2019-07-03T10:59:02.423Z,1,6,true
2019-07-03T11:09:50.995Z,1,7,true
2019-07-03T11:22:00.462Z,1,8,true
2019-07-03T11:34:37.751Z,1,9,true
2019-07-03T11:42:58.043Z,1,1,true
2019-07-03T11:52:02.248Z,1,2,true
2019-07-03T12:01:22.041Z,1,3,true
2019-07-03T12:10:19.975Z,1,4,true
2019-07-03T12:22:30.203Z,1,5,false
2019-07-03T12:25:25.175Z,1,6,true
2019-07-03T12:37:13.986Z,1,7,true
2019-07-03T12:48:05.519Z,1,8,true
2019-07-03T12:59:19.460Z,1,9,true
2019-07-03T13:07:25.011Z,1,1,true
2019-07-03T13:15:08.794Z,1,2,true
2019-07-03T13:23:40.971Z,1,3,true
2019-07-03T13:31:15.119Z,1,4,true
2019-07-03T13:41:37.695Z,1,5,true
2019-07-03T13:48:50.906Z,1,6,true
2019-07-03T14:00:17.525Z,1,7,true
2019-07-03T14:12:05.889Z,1,8,true
2019-07-03T14:24:30.427Z,1,9,true
2019-07-03T14:32:06.352Z,1,1,true
2019-07-03T14:40:18.745Z,1,2,true
2019-07-03T14:49:33.853Z,1,3,true
2019-07-03T14:58:16.221Z,1,4,true
2019-07-03T15:08:58.536Z,1,5,false
2019-07-03T15:12:10.051Z,1,6,true
2019-07-03T15:24:30.506Z,1,7,true
2019-07-03T15:37:18.464Z,1,8,true
2019-07-03T15:48:58.818Z,1,9,true
2019-07-03T15:57:51.040Z,1,1,true
2019-07-03T16:05:38.644Z,1,2,true
2019-07-03T16:14:25.368Z,1,3,true
2019-07-03T16:23:08.363Z,1,4,true
2019-07-03T16:32:22.905Z,1,5,true
2019-07-03T16:41:17.701Z,1,6,true
2019-07-03T16:52:01.089Z,1,7,true
2019-07-03T17:03:09.505Z,1,8,true
2019-07-03T17:15:00.148Z,1,9,true
2019-07-03T17:23:32.776Z,1,1,true
2019-07-03T17:31:46.965Z,1,2,true
2019-07-03T17:40:08.386Z,1,3,true
2019-07-03T17:48:28.441Z,1,4,true
2019-07-03T17:58:08.979Z,1,5,false
2019-07-03T18:01:14.361Z,1,6,true
2019-07-03T18:14:04.183Z,1,7,true
2019-07-03T18:25:09.018Z,1,8,true
2019-07-03T18:37:03.815Z,1,9,true
2019-07-03T18:44:53.246Z,1,1,true
2019-07-03T18:52:55.828Z,1,2,true
2019-07-03T19:01:50.969Z,1,3,true
2019-07-03T19:10:53.299Z,1,4,true
2019-07-03T19:20:07.684Z,1,5,true
2019-07-03T19:27:06.377Z,1,6,true
2019-07-03T19:38:14.203Z,1,7,true
2019-07-03T19:50:05.845Z,1,8,true
2019-07-03T20:01:32.774Z,1,9,true
2019-07-03T20:09:37.955Z,1,1,true
2019-07-03T20:17:23.491Z,1,2,true
2019-07-03T20:24:32.370Z,1,3,true
2019-07-03T20:32:37.992Z,1,4,true
2019-07-03T20:40:44.794Z,1,5,true
2019-07-03T20:48:59.651Z,1,6,true
2019-07-03T21:01:00.441Z,1,7,true
2019-07-03T21:13:23.767Z,1,8,true
2019-07-03T21:24:07.227Z,1,9,true
2019-07-03T21:32:11.227Z,1,1,true
2019-07-03T21:39:42.919Z,1,2,true
2019-07-03T21:47:00.391Z,1,3,true
2019-07-03T21:53:49.649Z,1,4,true
2019-07-03T22:01:56.028Z,1,5,true
2019-07-03T22:10:03.203Z,1,6,true
2019-07-03T22:22:27.449Z,1,7,true
2019-07-03T22:34:48.763Z,1,8,true
2019-07-03T22:46:04.291Z,1,9,true
2019-07-03T22:53:56.069Z,1,1,true
2019-07-03T23:00:18.295Z,1,2,true
2019-07-03T23:07:43.269Z,1,3,true
2019-07-03T23:15:37.133Z,1,4,true
2019-07-03T23:24:04.037Z,1,5,true
2019-07-03T23:33:57.581Z,1,6,true
2019-07-03T23:45:26.728Z,1,7,true
2019-07-03T23:56:28.946Z,1,8,true
2019-07-04T00:08:42.479Z,1,9,true
2019-07-04T00:18:19.685Z,1,1,true
2019-07-04T00:26:56.442Z,1,2,true
2019-07-04T00:35:42.679Z,1,3,true
2019-07-04T00:44:38.591Z,1,4,true
2019-07-04T00:53:30.012Z,1,5,true
2019-07-04T01:00:44.683Z,1,6,true
2019-07-04T01:15:29.819Z,1,7,true
2019-07-04T01:27:50.824Z,1,8,true
2019-07-04T01:38:54.234Z,1,9,true
2019-07-04T01:48:43.402Z,1,1,true
2019-07-04T01:57:17.976Z,1,2,true
2019-07-04T02:07:04.123Z,1,3,true
2019-07-04T02:15:19.204Z,1,4,true
2019-07-04T02:23:57.376Z,1,5,true
2019-07-04T02:27:13.396Z,1,6,true
2019-07-04T02:39:47.575Z,1,7,true
2019-07-04T02:50:49.796Z,1,8,true
2019-07-04T02:59:50.500Z,1,9,true
2019-07-04T03:07:36.421Z,1,1,true
2019-07-04T03:14:08.854Z,1,2,true
2019-07-04T03:22:40.333Z,1,3,true
2019-07-04T03:31:29.045Z,1,4,true
2019-07-04T03:40:12.865Z,1,5,true
2019-07-04T03:48:00.851Z,1,6,true
2019-07-04T03:57:18.266Z,1,7,true
2019-07-04T04:05:30.382Z,1,8,true
2019-07-04T04:17:17.955Z,1,9,true
2019-07-04T04:25:55.603Z,1,1,true
2019-07-04T04:33:40.733Z,1,2,true
2019-07-04T04:40:47.857Z,1,3,true
2019-07-04T04:48:49.660Z,1,4,true
2019-07-04T04:56:01.864Z,1,5,true
2019-07-04T05:02:43.381Z,1,6,true
2019-07-04T05:14:00.785Z,1,7,true
2019-07-04T05:26:13.165Z,1,8,true
2019-07-04T05:38:23.957Z,1,9,true
2019-07-04T05:46:27.380Z,1,1,true
2019-07-04T05:54:40.572Z,1,2,true
2019-07-04T06:03:35.921Z,1,3,true
2019-07-04T06:11:39.349Z,1,4,true
2019-07-04T06:21:57.070Z,1,5,true
2019-07-04T06:30:33.061Z,1,6,true
2019-07-04T06:43:14.923Z,1,7,true
2019-07-04T06:55:45.279Z,1,8,true
2019-07-04T07:06:53.939Z,1,9,false
2019-07-04T07:10:03.736Z,1,1,true
2019-07-04T07:16:53.621Z,1,2,false
2019-07-04T07:19:19.845Z,1,3,false
2019-07-04T07:22:02.340Z,1,4,true
2019-07-04T07:30:42.160Z,1,5,true
2019-07-04T07:38:53.734Z,1,6,true
2019-07-04T07:50:40.133Z,1,7,true
2019-07-04T08:03:07.131Z,1,8,false
2019-07-04T08:06:02.068Z,1,9,false
2019-07-04T08:09:23.799Z,1,1,false
2019-07-04T08:11:59.118Z,1,2,false
2019-07-04T08:14:47.677Z,1,3,false
2019-07-04T08:17:10.604Z,1,4,true
2019-07-04T08:29:01.626Z,1,5,true
2019-07-04T08:37:23.920Z,1,6,true
2019-07-04T08:49:47.831Z,1,7,true
2019-07-04T09:02:19.635Z,1,8,false
2019-07-04T09:05:34.007Z,1,9,false
2019-07-04T09:08:22.787Z,1,1,false
2019-07-04T09:11:04.476Z,1,2,false
2019-07-04T09:14:00.965Z,1,3,false
2019-07-04T09:16:29.432Z,1,4,true
2019-07-04T09:22:10.687Z,1,5,true
2019-07-04T09:29:51.310Z,1,6,false
2019-07-04T09:34:37.721Z,1,7,true
2019-07-04T09:44:47.454Z,1,8,false
2019-07-04T09:48:52.078Z,1,9,false
2019-07-04T09:51:22.187Z,1,1,false
2019-07-04T09:54:30.043Z,1,2,false
2019-07-04T09:56:53.357Z,1,3,false
2019-07-04T09:58:58.062Z,1,4,true
2019-07-04T10:05:57.475Z,1,5,true
2019-07-04T10:16:59.766Z,1,6,false
2019-07-04T10:19:31.736Z,1,7,true
2019-07-04T10:32:09.208Z,1,8,false
2019-07-04T10:34:12.910Z,1,9,false
2019-07-04T10:37:27.497Z,1,1,false
2019-07-04T10:40:11.166Z,1,2,false
2019-07-04T10:43:14.717Z,1,3,false
2019-07-04T10:45:43.492Z,1,4,true
2019-07-04T10:55:32.131Z,1,5,true
2019-07-04T11:03:57.265Z,1,6,false
2019-07-04T11:06:13.324Z,1,7,true
2019-07-04T11:19:01.586Z,1,8,false
2019-07-04T11:22:11.264Z,1,9,false
2019-07-04T11:25:42.658Z,1,1,false
2019-07-04T11:28:21.070Z,1,2,false
2019-07-04T11:30:32.822Z,1,3,false
2019-07-04T11:33:02.990Z,1,4,true
2019-07-04T11:43:36.453Z,1,5,true
2019-07-04T11:51:28.940Z,1,6,false
2019-07-04T11:54:04.964Z,1,7,false
2019-07-04T11:56:28.365Z,1,8,false
2019-07-04T11:59:34.005Z,1,9,false
2019-07-04T12:02:08.111Z,1,1,false
2019-07-04T12:04:26.210Z,1,2,false
2019-07-04T12:07:07.113Z,1,3,false
2019-07-04T12:09:57.501Z,1,4,true
2019-07-04T12:18:33.476Z,1,5,true
2019-07-04T12:26:08.291Z,1,6,false
2019-07-04T12:28:34.385Z,1,7,false
2019-07-04T12:30:40.004Z,1,8,false
2019-07-04T12:33:26.733Z,1,9,false
2019-07-04T12:35:58.996Z,1,1,false
2019-07-04T12:38:45.608Z,1,2,false
2019-07-04T12:40:43.598Z,1,3,false
2019-07-04T12:43:24.716Z,1,4,true
2019-07-04T12:51:33.488Z,1,5,true
2019-07-04T12:58:40.742Z,1,6,false
2019-07-04T13:00:59.798Z,1,7,false
2019-07-04T13:03:26.812Z,1,8,false
2019-07-04T13:06:06.201Z,1,9,false
2019-07-04T13:08:49.848Z,1,1,false
2019-07-04T13:11:10.392Z,1,2,false
2019-07-04T13:13:47.036Z,1,3,false
2019-07-04T13:16:19.704Z,1,4,true
2019-07-04T13:24:35.624Z,1,5,true
2019-07-04T13:31:55.976Z,1,6,false
2019-07-04T13:34:09.790Z,1,7,false
2019-07-04T13:36:37.302Z,1,8,false
2019-07-04T13:39:16.140Z,1,9,false
2019-07-04T13:42:06.921Z,1,1,false
2019-07-04T13:44:30.801Z,1,2,false
2019-07-04T13:46:57.405Z,1,3,false
2019-07-04T13:49:10.261Z,1,4,true
2019-07-04T13:56:27.289Z,1,5,true
2019-07-04T14:02:55.506Z,1,6,false
2019-07-04T14:05:01.947Z,1,7,false
2019-07-04T14:07:22.942Z,1,8,false
2019-07-04T14:10:16.074Z,1,9,false
2019-07-04T14:13:13.540Z,1,1,false
2019-07-04T14:15:28.808Z,1,2,false
2019-07-04T14:17:26.396Z,1,3,false
2019-07-04T14:19:31.194Z,1,4,true
2019-07-04T14:27:13.413Z,1,5,false
2019-07-04T14:29:48.129Z,1,6,false
2019-07-04T14:32:02.848Z,1,7,false
2019-07-04T14:34:18.124Z,1,8,false
2019-07-04T14:36:30.290Z,1,9,false
2019-07-04T14:39:26.288Z,1,1,false
2019-07-04T14:41:37.888Z,1,2,false
2019-07-04T14:43:46.200Z,1,3,false
2019-07-04T14:45:53.707Z,1,4,true
2019-07-04T14:55:41.235Z,1,5,false
2019-07-04T14:58:10.632Z,1,6,false
2019-07-04T15:00:36.421Z,1,7,false
2019-07-04T15:03:43.091Z,1,8,false
2019-07-04T15:06:03.447Z,1,9,false
2019-07-04T15:09:22.002Z,1,1,false
2019-07-04T15:11:36.441Z,1,2,false
2019-07-04T15:13:52.054Z,1,3,false
2019-07-04T15:16:26.849Z,1,4,true
2019-07-04T15:25:30.758Z,1,5,false
2019-07-04T15:28:06.485Z,1,6,false
2019-07-04T15:30:49.203Z,1,7,false
2019-07-04T15:33:26.365Z,1,8,false
2019-07-04T15:36:06.323Z,1,9,false
2019-07-04T15:39:02.129Z,1,1,false
2019-07-04T15:42:08.597Z,1,2,false
2019-07-04T15:44:44.538Z,1,3,false
2019-07-04T15:47:30.641Z,1,4,true
2019-07-04T15:56:42.995Z,1,5,false
2019-07-04T15:59:17.326Z,1,6,false
2019-07-04T16:01:56.282Z,1,7,false
2019-07-04T16:04:51.643Z,1,8,false
2019-07-04T16:07:11.430Z,1,9,false
2019-07-04T16:10:14.076Z,1,1,false
2019-07-04T16:12:51.641Z,1,2,false
2019-07-04T16:15:37.513Z,1,3,false
2019-07-04T16:17:45.528Z,1,4,true
2019-07-04T16:27:04.307Z,1,5,false
2019-07-04T16:29:42.405Z,1,6,false
2019-07-04T16:32:13.717Z,1,7,false
2019-07-04T16:35:01.460Z,1,8,false
2019-07-04T16:37:32.088Z,1,9,false
2019-07-04T16:40:27.869Z,1,1,false
2019-07-04T16:42:54.659Z,1,2,false
2019-07-04T16:45:12.705Z,1,3,false
2019-07-04T16:47:28.082Z,1,4,true
2019-07-04T16:55:45.891Z,1,5,false
2019-07-04T16:58:13.918Z,1,6,false
2019-07-04T17:00:34.079Z,1,7,false
2019-07-04T17:03:36.505Z,1,8,false
2019-07-04T17:05:38.300Z,1,9,false
2019-07-04T17:08:38.262Z,1,1,false
2019-07-04T17:11:06.451Z,1,2,false
2019-07-04T17:13:12.427Z,1,3,false
2019-07-04T17:15:17.330Z,1,4,true
2019-07-04T17:23:36.081Z,1,5,false
2019-07-04T17:26:26.433Z,1,6,false
2019-07-04T17:28:47.860Z,1,7,false
2019-07-04T17:31:33.481Z,1,8,false
2019-07-04T17:33:43.733Z,1,9,false
2019-07-04T17:36:49.296Z,1,1,false
2019-07-04T17:38:53.094Z,1,2,false
2019-07-04T17:41:34.562Z,1,3,false
2019-07-04T17:44:13.326Z,1,4,true
2019-07-04T17:53:53.344Z,1,5,false
2019-07-04T17:56:20.626Z,1,6,false
2019-07-04T17:58:45.176Z,1,7,false
2019-07-04T18:01:22.176Z,1,8,false
2019-07-04T18:03:40.513Z,1,9,false
2019-07-04T18:06:27.244Z,1,1,false
2019-07-04T18:08:37.661Z,1,2,false
2019-07-04T18:10:38.367Z,1,3,false
2019-07-04T18:12:58.904Z,1,4,true
2019-07-04T18:19:41.369Z,1,5,false
2019-07-04T18:21:58.155Z,1,6,false
2019-07-04T18:24:13.502Z,1,7,false
2019-07-04T18:26:30.337Z,1,8,false
2019-07-04T18:28:48.908Z,1,9,false
2019-07-04T18:31:41.848Z,1,1,false
2019-07-04T18:33:39.360Z,1,2,false
2019-07-04T18:35:51.349Z,1,3,false
2019-07-04T18:38:14.970Z,1,4,false
2019-07-04T18:40:31.453Z,1,5,false
2019-07-04T18:42:29.948Z,1,6,false
2019-07-04T18:44:35.629Z,1,7,false
2019-07-04T18:46:49.036Z,1,8,false
2019-07-04T18:49:17.887Z,1,9,false
2019-07-04T18:52:20.089Z,1,1,false
2019-07-04T18:54:38.728Z,1,2,false
2019-07-04T18:57:06.749Z,1,3,false
2019-07-04T18:59:11.406Z,1,4,false
2019-07-04T19:01:58.783Z,1,5,false
2019-07-04T19:04:27.001Z,1,6,false
2019-07-04T19:06:46.648Z,1,7,false
2019-07-04T19:08:52.084Z,1,8,false
2019-07-04T19:11:19.197Z,1,9,false
2019-07-04T19:13:45.857Z,1,1,false
2019-07-04T19:15:57.695Z,1,2,false
2019-07-04T19:18:19.419Z,1,3,false
2019-07-04T19:20:30.448Z,1,4,false
2019-07-04T19:23:00.415Z,1,5,false
2019-07-04T19:25:05.229Z,1,6,false
2019-07-04T19:27:31.076Z,1,7,false
2019-07-04T19:29:51.972Z,1,8,false
2019-07-04T19:31:54.352Z,1,9,false
2019-07-04T19:34:38.537Z,1,1,false
2019-07-04T19:36:43.431Z,1,2,false
2019-07-04T19:39:07.332Z,1,3,false
2019-07-04T19:41:31.726Z,1,4,false
2019-07-04T19:43:35.067Z,1,5,false
2019-07-04T19:45:30.130Z,1,6,false
2019-07-04T19:48:00.576Z,1,7,false
2019-07-04T19:50:14.907Z,1,8,false
2019-07-04T19:52:20.225Z,1,9,false
2019-07-04T19:55:25.313Z,1,1,false
2019-07-04T19:57:27.390Z,1,2,false
2019-07-04T19:59:54.899Z,1,3,false
2019-07-04T20:02:10.027Z,1,4,false
2019-07-04T20:04:53.271Z,1,5,false
2019-07-04T20:06:48.075Z,1,6,false
2019-07-04T20:09:05.620Z,1,7,false
2019-07-04T20:11:31.586Z,1,8,false
2019-07-04T20:13:39.949Z,1,9,false
2019-07-04T20:16:16.087Z,1,1,false
2019-07-04T20:18:41.131Z,1,2,false
2019-07-04T20:20:46.880Z,1,3,false
2019-07-04T20:23:11.771Z,1,4,false
2019-07-04T20:25:38.153Z,1,5,false
2019-07-04T20:27:49.210Z,1,6,false
2019-07-04T20:30:14.911Z,1,7,false
2019-07-04T20:32:38.314Z,1,8,false
2019-07-04T20:34:44.658Z,1,9,false
2019-07-04T20:37:21.719Z,1,1,false
2019-07-04T20:39:25.106Z,1,2,false
2019-07-04T20:41:30.290Z,1,3,false
2019-07-04T20:43:38.262Z,1,4,false
2019-07-04T20:45:36.422Z,1,5,false
2019-07-04T20:47:48.178Z,1,6,false
2019-07-04T20:50:18.542Z,1,7,false
2019-07-04T20:52:20.489Z,1,8,false
2019-07-04T20:54:40.933Z,1,9,false
2019-07-04T20:57:28.954Z,1,1,false
2019-07-04T20:59:34.990Z,1,2,false
2019-07-04T21:02:03.430Z,1,3,false
2019-07-04T21:04:18.633Z,1,4,false
2019-07-04T21:06:24.839Z,1,5,false
2019-07-04T21:08:20.539Z,1,6,false
2019-07-04T21:10:35.297Z,1,7,false
2019-07-04T21:12:55.485Z,1,8,false
2019-07-04T21:15:07.455Z,1,9,false
2019-07-04T21:17:48.682Z,1,1,false
2019-07-04T21:19:51.481Z,1,2,false
2019-07-04T21:22:00.406Z,1,3,false
2019-07-04T21:23:59.540Z,1,4,false
2019-07-04T21:25:59.852Z,1,5,false
2019-07-04T21:28:04.276Z,1,6,false
2019-07-04T21:30:15.360Z,1,7,false
2019-07-04T21:32:17.252Z,1,8,false
2019-07-04T21:34:18.544Z,1,9,false
2019-07-04T21:36:57.863Z,1,1,false
2019-07-04T21:39:01.569Z,1,2,false
2019-07-04T21:41:26.373Z,1,3,false
2019-07-04T21:43:35.607Z,1,4,false
2019-07-04T21:45:54.011Z,1,5,false
2019-07-04T21:47:57.559Z,1,6,false
2019-07-04T21:49:53.300Z,1,7,false
2019-07-04T21:51:46.556Z,1,8,false
2019-07-04T21:53:49.746Z,1,9,false
2019-07-04T21:56:16.414Z,1,1,false
2019-07-04T21:58:20.805Z,1,2,false
2019-07-04T22:00:53.639Z,1,3,false
2019-07-04T22:03:29.242Z,1,4,false
2019-07-04T22:05:25.059Z,1,5,false
2019-07-04T22:07:48.632Z,1,6,false
2019-07-04T22:09:45.034Z,1,7,false
2019-07-04T22:11:39.838Z,1,8,false
2019-07-04T22:13:58.138Z,1,9,false
2019-07-04T22:16:44.922Z,1,1,false
2019-07-04T22:18:54.852Z,1,2,false
2019-07-04T22:21:12.486Z,1,3,false
2019-07-04T22:23:41.613Z,1,4,false
2019-07-04T22:25:37.309Z,1,5,false
2019-07-04T22:28:23.384Z,1,6,false
2019-07-04T22:30:37.440Z,1,7,false
2019-07-04T22:32:49.050Z,1,8,false
2019-07-04T22:34:46.631Z,1,9,false
2019-07-04T22:37:42.117Z,1,1,false
2019-07-04T22:39:46.451Z,1,2,false
2019-07-04T22:41:40.822Z,1,3,false
2019-07-04T22:43:41.493Z,1,4,false
2019-07-04T22:45:54.316Z,1,5,false
2019-07-04T22:47:46.179Z,1,6,false
2019-07-04T22:50:22.933Z,1,7,false
2019-07-04T22:52:31.525Z,1,8,false
2019-07-04T22:54:54.774Z,1,9,false
2019-07-04T22:58:00.992Z,1,1,false
2019-07-04T23:00:05.722Z,1,2,false
2019-07-04T23:02:20.466Z,1,3,false
2019-07-04T23:04:44.025Z,1,4,false
2019-07-04T23:07:20.123Z,1,5,false
2019-07-04T23:09:31.456Z,1,6,false
2019-07-04T23:11:51.277Z,1,7,false
2019-07-04T23:14:01.645Z,1,8,false
2019-07-04T23:16:44.437Z,1,9,false
2019-07-04T23:19:28.799Z,1,1,false
2019-07-04T23:21:48.350Z,1,2,false
2019-07-04T23:24:20.110Z,1,3,false
2019-07-04T23:26:50.632Z,1,4,false
2019-07-04T23:29:50.731Z,1,5,false
2019-07-04T23:32:25.293Z,1,6,false
2019-07-04T23:34:44.820Z,1,7,false
2019-07-04T23:37:12.198Z,1,8,false
2019-07-04T23:39:30.830Z,1,9,false
2019-07-04T23:42:25.409Z,1,1,false
2019-07-04T23:44:34.740Z,1,2,false
2019-07-04T23:47:17.378Z,1,3,false
2019-07-04T23:49:40.999Z,1,4,false
2019-07-04T23:52:06.583Z,1,5,false
2019-07-04T23:54:36.483Z,1,6,false
2019-07-04T23:56:50.786Z,1,7,false
2019-07-04T23:58:59.572Z,1,8,false
2019-07-05T00:01:29.559Z,1,9,false
2019-07-05T00:04:38.075Z,1,1,false
2019-07-05T00:07:42.902Z,1,2,false
2019-07-05T00:12:08.543Z,1,3,false
2019-07-05T00:14:30.195Z,1,4,false
2019-07-05T00:16:53.635Z,1,5,false
2019-07-05T00:19:30.956Z,1,6,false
2019-07-05T00:22:00.891Z,1,7,false
2019-07-05T00:24:13.620Z,1,8,false
2019-07-05T00:26:49.308Z,1,9,false
2019-07-05T00:29:48.627Z,1,1,false
2019-07-05T00:32:05.603Z,1,2,false
2019-07-05T00:34:39.321Z,1,3,false
2019-07-05T00:36:41.088Z,1,4,false
2019-07-05T00:38:52.306Z,1,5,false
2019-07-05T00:40:54.791Z,1,6,false
2019-07-05T00:43:23.165Z,1,7,false
2019-07-05T00:45:21.799Z,1,8,false
2019-07-05T00:47:33.368Z,1,9,false
2019-07-05T00:50:42.433Z,1,1,false
2019-07-05T00:53:08.868Z,1,2,false
2019-07-05T00:55:16.938Z,1,3,false
2019-07-05T00:57:38.473Z,1,4,false
2019-07-05T00:59:55.175Z,1,5,false
2019-07-05T01:01:55.153Z,1,6,false
2019-07-05T01:03:35.314Z,1,7,false
2019-07-05T01:05:59.941Z,1,8,false
2019-07-05T01:08:20.323Z,1,9,false
2019-07-05T01:11:00.417Z,1,1,false
2019-07-05T01:13:17.192Z,1,2,false
2019-07-05T01:15:31.082Z,1,3,false
2019-07-05T01:17:55.540Z,1,4,false
2019-07-05T01:20:09.913Z,1,5,false
2019-07-05T01:22:09.374Z,1,6,false
2019-07-05T01:24:21.034Z,1,7,false
2019-07-05T01:26:45.240Z,1,8,false
2019-07-05T01:28:56.396Z,1,9,false
2019-07-05T01:31:36.522Z,1,1,false
2019-07-05T01:33:48.859Z,1,2,false
2019-07-05T01:35:49.170Z,1,3,false
2019-07-05T01:37:56.517Z,1,4,false
2019-07-05T01:40:00.803Z,1,5,false
2019-07-05T01:42:02.716Z,1,6,false
2019-07-05T01:44:07.653Z,1,7,false
2019-07-05T01:46:24.751Z,1,8,false
2019-07-05T01:48:51.222Z,1,9,false
2019-07-05T01:51:20.945Z,1,1,false
2019-07-05T01:53:39.960Z,1,2,false
2019-07-05T01:55:47.416Z,1,3,false
2019-07-05T01:57:58.895Z,1,4,false
2019-07-05T02:00:09.375Z,1,5,false
2019-07-05T02:02:07.591Z,1,6,false
2019-07-05T02:04:35.107Z,1,7,false
2019-07-05T02:06:46.798Z,1,8,false
2019-07-05T02:08:49.934Z,1,9,false
2019-07-05T02:11:25.526Z,1,1,false
2019-07-05T02:13:44.612Z,1,2,false
2019-07-05T02:15:44.261Z,1,3,false
2019-07-05T02:17:50.545Z,1,4,false
2019-07-05T02:20:07.296Z,1,5,false
2019-07-05T02:22:05.019Z,1,6,false
2019-07-05T02:24:18.247Z,1,7,false
2019-07-05T02:26:22.869Z,1,8,false
2019-07-05T02:28:25.352Z,1,9,false
2019-07-05T02:31:07.691Z,1,1,false
2019-07-05T02:33:16.137Z,1,2,false
2019-07-05T02:35:25.980Z,1,3,false
2019-07-05T02:37:19.790Z,1,4,false
2019-07-05T02:39:29.824Z,1,5,false
2019-07-05T02:41:31.354Z,1,6,false
2019-07-05T02:43:41.496Z,1,7,false
2019-07-05T02:45:46.562Z,1,8,false
2019-07-05T02:47:57.245Z,1,9,false
2019-07-05T02:50:44.043Z,1,1,false
2019-07-05T02:53:28.220Z,1,2,false
2019-07-05T02:55:24.147Z,1,3,false
2019-07-05T02:57:46.476Z,1,4,false
2019-07-05T03:00:21.478Z,1,5,false
2019-07-05T03:02:23.175Z,1,6,false
2019-07-05T03:04:30.624Z,1,7,false
2019-07-05T03:06:43.855Z,1,8,false
2019-07-05T03:08:42.962Z,1,9,false
2019-07-05T03:11:08.295Z,1,1,false
2019-07-05T03:13:41.729Z,1,2,false
2019-07-05T03:15:57.290Z,1,3,false
2019-07-05T03:18:09.828Z,1,4,false
2019-07-05T03:20:07.025Z,1,5,false
2019-07-05T03:22:17.289Z,1,6,false
2019-07-05T03:24:36.392Z,1,7,false
2019-07-05T03:26:38.229Z,1,8,false
2019-07-05T03:28:44.866Z,1,9,false
2019-07-05T03:31:21.885Z,1,1,false
2019-07-05T03:33:20.658Z,1,2,false
2019-07-05T03:35:23.030Z,1,3,false
2019-07-05T03:37:28.725Z,1,4,false
2019-07-05T03:39:34.349Z,1,5,false
2019-07-05T03:41:36.667Z,1,6,false
2019-07-05T03:44:06.170Z,1,7,false
2019-07-05T03:46:07.710Z,1,8,false
2019-07-05T03:48:24.236Z,1,9,false
2019-07-05T03:51:00.420Z,1,1,false
2019-07-05T03:53:14.330Z,1,2,false
2019-07-05T03:55:28.386Z,1,3,false
2019-07-05T03:57:32.050Z,1,4,false
2019-07-05T03:59:50.561Z,1,5,false
2019-07-05T04:01:56.041Z,1,6,false
2019-07-05T04:04:17.704Z,1,7,false
2019-07-05T04:06:40.995Z,1,8,false
2019-07-05T04:08:47.947Z,1,9,false
2019-07-05T04:11:45.508Z,1,1,false
2019-07-05T04:13:59.457Z,1,2,false
2019-07-05T04:15:55.597Z,1,3,false
2019-07-05T04:18:26.122Z,1,4,false
2019-07-05T04:20:35.617Z,1,5,false
2019-07-05T04:22:34.186Z,1,6,false
2019-07-05T04:24:44.213Z,1,7,false
2019-07-05T04:26:51.194Z,1,8,false
2019-07-05T04:28:53.392Z,1,9,false
2019-07-05T04:31:30.406Z,1,1,false
2019-07-05T04:34:21.485Z,1,2,false
2019-07-05T04:36:16.338Z,1,3,false
2019-07-05T04:38:32.411Z,1,4,false
2019-07-05T04:40:53.243Z,1,5,false
2019-07-05T04:42:48.485Z,1,6,false
2019-07-05T04:45:01.759Z,1,7,false
2019-07-05T04:47:03.813Z,1,8,false
2019-07-05T04:49:10.825Z,1,9,false
2019-07-05T04:51:54.736Z,1,1,false
2019-07-05T04:53:52.793Z,1,2,false
2019-07-05T04:55:56.550Z,1,3,false
2019-07-05T04:58:29.205Z,1,4,false
2019-07-05T05:00:55.813Z,1,5,false
2019-07-05T05:03:10.715Z,1,6,false
2019-07-05T05:05:42.514Z,1,7,false
2019-07-05T05:08:02.345Z,1,8,false
2019-07-05T05:10:15.897Z,1,9,false
2019-07-05T05:13:18.544Z,1,1,false
2019-07-05T05:15:16.242Z,1,2,false
2019-07-05T05:17:39.640Z,1,3,false
2019-07-05T05:20:10.514Z,1,4,false
2019-07-05T05:22:12.167Z,1,5,false
2019-07-05T05:24:54.326Z,1,6,false
2019-07-05T05:26:57.016Z,1,7,false
2019-07-05T05:28:51.009Z,1,8,false
2019-07-05T05:31:15.951Z,1,9,false
2019-07-05T05:33:56.178Z,1,1,false
2019-07-05T05:35:54.217Z,1,2,false
2019-07-05T05:38:01.102Z,1,3,false
2019-07-05T05:40:04.706Z,1,4,false
2019-07-05T05:42:23.895Z,1,5,false
2019-07-05T05:44:39.521Z,1,6,false
2019-07-05T05:46:58.780Z,1,7,false
2019-07-05T05:49:17.255Z,1,8,false
2019-07-05T05:51:20.603Z,1,9,false
2019-07-05T05:53:46.711Z,1,1,false
2019-07-05T05:55:53.132Z,1,2,false
2019-07-05T05:57:58.690Z,1,3,false
2019-07-05T06:00:03.494Z,1,4,false
2019-07-05T06:02:08.156Z,1,5,false
2019-07-05T06:04:47.787Z,1,6,false
2019-07-05T06:07:20.271Z,1,7,false
2019-07-05T06:09:40.735Z,1,8,false
2019-07-05T06:11:35.429Z,1,9,false
2019-07-05T06:14:32.130Z,1,1,false
2019-07-05T06:17:14.208Z,1,2,false
2019-07-05T06:19:19.146Z,1,3,false
2019-07-05T06:21:19.945Z,1,4,false
2019-07-05T06:23:34.948Z,1,5,false
2019-07-05T06:25:33.670Z,1,6,false
2019-07-05T06:27:42.419Z,1,7,false
2019-07-05T06:30:04.510Z,1,8,false
2019-07-05T06:32:39.279Z,1,9,false
2019-07-05T06:35:07.566Z,1,1,false
2019-07-05T06:37:31.334Z,1,2,false
2019-07-05T06:39:44.052Z,1,3,false
2019-07-05T06:41:44.240Z,1,4,false
2019-07-05T06:44:09.356Z,1,5,false
2019-07-05T06:46:13.911Z,1,6,false
2019-07-05T06:48:46.487Z,1,7,false
2019-07-05T06:51:20.994Z,1,8,false
2019-07-05T06:53:36.791Z,1,9,false
2019-07-05T06:56:10.747Z,1,1,false
2019-07-05T06:58:26.650Z,1,2,false
2019-07-05T07:00:23.221Z,1,3,false
2019-07-05T07:02:24.733Z,1,4,false
2019-07-05T07:04:31.411Z,1,5,false
2019-07-05T07:06:26.910Z,1,6,false
2019-07-05T07:08:21.830Z,1,7,false
2019-07-05T07:10:27.099Z,1,8,false
2019-07-05T07:12:31.021Z,1,9,false
2019-07-05T07:14:59.099Z,1,1,false
2019-07-05T07:17:15.781Z,1,2,false
2019-07-05T07:19:27.945Z,1,3,false
2019-07-05T07:21:52.754Z,1,4,false
2019-07-05T07:23:54.036Z,1,5,false
2019-07-05T07:26:04.662Z,1,6,false
2019-07-05T07:28:20.576Z,1,7,false
2019-07-05T07:30:30.137Z,1,8,false
2019-07-05T07:32:48.000Z,1,9,false
2019-07-05T07:35:21.664Z,1,1,false
2019-07-05T07:37:29.356Z,1,2,false
2019-07-05T07:39:47.626Z,1,3,false
2019-07-05T07:41:52.655Z,1,4,false
2019-07-05T07:43:59.649Z,1,5,false
2019-07-05T07:46:20.908Z,1,6,false
2019-07-05T07:48:19.245Z,1,7,false
2019-07-05T07:50:21.953Z,1,8,false
2019-07-05T07:52:23.724Z,1,9,false
2019-07-05T07:55:02.354Z,1,1,false
2019-07-05T07:57:10.707Z,1,2,false
2019-07-05T07:59:10.083Z,1,3,false
2019-07-05T08:01:25.849Z,1,4,false
2019-07-05T08:03:36.626Z,1,5,false
2019-07-05T08:05:41.652Z,1,6,false
2019-07-05T08:07:54.901Z,1,7,false
2019-07-05T08:09:57.072Z,1,8,false
2019-07-05T08:11:52.058Z,1,9,false
2019-07-05T08:14:21.630Z,1,1,false
2019-07-05T08:16:33.877Z,1,2,false
2019-07-05T08:18:31.610Z,1,3,false
2019-07-05T08:21:02.002Z,1,4,false
2019-07-05T08:23:25.064Z,1,5,false
2019-07-05T08:25:30.775Z,1,6,false
2019-07-05T08:27:25.422Z,1,7,false
2019-07-05T08:29:37.749Z,1,8,false
2019-07-05T08:31:50.016Z,1,9,false
2019-07-05T08:34:19.452Z,1,1,false
2019-07-05T08:36:24.500Z,1,2,false
2019-07-05T08:38:22.715Z,1,3,false
2019-07-05T08:40:22.859Z,1,4,false
2019-07-05T08:42:31.941Z,1,5,false
2019-07-05T08:44:42.341Z,1,6,false
2019-07-05T08:46:50.781Z,1,7,false
2019-07-05T08:49:10.510Z,1,8,false
2019-07-05T08:51:13.428Z,1,9,false
2019-07-05T08:53:40.901Z,1,1,false
2019-07-05T08:55:42.691Z,1,2,false
2019-07-05T08:57:52.457Z,1,3,false
2019-07-05T08:59:52.601Z,1,4,false
2019-07-05T09:02:10.013Z,1,5,false
2019-07-05T09:04:13.501Z,1,6,false
2019-07-05T09:06:20.841Z,1,7,false
2019-07-05T09:08:27.349Z,1,8,false
2019-07-05T09:10:42.793Z,1,9,false
2019-07-05T09:13:14.226Z,1,1,false
2019-07-05T09:15:25.154Z,1,2,false
2019-07-05T09:18:00.414Z,1,3,false
2019-07-05T09:19:58.256Z,1,4,false
2019-07-05T09:21:56.475Z,1,5,false
2019-07-05T09:24:10.051Z,1,6,false
2019-07-05T09:26:09.707Z,1,7,false
2019-07-05T09:28:31.847Z,1,8,false
2019-07-05T09:30:33.535Z,1,9,false
2019-07-05T09:33:10.136Z,1,1,false
2019-07-05T09:35:20.473Z,1,2,false
2019-07-05T09:37:32.219Z,1,3,false
2019-07-05T09:39:45.793Z,1,4,false
2019-07-05T09:42:05.691Z,1,5,false
2019-07-05T09:44:09.347Z,1,6,false
2019-07-05T09:46:07.192Z,1,7,false
2019-07-05T09:48:16.713Z,1,8,false
2019-07-05T09:50:13.562Z,1,9,false
2019-07-05T09:52:48.215Z,1,1,false
2019-07-05T09:55:20.926Z,1,2,false
2019-07-05T09:57:37.458Z,1,3,false
2019-07-05T09:59:51.012Z,1,4,false
2019-07-05T10:01:50.098Z,1,5,false
2019-07-05T10:03:54.171Z,1,6,false
2019-07-05T10:06:03.518Z,1,7,false
2019-07-05T10:08:11.687Z,1,8,false
2019-07-05T10:10:24.550Z,1,9,false
2019-07-05T10:13:19.889Z,1,1,false
2019-07-05T10:15:52.658Z,1,2,false
2019-07-05T10:18:00.092Z,1,3,false
2019-07-05T10:20:16.102Z,1,4,false
2019-07-05T10:22:40.369Z,1,5,false
2019-07-05T10:24:37.978Z,1,6,false
2019-07-05T10:26:32.664Z,1,7,false
2019-07-05T10:29:23.802Z,1,8,false
2019-07-05T10:31:41.567Z,1,9,false
2019-07-05T10:34:19.887Z,1,1,false
2019-07-05T10:36:49.297Z,1,2,false
2019-07-05T10:39:19.839Z,1,3,false
2019-07-05T10:41:30.722Z,1,4,false
2019-07-05T10:43:51.655Z,1,5,false
2019-07-05T10:45:44.170Z,1,6,false
2019-07-05T10:47:39.982Z,1,7,false
2019-07-05T10:50:11.252Z,1,8,false
2019-07-05T10:52:15.076Z,1,9,false
2019-07-05T10:55:00.610Z,1,1,false
2019-07-05T10:57:05.948Z,1,2,false
2019-07-05T10:59:10.744Z,1,3,false
2019-07-05T11:01:23.332Z,1,4,false
2019-07-05T11:03:38.996Z,1,5,false
2019-07-05T11:05:44.477Z,1,6,false
2019-07-05T11:07:50.621Z,1,7,false
2019-07-05T11:10:04.553Z,1,8,false
2019-07-05T11:12:05.320Z,1,9,false
2019-07-05T11:14:38.337Z,1,1,false
2019-07-05T11:17:10.228Z,1,2,false
2019-07-05T11:19:21.789Z,1,3,false
2019-07-05T11:21:25.808Z,1,4,false
2019-07-05T11:23:42.919Z,1,5,false
2019-07-05T11:26:00.536Z,1,6,false
2019-07-05T11:28:01.858Z,1,7,false
2019-07-05T11:30:01.297Z,1,8,false
2019-07-05T11:32:02.828Z,1,9,false
2019-07-05T11:34:28.865Z,1,1,false
2019-07-05T11:36:30.970Z,1,2,false
2019-07-05T11:38:32.875Z,1,3,false
2019-07-05T11:40:51.363Z,1,4,false
2019-07-05T11:43:00.122Z,1,5,false
2019-07-05T11:45:02.559Z,1,6,false
2019-07-05T11:47:08.377Z,1,7,false
2019-07-05T11:49:22.242Z,1,8,false
2019-07-05T11:51:17.674Z,1,9,false
2019-07-05T11:53:54.516Z,1,1,false
2019-07-05T11:56:10.442Z,1,2,false
2019-07-05T11:58:38.913Z,1,3,false
2019-07-05T12:00:35.570Z,1,4,false
2019-07-05T12:02:42.535Z,1,5,false
2019-07-05T12:04:45.714Z,1,6,false
2019-07-05T12:06:41.781Z,1,7,false
2019-07-05T12:08:46.391Z,1,8,false
2019-07-05T12:11:04.129Z,1,9,false
2019-07-05T12:13:27.833Z,1,1,false
2019-07-05T12:15:29.871Z,1,2,false
2019-07-05T12:17:46.794Z,1,3,false
2019-07-05T12:20:05.818Z,1,4,false
2019-07-05T12:22:16.251Z,1,5,false
2019-07-05T12:24:26.645Z,1,6,false
2019-07-05T12:26:21.765Z,1,7,false
2019-07-05T12:28:29.617Z,1,8,false
2019-07-05T12:30:40.532Z,1,9,false
2019-07-05T12:33:37.287Z,1,1,false
2019-07-05T12:35:53.255Z,1,2,false
2019-07-05T12:37:50.055Z,1,3,false
2019-07-05T12:39:43.516Z,1,4,false
2019-07-05T12:42:11.375Z,1,5,false
2019-07-05T12:44:13.627Z,1,6,false
2019-07-05T12:46:13.499Z,1,7,false
2019-07-05T12:48:29.855Z,1,8,false
2019-07-05T12:50:32.439Z,1,9,false
2019-07-05T12:53:31.766Z,1,1,false
2019-07-05T12:55:32.109Z,1,2,false
2019-07-05T12:57:57.251Z,1,3,false
2019-07-05T12:59:55.698Z,1,4,false
2019-07-05T13:02:10.827Z,1,5,false
2019-07-05T13:04:15.978Z,1,6,false
2019-07-05T13:06:14.714Z,1,7,false
2019-07-05T13:08:37.071Z,1,8,false
2019-07-05T13:10:29.511Z,1,9,false
2019-07-05T13:13:06.750Z,1,1,false
2019-07-05T13:15:16.789Z,1,2,false
2019-07-05T13:17:31.046Z,1,3,false
2019-07-05T13:19:35.569Z,1,4,false
2019-07-05T13:21:45.258Z,1,5,false
2019-07-05T13:23:53.768Z,1,6,false
2019-07-05T13:25:53.468Z,1,7,false
2019-07-05T13:27:58.222Z,1,8,false
2019-07-05T13:29:54.791Z,1,9,false
2019-07-05T13:32:33.912Z,1,1,false
2019-07-05T13:34:52.052Z,1,2,false
2019-07-05T13:37:16.544Z,1,3,false
2019-07-05T13:39:11.454Z,1,4,false
2019-07-05T13:41:23.584Z,1,5,false
2019-07-05T13:43:25.165Z,1,6,false
2019-07-05T13:45:23.767Z,1,7,false
2019-07-05T13:47:44.626Z,1,8,false
2019-07-05T13:49:45.714Z,1,9,false
2019-07-05T13:52:13.907Z,1,1,false
2019-07-05T13:54:14.290Z,1,2,false
2019-07-05T13:56:29.593Z,1,3,false
2019-07-05T13:58:34.022Z,1,4,false
2019-07-05T14:01:12.133Z,1,5,false
2019-07-05T14:03:28.943Z,1,6,false
2019-07-05T14:05:37.783Z,1,7,false
2019-07-05T14:08:02.687Z,1,8,false
2019-07-05T14:10:00.706Z,1,9,false
2019-07-05T14:12:27.488Z,1,1,false
2019-07-05T14:15:16.065Z,1,2,false
2019-07-05T14:17:12.999Z,1,3,false
2019-07-05T14:19:14.170Z,1,4,false
2019-07-05T14:21:47.827Z,1,5,false
2019-07-05T14:24:06.112Z,1,6,false
2019-07-05T14:26:13.089Z,1,7,false
2019-07-05T14:28:15.576Z,1,8,false
2019-07-05T14:30:33.866Z,1,9,false
2019-07-05T14:33:09.426Z,1,1,false
2019-07-05T14:35:29.559Z,1,2,false
2019-07-05T14:37:56.534Z,1,3,false
2019-07-05T14:39:55.472Z,1,4,false
2019-07-05T14:42:06.390Z,1,5,false
2019-07-05T14:44:17.941Z,1,6,false
2019-07-05T14:46:28.262Z,1,7,false
2019-07-05T14:48:43.277Z,1,8,false
2019-07-05T14:50:45.185Z,1,9,false
2019-07-05T14:53:20.979Z,1,1,false
2019-07-05T14:55:52.892Z,1,2,false
2019-07-05T14:58:17.563Z,1,3,false
2019-07-05T15:00:33.997Z,1,4,false
2019-07-05T15:02:36.543Z,1,5,false
2019-07-05T15:04:34.817Z,1,6,false
2019-07-05T15:06:51.354Z,1,7,false
2019-07-05T15:09:00.788Z,1,8,false
2019-07-05T15:11:14.616Z,1,9,false
2019-07-05T15:13:55.415Z,1,1,false
2019-07-05T15:16:11.170Z,1,2,false
2019-07-05T15:18:36.022Z,1,3,false
2019-07-05T15:20:44.120Z,1,4,false
2019-07-05T15:22:52.312Z,1,5,false
2019-07-05T15:25:05.039Z,1,6,false
2019-07-05T15:27:14.161Z,1,7,false
2019-07-05T15:29:29.258Z,1,8,false
2019-07-05T15:31:30.866Z,1,9,false
2019-07-05T15:34:06.446Z,1,1,false
2019-07-05T15:36:30.811Z,1,2,false
2019-07-05T15:38:44.395Z,1,3,false
2019-07-05T15:40:52.257Z,1,4,false
2019-07-05T15:42:58.949Z,1,5,false
2019-07-05T15:45:11.405Z,1,6,false
2019-07-05T15:47:42.838Z,1,7,false
2019-07-05T15:49:45.011Z,1,8,false
2019-07-05T15:51:49.373Z,1,9,false
2019-07-05T15:54:35.156Z,1,1,false
2019-07-05T15:56:50.199Z,1,2,false
2019-07-05T15:58:49.805Z,1,3,false
2019-07-05T16:01:00.929Z,1,4,false
2019-07-05T16:03:29.207Z,1,5,false
2019-07-05T16:05:46.005Z,1,6,false
2019-07-05T16:07:55.593Z,1,7,false
2019-07-05T16:10:11.657Z,1,8,false
2019-07-05T16:12:40.842Z,1,9,false
2019-07-05T16:15:15.981Z,1,1,false
2019-07-05T16:17:12.460Z,1,2,false
2019-07-05T16:19:20.719Z,1,3,false
2019-07-05T16:21:39.587Z,1,4,false
2019-07-05T16:23:42.706Z,1,5,false
2019-07-05T16:25:38.279Z,1,6,false
2019-07-05T16:27:54.132Z,1,7,false
2019-07-05T16:30:02.917Z,1,8,false
2019-07-05T16:32:01.733Z,1,9,false
2019-07-05T16:34:32.033Z,1,1,false
2019-07-05T16:37:09.714Z,1,2,false
2019-07-05T16:39:12.049Z,1,3,false
2019-07-05T16:41:23.331Z,1,4,false
2019-07-05T16:43:55.586Z,1,5,false
2019-07-05T16:46:14.804Z,1,6,false
2019-07-05T16:48:26.847Z,1,7,false
2019-07-05T16:51:02.341Z,1,8,false
2019-07-05T16:53:07.249Z,1,9,false
2019-07-05T16:55:55.809Z,1,1,false
2019-07-05T16:57:59.943Z,1,2,false
2019-07-05T16:59:52.561Z,1,3,false
2019-07-05T17:01:57.576Z,1,4,false
2019-07-05T17:04:22.660Z,1,5,false
2019-07-05T17:06:41.681Z,1,6,false
2019-07-05T17:08:50.285Z,1,7,false
2019-07-05T17:11:15.190Z,1,8,false
2019-07-05T17:13:36.155Z,1,9,false
2019-07-05T17:16:03.761Z,1,1,false
2019-07-05T17:18:15.256Z,1,2,false
2019-07-05T17:20:25.910Z,1,3,false
2019-07-05T17:22:36.733Z,1,4,false
2019-07-05T17:24:46.410Z,1,5,false
2019-07-05T17:27:09.394Z,1,6,false
2019-07-05T17:29:16.260Z,1,7,false
2019-07-05T17:31:39.595Z,1,8,false
2019-07-05T17:33:54.499Z,1,9,false
2019-07-05T17:36:55.591Z,1,1,false
2019-07-05T17:39:24.972Z,1,2,false
2019-07-05T17:41:31.561Z,1,3,false
2019-07-05T17:43:38.142Z,1,4,false
2019-07-05T17:46:03.875Z,1,5,false
2019-07-05T17:48:33.244Z,1,6,false
2019-07-05T17:50:40.453Z,1,7,false
2019-07-05T17:53:02.477Z,1,8,false
2019-07-05T17:55:00.430Z,1,9,false
2019-07-05T17:57:48.638Z,1,1,false
2019-07-05T18:00:31.189Z,1,2,false
2019-07-05T18:02:41.900Z,1,3,false
2019-07-05T18:04:59.260Z,1,4,false
2019-07-05T18:07:25.713Z,1,5,false
2019-07-05T18:09:34.239Z,1,6,false
2019-07-05T18:11:42.547Z,1,7,false
2019-07-05T18:13:58.767Z,1,8,false
2019-07-05T18:16:09.748Z,1,9,false
2019-07-05T18:19:06.201Z,1,1,false
2019-07-05T18:21:24.415Z,1,2,false
2019-07-05T18:23:26.850Z,1,3,false
2019-07-05T18:25:28.322Z,1,4,false
2019-07-05T18:27:33.231Z,1,5,false
2019-07-05T18:30:01.453Z,1,6,false
2019-07-05T18:32:09.726Z,1,7,false
2019-07-05T18:34:40.981Z,1,8,false
2019-07-05T18:36:41.555Z,1,9,false
2019-07-05T18:39:40.486Z,1,1,false
2019-07-05T18:41:45.628Z,1,2,false
2019-07-05T18:43:59.945Z,1,3,false
2019-07-05T18:46:07.923Z,1,4,false
2019-07-05T18:48:23.299Z,1,5,false
2019-07-05T18:50:37.558Z,1,6,false
2019-07-05T18:52:49.499Z,1,7,false
2019-07-05T18:55:11.500Z,1,8,false
2019-07-05T18:57:16.911Z,1,9,false
2019-07-05T19:00:08.540Z,1,1,false
2019-07-05T19:02:50.692Z,1,2,false
2019-07-05T19:05:15.819Z,1,3,false
2019-07-05T19:07:30.302Z,1,4,false
2019-07-05T19:10:13.290Z,1,5,false
2019-07-05T19:12:43.029Z,1,6,false
2019-07-05T19:14:49.334Z,1,7,false
2019-07-05T19:17:09.047Z,1,8,false
2019-07-05T19:19:31.536Z,1,9,false
2019-07-05T19:22:19.586Z,1,1,false
2019-07-05T19:24:53.479Z,1,2,false
2019-07-05T19:26:57.947Z,1,3,false
2019-07-05T19:29:11.412Z,1,4,false
2019-07-05T19:31:41.122Z,1,5,false
2019-07-05T19:33:47.746Z,1,6,false
2019-07-05T19:36:00.214Z,1,7,false
2019-07-05T19:38:15.556Z,1,8,false
2019-07-05T19:40:19.496Z,1,9,false
2019-07-05T19:42:50.948Z,1,1,false
2019-07-05T19:45:16.261Z,1,2,false
2019-07-05T19:47:23.389Z,1,3,false
2019-07-05T19:49:38.806Z,1,4,false
2019-07-05T19:51:52.139Z,1,5,false
2019-07-05T19:54:10.583Z,1,6,false
2019-07-05T19:56:35.878Z,1,7,false
2019-07-05T19:58:47.823Z,1,8,false
2019-07-05T20:01:02.907Z,1,9,false
2019-07-05T20:03:39.716Z,1,1,false
2019-07-05T20:05:49.191Z,1,2,false
2019-07-05T20:07:55.423Z,1,3,false
2019-07-05T20:10:18.628Z,1,4,false
2019-07-05T20:12:24.146Z,1,5,false
2019-07-05T20:14:30.092Z,1,6,false
2019-07-05T20:16:36.251Z,1,7,false
2019-07-05T20:18:44.086Z,1,8,false
2019-07-05T20:20:58.127Z,1,9,false
2019-07-05T20:23:33.318Z,1,1,false
2019-07-05T20:25:47.922Z,1,2,false
2019-07-05T20:27:59.002Z,1,3,false
2019-07-05T20:30:03.052Z,1,4,false
2019-07-05T20:32:05.074Z,1,5,false
2019-07-05T20:34:21.176Z,1,6,false
2019-07-05T20:36:22.396Z,1,7,false
2019-07-05T20:38:25.040Z,1,8,false
2019-07-05T20:40:38.704Z,1,9,false
2019-07-05T20:43:18.207Z,1,1,false
2019-07-05T20:45:29.615Z,1,2,false
2019-07-05T20:47:32.396Z,1,3,false
2019-07-05T20:49:37.431Z,1,4,false
2019-07-05T20:51:42.747Z,1,5,false
2019-07-05T20:53:43.170Z,1,6,false
2019-07-05T20:55:54.564Z,1,7,false
2019-07-05T20:57:53.614Z,1,8,false
2019-07-05T21:00:26.956Z,1,9,false
2019-07-05T21:03:11.787Z,1,1,false
2019-07-05T21:05:34.668Z,1,2,false
2019-07-05T21:08:12.281Z,1,3,false
2019-07-05T21:10:18.300Z,1,4,false
2019-07-05T21:12:16.091Z,1,5,false
2019-07-05T21:14:54.064Z,1,6,false
2019-07-05T21:17:16.080Z,1,7,false
2019-07-05T21:19:18.286Z,1,8,false
2019-07-05T21:21:44.750Z,1,9,false
2019-07-05T21:24:10.546Z,1,1,false
2019-07-05T21:26:25.824Z,1,2,false
2019-07-05T21:28:38.044Z,1,3,false
2019-07-05T21:30:32.224Z,1,4,false
2019-07-05T21:32:37.329Z,1,5,false
2019-07-05T21:34:40.968Z,1,6,false
2019-07-05T21:37:02.754Z,1,7,false
2019-07-05T21:39:08.684Z,1,8,false
2019-07-05T21:41:27.319Z,1,9,false
2019-07-05T21:43:55.550Z,1,1,false
2019-07-05T21:46:13.750Z,1,2,false
2019-07-05T21:48:17.807Z,1,3,false
2019-07-05T21:50:38.524Z,1,4,false
2019-07-05T21:52:48.764Z,1,5,false
2019-07-05T21:55:06.021Z,1,6,false
2019-07-05T21:57:31.299Z,1,7,false
2019-07-05T21:59:38.457Z,1,8,false
2019-07-05T22:02:12.478Z,1,9,false
2019-07-05T22:04:52.636Z,1,1,false
2019-07-05T22:07:07.163Z,1,2,false
2019-07-05T22:09:10.201Z,1,3,false
2019-07-05T22:11:23.820Z,1,4,false
2019-07-05T22:13:23.853Z,1,5,false
2019-07-05T22:15:47.758Z,1,6,false
2019-07-05T22:17:55.937Z,1,7,false
2019-07-05T22:20:05.331Z,1,8,false
2019-07-05T22:22:48.626Z,1,9,false
2019-07-05T22:25:13.899Z,1,1,false
2019-07-05T22:27:08.585Z,1,2,false
2019-07-05T22:29:10.148Z,1,3,false
2019-07-05T22:31:14.472Z,1,4,false
2019-07-05T22:33:27.791Z,1,5,false
2019-07-05T22:35:30.637Z,1,6,false
2019-07-05T22:37:38.169Z,1,7,false
2019-07-05T22:39:55.007Z,1,8,false
2019-07-05T22:42:01.484Z,1,9,false
2019-07-05T22:44:43.783Z,1,1,false
2019-07-05T22:46:39.823Z,1,2,false
2019-07-05T22:48:46.611Z,1,3,false
2019-07-05T22:50:43.441Z,1,4,false
2019-07-05T22:52:58.326Z,1,5,false
2019-07-05T22:55:03.501Z,1,6,false
2019-07-05T22:57:15.977Z,1,7,false
2019-07-05T22:59:26.982Z,1,8,false
2019-07-05T23:01:35.258Z,1,9,false
2019-07-05T23:04:18.730Z,1,1,false
2019-07-05T23:06:15.770Z,1,2,false
2019-07-05T23:08:29.556Z,1,3,false
2019-07-05T23:10:41.271Z,1,4,false
2019-07-05T23:12:35.148Z,1,5,false
2019-07-05T23:14:50.020Z,1,6,false
2019-07-05T23:16:44.348Z,1,7,false
2019-07-05T23:18:41.899Z,1,8,false
2019-07-05T23:20:44.639Z,1,9,false
2019-07-05T23:23:22.701Z,1,1,false
2019-07-05T23:25:18.368Z,1,2,false
2019-07-05T23:27:46.660Z,1,3,false
2019-07-05T23:29:54.741Z,1,4,false
2019-07-05T23:31:53.124Z,1,5,false
2019-07-05T23:33:55.602Z,1,6,false
2019-07-05T23:35:51.147Z,1,7,false
2019-07-05T23:38:02.287Z,1,8,false
2019-07-05T23:40:03.391Z,1,9,false
2019-07-05T23:42:38.434Z,1,1,false
2019-07-05T23:44:52.905Z,1,2,false
2019-07-05T23:47:03.509Z,1,3,false
2019-07-05T23:49:03.727Z,1,4,false
2019-07-05T23:51:21.418Z,1,5,false
2019-07-05T23:53:28.604Z,1,6,false
2019-07-05T23:55:28.002Z,1,7,false
2019-07-05T23:57:54.864Z,1,8,false
2019-07-06T00:00:10.10Z,1,9,false
2019-07-06T00:02:49.029Z,1,1,false
2019-07-06T00:05:01.205Z,1,2,false
2019-07-06T00:07:09.519Z,1,3,false
2019-07-06T00:09:08.289Z,1,4,false
2019-07-06T00:11:19.011Z,1,5,false
2019-07-06T00:13:25.496Z,1,6,false
2019-07-06T00:15:41.841Z,1,7,false
2019-07-06T00:18:15.279Z,1,8,false
2019-07-06T00:20:37.052Z,1,9,false
2019-07-06T00:23:06.514Z,1,1,false
2019-07-06T00:25:38.121Z,1,2,false
2019-07-06T00:27:52.197Z,1,3,false
2019-07-06T00:30:09.534Z,1,4,false
2019-07-06T00:32:29.854Z,1,5,false
2019-07-06T00:34:38.577Z,1,6,false
2019-07-06T00:36:33.786Z,1,7,false
2019-07-06T00:38:44.262Z,1,8,false
2019-07-06T00:40:41.434Z,1,9,false
2019-07-06T00:43:33.640Z,1,1,false
2019-07-06T00:45:42.113Z,1,2,false
2019-07-06T00:47:39.455Z,1,3,false
2019-07-06T00:50:08.767Z,1,4,false
2019-07-06T00:52:13.843Z,1,5,false
2019-07-06T00:54:17.172Z,1,6,false
2019-07-06T00:56:14.379Z,1,7,false
2019-07-06T00:58:31.841Z,1,8,false
2019-07-06T01:01:02.306Z,1,9,false
2019-07-06T01:04:32.473Z,1,1,false
2019-07-06T01:07:02.938Z,1,2,false
2019-07-06T01:09:28.477Z,1,3,false
2019-07-06T01:11:45.441Z,1,4,false
2019-07-06T01:14:01.240Z,1,5,false
2019-07-06T01:16:05.090Z,1,6,false
2019-07-06T01:18:20.918Z,1,7,false
2019-07-06T01:20:39.040Z,1,8,false
2019-07-06T01:22:43.914Z,1,9,false
2019-07-06T01:25:48.845Z,1,1,false
2019-07-06T01:28:07.361Z,1,2,false
2019-07-06T01:30:27.469Z,1,3,false
2019-07-06T01:32:45.543Z,1,4,false
2019-07-06T01:35:05.240Z,1,5,false
2019-07-06T01:37:11.313Z,1,6,false
2019-07-06T01:39:28.265Z,1,7,false
2019-07-06T01:41:23.319Z,1,8,false
2019-07-06T01:43:28.121Z,1,9,false
2019-07-06T01:46:29.837Z,1,1,false
2019-07-06T01:48:37.084Z,1,2,false
2019-07-06T01:50:45.634Z,1,3,false
2019-07-06T01:52:48.791Z,1,4,false
2019-07-06T01:55:02.005Z,1,5,false
2019-07-06T01:57:12.374Z,1,6,false
2019-07-06T01:59:34.10Z,1,7,false
2019-07-06T02:01:41.951Z,1,8,false
2019-07-06T02:03:49.871Z,1,9,false
2019-07-06T02:06:11.812Z,1,1,false
2019-07-06T02:08:24.561Z,1,2,false
2019-07-06T02:10:38.192Z,1,3,false
2019-07-06T02:12:46.241Z,1,4,false
2019-07-06T02:14:55.777Z,1,5,false
2019-07-06T02:16:59.437Z,1,6,false
2019-07-06T02:19:02.052Z,1,7,false
2019-07-06T02:21:19.415Z,1,8,false
2019-07-06T02:23:51.123Z,1,9,false
2019-07-06T02:27:05.304Z,1,1,false
2019-07-06T02:29:58.922Z,1,2,false
2019-07-06T02:32:08.415Z,1,3,false
2019-07-06T02:34:16.102Z,1,4,false
2019-07-06T02:36:28.473Z,1,5,false
2019-07-06T02:39:10.682Z,1,6,false
2019-07-06T02:41:08.610Z,1,7,false
2019-07-06T02:43:07.942Z,1,8,false
2019-07-06T02:45:09.024Z,1,9,false
2019-07-06T02:48:05.932Z,1,1,false
2019-07-06T02:50:15.019Z,1,2,false
2019-07-06T02:52:32.921Z,1,3,false
2019-07-06T02:54:45.394Z,1,4,false
2019-07-06T02:57:26.490Z,1,5,false
2019-07-06T02:59:33.699Z,1,6,false
2019-07-06T03:01:28.856Z,1,7,false
2019-07-06T03:04:04.547Z,1,8,false
2019-07-06T03:06:08.328Z,1,9,false
2019-07-06T03:08:37.179Z,1,1,false
2019-07-06T03:11:06.093Z,1,2,false
2019-07-06T03:13:27.148Z,1,3,false
2019-07-06T03:15:24.681Z,1,4,false
2019-07-06T03:17:33.506Z,1,5,false
2019-07-06T03:20:06.419Z,1,6,false
2019-07-06T03:22:21.222Z,1,7,false
2019-07-06T03:24:19.584Z,1,8,false
2019-07-06T03:26:18.056Z,1,9,false
2019-07-06T03:29:06.134Z,1,1,false
2019-07-06T03:31:14.033Z,1,2,false
2019-07-06T03:33:27.242Z,1,3,false
2019-07-06T03:35:35.477Z,1,4,false
2019-07-06T03:37:58.226Z,1,5,false
2019-07-06T03:40:01.904Z,1,6,false
2019-07-06T03:42:10.277Z,1,7,false
2019-07-06T03:44:10.111Z,1,8,false
2019-07-06T03:46:34.899Z,1,9,false
2019-07-06T03:49:34.011Z,1,1,false
2019-07-06T03:51:28.374Z,1,2,false
2019-07-06T03:53:45.921Z,1,3,false
2019-07-06T03:55:59.945Z,1,4,false
2019-07-06T03:58:14.247Z,1,5,false
2019-07-06T04:00:38.228Z,1,6,false
2019-07-06T04:02:39.702Z,1,7,false
2019-07-06T04:05:01.061Z,1,8,false
2019-07-06T04:07:12.426Z,1,9,false
2019-07-06T04:10:25.082Z,1,1,false
2019-07-06T04:12:38.755Z,1,2,false
2019-07-06T04:14:39.845Z,1,3,false
2019-07-06T04:17:06.827Z,1,4,false
2019-07-06T04:19:28.739Z,1,5,false
2019-07-06T04:21:35.351Z,1,6,false
2019-07-06T04:23:39.928Z,1,7,false
2019-07-06T04:25:55.590Z,1,8,false
2019-07-06T04:28:15.515Z,1,9,false
2019-07-06T04:30:50.308Z,1,1,false
2019-07-06T04:32:50.221Z,1,2,false
2019-07-06T04:35:04.095Z,1,3,false
2019-07-06T04:37:02.616Z,1,4,false
2019-07-06T04:39:21.620Z,1,5,false
2019-07-06T04:41:45.544Z,1,6,false
2019-07-06T04:43:51.884Z,1,7,false
2019-07-06T04:45:52.993Z,1,8,false
2019-07-06T04:47:58.592Z,1,9,false
2019-07-06T04:50:49.438Z,1,1,false
2019-07-06T04:53:06.601Z,1,2,false
2019-07-06T04:55:21.034Z,1,3,false
2019-07-06T04:57:42.119Z,1,4,false
2019-07-06T04:59:46.447Z,1,5,false
2019-07-06T05:01:42.439Z,1,6,false
2019-07-06T05:03:46.548Z,1,7,false
2019-07-06T05:06:17.194Z,1,8,false
2019-07-06T05:08:20.566Z,1,9,false
2019-07-06T05:11:16.817Z,1,1,false
2019-07-06T05:13:30.535Z,1,2,false
2019-07-06T05:15:47.718Z,1,3,false
2019-07-06T05:18:06.198Z,1,4,false
2019-07-06T05:20:39.819Z,1,5,false
2019-07-06T05:22:52.911Z,1,6,false
2019-07-06T05:24:49.996Z,1,7,false
2019-07-06T05:26:52.829Z,1,8,false
2019-07-06T05:29:17.170Z,1,9,false
2019-07-06T05:32:06.320Z,1,1,false
2019-07-06T05:34:40.256Z,1,2,false
2019-07-06T05:36:49.841Z,1,3,false
2019-07-06T05:39:07.651Z,1,4,false
2019-07-06T05:41:11.932Z,1,5,false
2019-07-06T05:43:53.472Z,1,6,false
2019-07-06T05:46:06.052Z,1,7,false
2019-07-06T05:48:12.902Z,1,8,false
2019-07-06T05:50:41.153Z,1,9,false
2019-07-06T05:54:12.111Z,1,1,false
2019-07-06T05:56:23.950Z,1,2,false
2019-07-06T05:58:32.439Z,1,3,false
2019-07-06T06:01:04.218Z,1,4,false
2019-07-06T06:03:16.266Z,1,5,false
2019-07-06T06:05:40.189Z,1,6,false
2019-07-06T06:07:58.732Z,1,7,false
2019-07-06T06:10:00.548Z,1,8,false
2019-07-06T06:12:13.162Z,1,9,false
2019-07-06T06:15:01.555Z,1,1,false
2019-07-06T06:17:21.518Z,1,2,false
2019-07-06T06:19:20.205Z,1,3,false
2019-07-06T06:21:54.800Z,1,4,false
2019-07-06T06:24:04.921Z,1,5,false
2019-07-06T06:26:28.739Z,1,6,false
2019-07-06T06:28:24.689Z,1,7,false
2019-07-06T06:30:48.394Z,1,8,false
2019-07-06T06:32:49.776Z,1,9,false
2019-07-06T06:35:35.251Z,1,1,false
2019-07-06T06:37:46.051Z,1,2,false
2019-07-06T06:39:51.194Z,1,3,false
2019-07-06T06:42:00.982Z,1,4,false
2019-07-06T06:44:44.704Z,1,5,false
2019-07-06T06:46:57.591Z,1,6,false
2019-07-06T06:48:59.576Z,1,7,false
2019-07-06T06:51:19.016Z,1,8,false
2019-07-06T06:53:43.664Z,1,9,false
2019-07-06T06:56:45.133Z,1,1,false
2019-07-06T06:59:01.321Z,1,2,false
2019-07-06T07:00:58.953Z,1,3,false
2019-07-06T07:03:11.442Z,1,4,false
2019-07-06T07:05:35.628Z,1,5,false
2019-07-06T07:07:51.074Z,1,6,false
2019-07-06T07:10:35.767Z,1,7,false
2019-07-06T07:12:49.621Z,1,8,false
2019-07-06T07:14:52.499Z,1,9,false
2019-07-06T07:17:48.463Z,1,1,false
2019-07-06T07:20:36.908Z,1,2,false
2019-07-06T07:22:43.533Z,1,3,false
2019-07-06T07:25:02.029Z,1,4,false
2019-07-06T07:27:23.634Z,1,5,false
2019-07-06T07:29:57.093Z,1,6,false
2019-07-06T07:31:51.930Z,1,7,false
2019-07-06T07:33:52.432Z,1,8,false
2019-07-06T07:36:15.098Z,1,9,false
2019-07-06T07:39:04.879Z,1,1,false
2019-07-06T07:41:15.277Z,1,2,false
2019-07-06T07:43:42.025Z,1,3,false
2019-07-06T07:45:47.935Z,1,4,false
2019-07-06T07:47:50.465Z,1,5,false
2019-07-06T07:50:17.946Z,1,6,false
2019-07-06T07:52:26.090Z,1,7,false
2019-07-06T07:54:55.913Z,1,8,false
2019-07-06T07:57:12.226Z,1,9,false
2019-07-06T08:00:10.276Z,1,1,false
2019-07-06T08:02:04.360Z,1,2,false
2019-07-06T08:04:18.552Z,1,3,false
2019-07-06T08:06:46.070Z,1,4,false
2019-07-06T08:09:13.225Z,1,5,false
2019-07-06T08:11:23.871Z,1,6,false
2019-07-06T08:13:32.734Z,1,7,false
2019-07-06T08:15:51.280Z,1,8,false
2019-07-06T08:18:00.883Z,1,9,false
2019-07-06T08:20:52.767Z,1,1,false
2019-07-06T08:23:06.913Z,1,2,false
2019-07-06T08:25:25.670Z,1,3,false
2019-07-06T08:27:51.801Z,1,4,false
2019-07-06T08:30:04.968Z,1,5,false
2019-07-06T08:32:10.838Z,1,6,false
2019-07-06T08:34:16.798Z,1,7,false
2019-07-06T08:36:34.477Z,1,8,false
2019-07-06T08:38:37.937Z,1,9,false
2019-07-06T08:41:06.192Z,1,1,false
2019-07-06T08:43:59.415Z,1,2,false
2019-07-06T08:46:15.704Z,1,3,false
2019-07-06T08:48:36.840Z,1,4,false
2019-07-06T08:50:56.806Z,1,5,false
2019-07-06T08:53:33.451Z,1,6,false
2019-07-06T08:55:44.743Z,1,7,false
2019-07-06T08:58:26.121Z,1,8,false
2019-07-06T09:00:49.132Z,1,9,false
2019-07-06T09:03:38.981Z,1,1,false
2019-07-06T09:05:47.830Z,1,2,false
2019-07-06T09:08:04.468Z,1,3,false
2019-07-06T09:10:20.754Z,1,4,false
2019-07-06T09:12:44.201Z,1,5,false
2019-07-06T09:14:49.678Z,1,6,false
2019-07-06T09:17:09.934Z,1,7,false
2019-07-06T09:19:28.366Z,1,8,false
2019-07-06T09:21:40.285Z,1,9,false
2019-07-06T09:24:29.792Z,1,1,false
2019-07-06T09:27:16.275Z,1,2,false
2019-07-06T09:29:20.505Z,1,3,false
2019-07-06T09:31:51.225Z,1,4,false
2019-07-06T09:33:56.389Z,1,5,false
2019-07-06T09:36:37.032Z,1,6,false
2019-07-06T09:39:05.076Z,1,7,false
2019-07-06T09:41:19.342Z,1,8,false
2019-07-06T09:43:48.008Z,1,9,false
2019-07-06T09:46:20.061Z,1,1,false
2019-07-06T09:49:19.388Z,1,2,false
2019-07-06T09:51:22.452Z,1,3,false
2019-07-06T09:53:51.767Z,1,4,false
2019-07-06T09:56:07.967Z,1,5,false
2019-07-06T09:58:23.053Z,1,6,false
2019-07-06T10:00:23.305Z,1,7,false
2019-07-06T10:02:34.280Z,1,8,false
2019-07-06T10:04:56.162Z,1,9,false
2019-07-06T10:07:54.873Z,1,1,false
2019-07-06T10:10:34.182Z,1,2,false
2019-07-06T10:13:06.175Z,1,3,false
2019-07-06T10:15:32.394Z,1,4,false
2019-07-06T10:17:54.765Z,1,5,false
2019-07-06T10:20:36.585Z,1,6,false
2019-07-06T10:22:45.780Z,1,7,false
2019-07-06T10:24:54.981Z,1,8,false
2019-07-06T10:26:59.166Z,1,9,false
2019-07-06T10:30:12.205Z,1,1,false
2019-07-06T10:32:20.282Z,1,2,false
2019-07-06T10:34:37.495Z,1,3,false
2019-07-06T10:36:51.053Z,1,4,false
2019-07-06T10:39:18.028Z,1,5,false
2019-07-06T10:41:29.960Z,1,6,false
2019-07-06T10:43:49.952Z,1,7,false
2019-07-06T10:45:51.208Z,1,8,false
2019-07-06T10:47:47.768Z,1,9,false
2019-07-06T10:50:56.577Z,1,1,false
2019-07-06T10:53:22.332Z,1,2,false
2019-07-06T10:55:26.361Z,1,3,false
2019-07-06T10:57:48.542Z,1,4,false
2019-07-06T10:59:58.876Z,1,5,false
2019-07-06T11:02:05.794Z,1,6,false
2019-07-06T11:04:23.023Z,1,7,false
2019-07-06T11:06:16.060Z,1,8,false
2019-07-06T11:08:05.341Z,1,9,false
2019-07-06T11:10:24.981Z,1,1,false
2019-07-06T11:12:22.626Z,1,2,false
2019-07-06T11:14:43.768Z,1,3,false
2019-07-06T11:16:42.333Z,1,4,false
2019-07-06T11:18:37.449Z,1,5,false
2019-07-06T11:20:52.797Z,1,6,false
2019-07-06T11:23:07.955Z,1,7,false
2019-07-06T11:25:25.413Z,1,8,false
2019-07-06T11:27:23.446Z,1,9,false
2019-07-06T11:30:15.494Z,1,1,false
2019-07-06T11:32:23.238Z,1,2,false
2019-07-06T11:34:49.978Z,1,3,false
2019-07-06T11:37:08.161Z,1,4,false
2019-07-06T11:39:17.201Z,1,5,false
2019-07-06T11:41:28.584Z,1,6,false
2019-07-06T11:43:27.001Z,1,7,false
2019-07-06T11:45:43.473Z,1,8,false
2019-07-06T11:47:48.816Z,1,9,false
2019-07-06T11:50:32.259Z,1,1,false
2019-07-06T11:52:25.632Z,1,2,false
2019-07-06T11:54:48.265Z,1,3,false
2019-07-06T11:57:07.325Z,1,4,false
2019-07-06T11:59:27.380Z,1,5,false
2019-07-06T12:01:29.912Z,1,6,false
2019-07-06T12:03:52.997Z,1,7,false
2019-07-06T12:05:56.200Z,1,8,false
2019-07-06T12:07:56.725Z,1,9,false
2019-07-06T12:10:39.520Z,1,1,false
2019-07-06T12:12:55.523Z,1,2,false
2019-07-06T12:15:21.986Z,1,3,false
2019-07-06T12:17:59.402Z,1,4,false
2019-07-06T12:20:26.514Z,1,5,false
2019-07-06T12:22:18.997Z,1,6,false
2019-07-06T12:24:38.088Z,1,7,false
2019-07-06T12:26:57.394Z,1,8,false
2019-07-06T12:29:13.769Z,1,9,false
2019-07-06T12:31:33.703Z,1,1,false
2019-07-06T12:34:03.482Z,1,2,false
2019-07-06T12:35:56.628Z,1,3,false
2019-07-06T12:38:07.891Z,1,4,false
2019-07-06T12:39:59.035Z,1,5,false
2019-07-06T12:42:20.634Z,1,6,false
2019-07-06T12:44:31.125Z,1,7,false
2019-07-06T12:46:48.502Z,1,8,false
2019-07-06T12:49:01.393Z,1,9,false
2019-07-06T12:51:44.562Z,1,1,false
2019-07-06T12:53:41.205Z,1,2,false
2019-07-06T12:55:33.973Z,1,3,false
2019-07-06T12:57:35.525Z,1,4,false
2019-07-06T12:59:41.812Z,1,5,false
2019-07-06T13:01:54.518Z,1,6,false
2019-07-06T13:04:02.403Z,1,7,false
2019-07-06T13:06:01.048Z,1,8,false
2019-07-06T13:08:03.521Z,1,9,false
2019-07-06T13:11:05.056Z,1,1,false
2019-07-06T13:12:56.561Z,1,2,false
2019-07-06T13:15:25.134Z,1,3,false
2019-07-06T13:17:39.851Z,1,4,false
2019-07-06T13:19:52.857Z,1,5,false
2019-07-06T13:22:12.883Z,1,6,false
2019-07-06T13:24:19.634Z,1,7,false
2019-07-06T13:26:36.561Z,1,8,false
2019-07-06T13:28:40.510Z,1,9,false
2019-07-06T13:31:30.070Z,1,1,false
2019-07-06T13:33:58.711Z,1,2,false
2019-07-06T13:35:59.147Z,1,3,false
2019-07-06T13:37:57.277Z,1,4,false
2019-07-06T13:40:09.963Z,1,5,false
2019-07-06T13:42:27.963Z,1,6,false
2019-07-06T13:44:37.066Z,1,7,false
2019-07-06T13:46:56.438Z,1,8,false
2019-07-06T13:49:28.897Z,1,9,false
2019-07-06T13:52:27.361Z,1,1,false
2019-07-06T13:55:15.232Z,1,2,false
2019-07-06T13:57:58.286Z,1,3,false
2019-07-06T14:00:40.774Z,1,4,false
2019-07-06T14:03:01.164Z,1,5,false
2019-07-06T14:05:18.417Z,1,6,false
2019-07-06T14:07:30.670Z,1,7,false
2019-07-06T14:09:28.762Z,1,8,false
2019-07-06T14:11:43.016Z,1,9,false
2019-07-06T14:14:51.174Z,1,1,false
2019-07-06T14:17:18.630Z,1,2,false
2019-07-06T14:19:37.166Z,1,3,false
2019-07-06T14:22:13.956Z,1,4,false
2019-07-06T14:24:19.855Z,1,5,false
2019-07-06T14:26:22.632Z,1,6,false
2019-07-06T14:28:13.904Z,1,7,false
2019-07-06T14:30:24.635Z,1,8,false
2019-07-06T14:32:24.735Z,1,9,false
2019-07-06T14:35:52.395Z,1,1,false
2019-07-06T14:38:10.665Z,1,2,false
2019-07-06T14:40:17.539Z,1,3,false
2019-07-06T14:42:31.550Z,1,4,false
2019-07-06T14:44:50.921Z,1,5,false
2019-07-06T14:47:12.610Z,1,6,false
2019-07-06T14:49:18.461Z,1,7,false
2019-07-06T14:51:42.078Z,1,8,false
2019-07-06T14:53:43.060Z,1,9,false
2019-07-06T14:56:53.551Z,1,1,false
2019-07-06T14:59:13.993Z,1,2,false
2019-07-06T15:01:27.566Z,1,3,false
2019-07-06T15:03:44.498Z,1,4,false
2019-07-06T15:06:03.992Z,1,5,false
2019-07-06T15:08:31.823Z,1,6,false
2019-07-06T15:10:49.632Z,1,7,false
2019-07-06T15:12:56.447Z,1,8,false
2019-07-06T15:14:52.888Z,1,9,false
2019-07-06T15:17:53.830Z,1,1,false
2019-07-06T15:20:20.221Z,1,2,false
2019-07-06T15:22:55.130Z,1,3,false
2019-07-06T15:24:54.710Z,1,4,false
2019-07-06T15:26:55.136Z,1,5,false
2019-07-06T15:28:50.874Z,1,6,false
2019-07-06T15:30:45.534Z,1,7,false
2019-07-06T15:32:51.021Z,1,8,false
2019-07-06T15:34:54.932Z,1,9,false
2019-07-06T15:37:27.469Z,1,1,false
2019-07-06T15:39:35.599Z,1,2,false
2019-07-06T15:41:35.861Z,1,3,false
2019-07-06T15:44:07.221Z,1,4,false
2019-07-06T15:46:16.883Z,1,5,false
2019-07-06T15:48:23.150Z,1,6,false
2019-07-06T15:50:27.327Z,1,7,false
2019-07-06T15:52:26.016Z,1,8,false
2019-07-06T15:54:45.213Z,1,9,false
2019-07-06T15:57:39.962Z,1,1,false
2019-07-06T15:59:47.847Z,1,2,false
2019-07-06T16:02:07.983Z,1,3,false
2019-07-06T16:04:12.427Z,1,4,false
2019-07-06T16:06:12.611Z,1,5,false
2019-07-06T16:08:31.669Z,1,6,false
2019-07-06T16:10:35.346Z,1,7,false
2019-07-06T16:12:27.297Z,1,8,false
2019-07-06T16:14:47.895Z,1,9,false
2019-07-06T16:18:16.687Z,1,1,false
2019-07-06T16:20:37.898Z,1,2,false
2019-07-06T16:22:47.088Z,1,3,false
2019-07-06T16:25:11.035Z,1,4,false
2019-07-06T16:27:29.736Z,1,5,false
2019-07-06T16:29:40.072Z,1,6,false
2019-07-06T16:32:07.370Z,1,7,false
2019-07-06T16:34:04.478Z,1,8,false
2019-07-06T16:36:21.001Z,1,9,false
2019-07-06T16:39:52.978Z,1,1,false
2019-07-06T16:42:14.537Z,1,2,false
2019-07-06T16:44:29.965Z,1,3,false
2019-07-06T16:46:38.492Z,1,4,false
2019-07-06T16:49:17.684Z,1,5,false
2019-07-06T16:51:18.347Z,1,6,false
2019-07-06T16:53:14.052Z,1,7,false
2019-07-06T16:55:19.655Z,1,8,false
2019-07-06T16:57:22.263Z,1,9,false
2019-07-06T17:00:14.610Z,1,1,false
2019-07-06T17:03:23.795Z,1,2,false
2019-07-06T17:06:00.580Z,1,3,false
2019-07-06T17:08:08.202Z,1,4,false
2019-07-06T17:10:43.504Z,1,5,false
2019-07-06T17:12:51.041Z,1,6,false
2019-07-06T17:15:11.921Z,1,7,false
2019-07-06T17:17:24.744Z,1,8,false
2019-07-06T17:19:19.357Z,1,9,false
2019-07-06T17:22:25.223Z,1,1,false
2019-07-06T17:24:57.062Z,1,2,false
2019-07-06T17:27:11.492Z,1,3,false
2019-07-06T17:29:34.279Z,1,4,false
2019-07-06T17:31:25.680Z,1,5,false
2019-07-06T17:33:31.314Z,1,6,false
2019-07-06T17:35:54.574Z,1,7,false
2019-07-06T17:37:49.708Z,1,8,false
2019-07-06T17:40:09.776Z,1,9,false
2019-07-06T17:42:41.880Z,1,1,false
2019-07-06T17:45:15.059Z,1,2,false
2019-07-06T17:47:21.650Z,1,3,false
2019-07-06T17:49:25.978Z,1,4,false
2019-07-06T17:51:40.017Z,1,5,false
2019-07-06T17:53:38.352Z,1,6,false
2019-07-06T17:55:37.371Z,1,7,false
2019-07-06T17:57:57.211Z,1,8,false
2019-07-06T18:00:07.758Z,1,9,false
2019-07-06T18:03:04.090Z,1,1,false
2019-07-06T18:05:17.364Z,1,2,false
2019-07-06T18:07:24.142Z,1,3,false
2019-07-06T18:09:48.365Z,1,4,false
2019-07-06T18:11:55.576Z,1,5,false
2019-07-06T18:14:14.905Z,1,6,false
2019-07-06T18:16:24.485Z,1,7,false
2019-07-06T18:18:37.713Z,1,8,false
2019-07-06T18:20:40.781Z,1,9,false
2019-07-06T18:23:14.465Z,1,1,false
2019-07-06T18:25:10.328Z,1,2,false
2019-07-06T18:27:43.342Z,1,3,false
2019-07-06T18:30:00.942Z,1,4,false
2019-07-06T18:32:07.318Z,1,5,false
2019-07-06T18:34:37.069Z,1,6,false
2019-07-06T18:37:00.723Z,1,7,false
2019-07-06T18:39:02.806Z,1,8,false
2019-07-06T18:40:59.338Z,1,9,false
2019-07-06T18:43:23.494Z,1,1,false
2019-07-06T18:46:05.073Z,1,2,false
2019-07-06T18:48:03.757Z,1,3,false
2019-07-06T18:50:03.386Z,1,4,false
2019-07-06T18:52:17.089Z,1,5,false
2019-07-06T18:54:50.283Z,1,6,false
2019-07-06T18:57:00.004Z,1,7,false
2019-07-06T18:59:15.520Z,1,8,false
2019-07-06T19:01:42.424Z,1,9,false
2019-07-06T19:04:22.669Z,1,1,false
2019-07-06T19:06:12.265Z,1,2,false
2019-07-06T19:08:26.512Z,1,3,false
2019-07-06T19:10:27.849Z,1,4,false
2019-07-06T19:12:30.497Z,1,5,false
2019-07-06T19:14:56.865Z,1,6,false
2019-07-06T19:17:07.990Z,1,7,false
2019-07-06T19:19:11.514Z,1,8,false
2019-07-06T19:21:26.122Z,1,9,false
2019-07-06T19:24:20.261Z,1,1,false
2019-07-06T19:26:23.676Z,1,2,false
2019-07-06T19:28:31.322Z,1,3,false
2019-07-06T19:30:36.891Z,1,4,false
2019-07-06T19:32:36.135Z,1,5,false
2019-07-06T19:34:44.479Z,1,6,false
2019-07-06T19:36:58.094Z,1,7,false
2019-07-06T19:39:00.878Z,1,8,false
2019-07-06T19:41:01.660Z,1,9,false
2019-07-06T19:43:36.394Z,1,1,false
2019-07-06T19:46:25.832Z,1,2,false
2019-07-06T19:48:32.418Z,1,3,false
2019-07-06T19:50:37.492Z,1,4,false
2019-07-06T19:53:14.153Z,1,5,false
2019-07-06T19:55:33.247Z,1,6,false
2019-07-06T19:57:30.032Z,1,7,false
2019-07-06T19:59:48.860Z,1,8,false
2019-07-06T20:02:06.558Z,1,9,false
2019-07-06T20:05:06.930Z,1,1,false
2019-07-06T20:07:34.929Z,1,2,false
2019-07-06T20:10:00.574Z,1,3,false
2019-07-06T20:12:35.909Z,1,4,false
2019-07-06T20:14:46.778Z,1,5,false
2019-07-06T20:17:03.327Z,1,6,false
2019-07-06T20:19:15.506Z,1,7,false
2019-07-06T20:21:55.096Z,1,8,false
2019-07-06T20:23:44.981Z,1,9,false
2019-07-06T20:26:39.825Z,1,1,false
2019-07-06T20:28:39.410Z,1,2,false
2019-07-06T20:30:46.143Z,1,3,false
2019-07-06T20:32:39.664Z,1,4,false
2019-07-06T20:34:55.224Z,1,5,false
2019-07-06T20:37:27.826Z,1,6,false
2019-07-06T20:39:30.636Z,1,7,false
2019-07-06T20:42:02.011Z,1,8,false
2019-07-06T20:44:01.425Z,1,9,false
2019-07-06T20:46:38.200Z,1,1,false
2019-07-06T20:49:42.748Z,1,2,false
2019-07-06T20:51:37.102Z,1,3,false
2019-07-06T20:54:01.642Z,1,4,false
2019-07-06T20:56:39.839Z,1,5,false
2019-07-06T20:58:38.715Z,1,6,false
2019-07-06T21:00:39.521Z,1,7,false
2019-07-06T21:03:08.498Z,1,8,false
2019-07-06T21:05:19.183Z,1,9,false
2019-07-06T21:07:20.967Z,1,1,false
2019-07-06T21:09:59.042Z,1,2,false
2019-07-06T21:12:24.353Z,1,3,false
2019-07-06T21:14:55.627Z,1,4,false
2019-07-06T21:16:52.933Z,1,5,false
2019-07-06T21:19:07.368Z,1,6,false
2019-07-06T21:21:10.928Z,1,7,false
2019-07-06T21:23:33.329Z,1,8,false
2019-07-06T21:25:55.021Z,1,9,false
2019-07-06T21:29:23.657Z,1,1,false
2019-07-06T21:32:10.490Z,1,2,false
2019-07-06T21:34:04.623Z,1,3,false
2019-07-06T21:36:14.278Z,1,4,false
2019-07-06T21:38:22.122Z,1,5,false
2019-07-06T21:40:29.411Z,1,6,false
2019-07-06T21:42:25.128Z,1,7,false
2019-07-06T21:44:45.199Z,1,8,false
2019-07-06T21:46:43.305Z,1,9,false
2019-07-06T21:49:29.569Z,1,1,false
2019-07-06T21:51:48.038Z,1,2,false
2019-07-06T21:53:51.909Z,1,3,false
2019-07-06T21:56:20.771Z,1,4,false
2019-07-06T21:58:18.780Z,1,5,false
2019-07-06T22:00:28.814Z,1,6,false
2019-07-06T22:02:56.978Z,1,7,false
2019-07-06T22:05:14.168Z,1,8,false
2019-07-06T22:07:05.168Z,1,9,false
2019-07-06T22:09:46.067Z,1,1,false
2019-07-06T22:11:46.986Z,1,2,false
2019-07-06T22:13:48.662Z,1,3,false
2019-07-06T22:16:05.721Z,1,4,false
2019-07-06T22:18:30.10Z,1,5,false
2019-07-06T22:20:54.945Z,1,6,false
2019-07-06T22:23:02.426Z,1,7,false
2019-07-06T22:25:16.268Z,1,8,false
2019-07-06T22:27:24.007Z,1,9,false
2019-07-06T22:30:18.113Z,1,1,false
2019-07-06T22:32:22.589Z,1,2,false
2019-07-06T22:34:44.992Z,1,3,false
2019-07-06T22:36:40.028Z,1,4,false
2019-07-06T22:38:41.679Z,1,5,false
2019-07-06T22:41:02.320Z,1,6,false
2019-07-06T22:43:04.226Z,1,7,false
2019-07-06T22:45:08.608Z,1,8,false
2019-07-06T22:47:08.540Z,1,9,false
2019-07-06T22:49:52.049Z,1,1,false
2019-07-06T22:52:27.598Z,1,2,false
2019-07-06T22:54:43.467Z,1,3,false
2019-07-06T22:57:01.776Z,1,4,false
2019-07-06T22:59:28.377Z,1,5,false
2019-07-06T23:01:56.543Z,1,6,false
2019-07-06T23:04:12.970Z,1,7,false
2019-07-06T23:06:31.801Z,1,8,false
2019-07-06T23:09:00.428Z,1,9,false
2019-07-06T23:11:59.292Z,1,1,false
2019-07-06T23:14:28.375Z,1,2,false
2019-07-06T23:16:43.501Z,1,3,false
2019-07-06T23:18:39.029Z,1,4,false
2019-07-06T23:21:11.304Z,1,5,false
2019-07-06T23:23:06.482Z,1,6,false
2019-07-06T23:25:24.740Z,1,7,false
2019-07-06T23:27:33.572Z,1,8,false
2019-07-06T23:29:41.999Z,1,9,false
2019-07-06T23:32:59.939Z,1,1,false
2019-07-06T23:35:18.737Z,1,2,false
2019-07-06T23:37:31.248Z,1,3,false
2019-07-06T23:39:47.236Z,1,4,false
2019-07-06T23:42:22.460Z,1,5,false
2019-07-06T23:44:30.938Z,1,6,false
2019-07-06T23:46:56.101Z,1,7,false
2019-07-06T23:49:03.171Z,1,8,false
2019-07-06T23:51:10.453Z,1,9,false
2019-07-06T23:54:05.804Z,1,1,false
2019-07-06T23:56:11.418Z,1,2,false
2019-07-06T23:58:43.808Z,1,3,false
2019-07-07T00:00:57.745Z,1,4,false
2019-07-07T00:03:00.753Z,1,5,false
2019-07-07T00:05:23.519Z,1,6,false
2019-07-07T00:07:49.630Z,1,7,false
2019-07-07T00:09:37.908Z,1,8,false
2019-07-07T00:12:08.499Z,1,9,false
2019-07-07T00:15:19.954Z,1,1,false
2019-07-07T00:17:41.162Z,1,2,false
2019-07-07T00:20:19.808Z,1,3,false
2019-07-07T00:22:28.106Z,1,4,false
2019-07-07T00:24:47.307Z,1,5,false
2019-07-07T00:28:01.833Z,1,6,false
2019-07-07T00:30:33.986Z,1,7,false
2019-07-07T00:32:29.263Z,1,8,false
2019-07-07T00:34:42.098Z,1,9,false
2019-07-07T00:37:34.753Z,1,1,false
2019-07-07T00:40:08.199Z,1,2,false
2019-07-07T00:43:01.722Z,1,3,false
2019-07-07T00:45:21.266Z,1,4,false
2019-07-07T00:47:49.693Z,1,5,false
2019-07-07T00:51:15.457Z,1,6,false
2019-07-07T00:54:07.473Z,1,7,false
2019-07-07T00:56:22.882Z,1,8,false
2019-07-07T00:58:38.729Z,1,9,false
2019-07-07T01:01:31.377Z,1,1,false
2019-07-07T01:04:17.107Z,1,2,false
2019-07-07T01:07:18.969Z,1,3,false
2019-07-07T01:09:40.556Z,1,4,false
2019-07-07T01:12:09.601Z,1,5,false
2019-07-07T01:14:00.360Z,1,6,false
2019-07-07T01:16:25.556Z,1,7,false
2019-07-07T01:18:44.882Z,1,8,false
2019-07-07T01:21:22.368Z,1,9,false
2019-07-07T01:24:17.281Z,1,1,false
2019-07-07T01:27:18.066Z,1,2,false
2019-07-07T01:29:45.160Z,1,3,false
2019-07-07T01:31:57.512Z,1,4,false
2019-07-07T01:34:03.040Z,1,5,false
2019-07-07T01:36:37.896Z,1,6,false
2019-07-07T01:39:39.148Z,1,7,false
2019-07-07T01:42:03.473Z,1,8,false
2019-07-07T01:44:25.336Z,1,9,false
2019-07-07T01:47:08.401Z,1,1,false
2019-07-07T01:49:05.677Z,1,2,false
2019-07-07T01:50:59.853Z,1,3,false
2019-07-07T01:52:56.583Z,1,4,false
2019-07-07T01:55:17.595Z,1,5,false
2019-07-07T01:57:28.945Z,1,6,false
2019-07-07T02:00:21.042Z,1,7,false
2019-07-07T02:02:29.893Z,1,8,false
2019-07-07T02:04:44.140Z,1,9,false
2019-07-07T02:07:24.789Z,1,1,false
2019-07-07T02:10:10.413Z,1,2,false
2019-07-07T02:12:26.378Z,1,3,false
2019-07-07T02:15:10.420Z,1,4,false
2019-07-07T02:17:53.142Z,1,5,false
2019-07-07T02:20:42.718Z,1,6,false
2019-07-07T02:23:05.352Z,1,7,false
2019-07-07T02:24:53.109Z,1,8,false
2019-07-07T02:27:01.971Z,1,9,false
2019-07-07T02:29:56.604Z,1,1,false
2019-07-07T02:32:22.160Z,1,2,false
2019-07-07T02:34:35.865Z,1,3,false
2019-07-07T02:36:51.192Z,1,4,false
2019-07-07T02:39:16.734Z,1,5,false
2019-07-07T02:41:36.441Z,1,6,false
2019-07-07T02:44:18.822Z,1,7,false
2019-07-07T02:46:54.961Z,1,8,false
2019-07-07T02:49:32.991Z,1,9,false
2019-07-07T02:52:22.070Z,1,1,false
2019-07-07T02:55:04.998Z,1,2,false
2019-07-07T02:57:04.146Z,1,3,false
2019-07-07T02:59:05.576Z,1,4,false
2019-07-07T03:01:29.733Z,1,5,false
2019-07-07T03:03:26.465Z,1,6,false
2019-07-07T03:06:32.927Z,1,7,false
2019-07-07T03:09:15.063Z,1,8,false
2019-07-07T03:11:48.112Z,1,9,false
2019-07-07T03:14:32.399Z,1,1,false
2019-07-07T03:17:04.370Z,1,2,false
2019-07-07T03:19:44.962Z,1,3,false
2019-07-07T03:22:10.144Z,1,4,false
2019-07-07T03:24:17.526Z,1,5,false
2019-07-07T03:26:17.018Z,1,6,false
2019-07-07T03:28:13.569Z,1,7,false
2019-07-07T03:30:34.529Z,1,8,false
2019-07-07T03:32:49.259Z,1,9,false
2019-07-07T03:35:30.126Z,1,1,false
2019-07-07T03:38:31.674Z,1,2,false
2019-07-07T03:40:46.319Z,1,3,false
2019-07-07T03:42:50.584Z,1,4,false
2019-07-07T03:45:27.116Z,1,5,false
2019-07-07T03:47:34.402Z,1,6,false
2019-07-07T03:49:31.481Z,1,7,false
2019-07-07T03:52:41.600Z,1,8,false
2019-07-07T03:56:40.206Z,1,9,false
2019-07-07T03:59:38.754Z,1,1,false
2019-07-07T04:02:08.792Z,1,2,false
2019-07-07T04:04:32.023Z,1,3,false
2019-07-07T04:06:52.233Z,1,4,false
2019-07-07T04:09:21.609Z,1,5,false
2019-07-07T04:11:47.535Z,1,6,false
2019-07-07T04:14:28.814Z,1,7,false
2019-07-07T04:17:38.425Z,1,8,false
2019-07-07T04:19:38.672Z,1,9,false
2019-07-07T04:22:40.103Z,1,1,false
2019-07-07T04:25:33.763Z,1,2,false
2019-07-07T04:27:59.972Z,1,3,false
2019-07-07T04:30:29.925Z,1,4,false
2019-07-07T04:32:51.381Z,1,5,false
2019-07-07T04:35:28.300Z,1,6,false
2019-07-07T04:38:00.557Z,1,7,false
2019-07-07T04:40:23.644Z,1,8,false
2019-07-07T04:42:46.040Z,1,9,false
2019-07-07T04:45:20.798Z,1,1,false
2019-07-07T04:48:06.227Z,1,2,false
2019-07-07T04:50:05.435Z,1,3,false
2019-07-07T04:52:44.868Z,1,4,false
2019-07-07T04:54:50.898Z,1,5,false
2019-07-07T04:57:12.991Z,1,6,false
2019-07-07T04:59:24.583Z,1,7,false
2019-07-07T05:02:48.112Z,1,8,false
2019-07-07T05:05:32.273Z,1,9,false
2019-07-07T05:08:09.029Z,1,1,false
2019-07-07T05:11:27.254Z,1,2,false
2019-07-07T05:14:01.762Z,1,3,false
2019-07-07T05:16:29.906Z,1,4,false
2019-07-07T05:18:49.402Z,1,5,false
2019-07-07T05:21:07.496Z,1,6,false
2019-07-07T05:24:08.751Z,1,7,false
2019-07-07T05:26:39.551Z,1,8,false
2019-07-07T05:29:33.568Z,1,9,false
2019-07-07T05:32:38.046Z,1,1,false
2019-07-07T05:35:11.106Z,1,2,false
2019-07-07T05:37:20.365Z,1,3,false
2019-07-07T05:39:25.986Z,1,4,false
2019-07-07T05:41:38.352Z,1,5,false
2019-07-07T05:43:59.264Z,1,6,false
2019-07-07T05:45:52.241Z,1,7,false
2019-07-07T05:48:37.064Z,1,8,false
2019-07-07T05:51:24.058Z,1,9,false
2019-07-07T05:54:03.550Z,1,1,false
2019-07-07T05:56:57.999Z,1,2,false
2019-07-07T05:59:04.103Z,1,3,false
2019-07-07T06:01:21.652Z,1,4,false
2019-07-07T06:03:39.940Z,1,5,false
2019-07-07T06:05:58.250Z,1,6,false
2019-07-07T06:08:10.189Z,1,7,false
2019-07-07T06:10:05.542Z,1,8,false
2019-07-07T06:12:30.819Z,1,9,false
2019-07-07T06:14:51.246Z,1,1,false
2019-07-07T06:17:22.391Z,1,2,false
2019-07-07T06:20:09.304Z,1,3,false
2019-07-07T06:22:43.178Z,1,4,false
2019-07-07T06:24:49.596Z,1,5,false
2019-07-07T06:27:23.963Z,1,6,false
2019-07-07T06:30:02.268Z,1,7,false
2019-07-07T06:32:11.533Z,1,8,false
2019-07-07T06:34:00.948Z,1,9,false
2019-07-07T06:36:52.515Z,1,1,false
2019-07-07T06:40:26.001Z,1,2,false
2019-07-07T06:42:33.686Z,1,3,false
2019-07-07T06:44:57.151Z,1,4,false
2019-07-07T06:47:07.210Z,1,5,false
2019-07-07T06:49:21.209Z,1,6,false
2019-07-07T06:51:45.756Z,1,7,false
2019-07-07T06:54:07.186Z,1,8,false
2019-07-07T06:56:28.321Z,1,9,false
2019-07-07T06:59:47.315Z,1,1,false
2019-07-07T07:03:06.759Z,1,2,false
2019-07-07T07:05:27.711Z,1,3,false
2019-07-07T07:07:32.345Z,1,4,false
2019-07-07T07:09:33.742Z,1,5,false
2019-07-07T07:11:40.021Z,1,6,false
2019-07-07T07:13:59.319Z,1,7,false
2019-07-07T07:16:20.583Z,1,8,false
2019-07-07T07:19:18.247Z,1,9,false
2019-07-07T07:23:22.815Z,1,1,false
2019-07-07T07:26:14.060Z,1,2,false
2019-07-07T07:28:36.829Z,1,3,false
2019-07-07T07:31:32.711Z,1,4,false
2019-07-07T07:33:56.074Z,1,5,false
2019-07-07T07:35:59.550Z,1,6,false
2019-07-07T07:38:45.729Z,1,7,false
2019-07-07T07:41:16.654Z,1,8,false
2019-07-07T07:43:12.869Z,1,9,false
2019-07-07T07:46:11.633Z,1,1,false
2019-07-07T07:49:27.047Z,1,2,false
2019-07-07T07:52:11.498Z,1,3,false
2019-07-07T07:55:06.069Z,1,4,false
2019-07-07T07:57:23.499Z,1,5,false
2019-07-07T07:59:56.003Z,1,6,false
2019-07-07T08:02:26.826Z,1,7,false
2019-07-07T08:04:30.326Z,1,8,false
2019-07-07T08:06:57.390Z,1,9,false
2019-07-07T08:10:03.845Z,1,1,false
2019-07-07T08:12:48.828Z,1,2,false
2019-07-07T08:15:23.200Z,1,3,false
2019-07-07T08:18:09.177Z,1,4,false
2019-07-07T08:21:01.173Z,1,5,false
2019-07-07T08:23:14.917Z,1,6,false
2019-07-07T08:25:27.148Z,1,7,false
2019-07-07T08:28:01.10Z,1,8,false
2019-07-07T08:30:21.451Z,1,9,false
2019-07-07T08:33:59.407Z,1,1,false
2019-07-07T08:36:10.948Z,1,2,false
2019-07-07T08:38:16.458Z,1,3,false
2019-07-07T08:40:40.870Z,1,4,false
2019-07-07T08:43:07.500Z,1,5,false
2019-07-07T08:45:24.453Z,1,6,false
2019-07-07T08:47:43.593Z,1,7,false
2019-07-07T08:50:09.177Z,1,8,false
2019-07-07T08:52:13.802Z,1,9,false
2019-07-07T08:54:57.195Z,1,1,false
2019-07-07T08:57:42.615Z,1,2,false
2019-07-07T09:00:31.427Z,1,3,false
2019-07-07T09:02:46.247Z,1,4,false
2019-07-07T09:05:13.309Z,1,5,false
2019-07-07T09:07:37.113Z,1,6,false
2019-07-07T09:09:53.193Z,1,7,false
2019-07-07T09:12:18.207Z,1,8,false
2019-07-07T09:14:39.314Z,1,9,false
2019-07-07T09:17:34.727Z,1,1,false
2019-07-07T09:20:11.202Z,1,2,false
2019-07-07T09:22:36.191Z,1,3,false
2019-07-07T09:24:51.230Z,1,4,false
2019-07-07T09:27:31.803Z,1,5,false
2019-07-07T09:29:53.957Z,1,6,false
2019-07-07T09:32:24.191Z,1,7,false
2019-07-07T09:35:09.555Z,1,8,false
2019-07-07T09:37:41.571Z,1,9,false
2019-07-07T09:40:40.317Z,1,1,false
2019-07-07T09:43:29.699Z,1,2,false
2019-07-07T09:45:43.076Z,1,3,false
2019-07-07T09:48:26.895Z,1,4,false
2019-07-07T09:51:04.018Z,1,5,false
2019-07-07T09:53:37.930Z,1,6,false
2019-07-07T09:56:08.158Z,1,7,false
2019-07-07T09:58:30.867Z,1,8,false
2019-07-07T10:00:54.121Z,1,9,false
2019-07-07T10:03:36.705Z,1,1,false
2019-07-07T10:06:25.316Z,1,2,false
2019-07-07T10:08:48.738Z,1,3,false
2019-07-07T10:11:00.498Z,1,4,false
2019-07-07T10:13:24.502Z,1,5,false
2019-07-07T10:15:39.161Z,1,6,false
2019-07-07T10:17:55.414Z,1,7,false
2019-07-07T10:20:35.055Z,1,8,false
2019-07-07T10:22:48.695Z,1,9,false
2019-07-07T10:25:51.382Z,1,1,false
2019-07-07T10:28:41.593Z,1,2,false
2019-07-07T10:30:42.766Z,1,3,false
2019-07-07T10:33:11.445Z,1,4,false
2019-07-07T10:35:36.433Z,1,5,false
2019-07-07T10:37:56.088Z,1,6,false
2019-07-07T10:40:31.172Z,1,7,false
2019-07-07T10:42:56.461Z,1,8,false
2019-07-07T10:45:06.017Z,1,9,false
2019-07-07T10:47:32.276Z,1,1,false
2019-07-07T10:50:21.147Z,1,2,false
2019-07-07T10:52:26.056Z,1,3,false
2019-07-07T10:54:56.878Z,1,4,false
2019-07-07T10:57:09.150Z,1,5,false
2019-07-07T10:59:51.711Z,1,6,false
2019-07-07T11:01:56.995Z,1,7,false
2019-07-07T11:04:36.486Z,1,8,false
2019-07-07T11:07:11.589Z,1,9,false
2019-07-07T11:09:52.646Z,1,1,false
2019-07-07T11:12:45.077Z,1,2,false
2019-07-07T11:15:07.501Z,1,3,false
2019-07-07T11:17:08.173Z,1,4,false
2019-07-07T11:19:44.550Z,1,5,false
2019-07-07T11:22:22.633Z,1,6,false
2019-07-07T11:24:37.276Z,1,7,false
2019-07-07T11:26:55.063Z,1,8,false
2019-07-07T11:29:18.088Z,1,9,false
2019-07-07T11:32:37.902Z,1,1,false
2019-07-07T11:35:44.946Z,1,2,false
2019-07-07T11:38:02.261Z,1,3,false
2019-07-07T11:40:09.194Z,1,4,false
2019-07-07T11:42:09.433Z,1,5,false
2019-07-07T11:44:26.771Z,1,6,false
2019-07-07T11:47:08.145Z,1,7,false
2019-07-07T11:49:30.308Z,1,8,false
2019-07-07T11:52:18.946Z,1,9,false
2019-07-07T11:55:19.986Z,1,1,false
2019-07-07T11:57:38.630Z,1,2,false
2019-07-07T11:59:54.474Z,1,3,false
2019-07-07T12:02:23.357Z,1,4,false
2019-07-07T12:04:41.462Z,1,5,false
2019-07-07T12:07:01.259Z,1,6,false
2019-07-07T12:09:11.735Z,1,7,false
2019-07-07T12:11:11.582Z,1,8,false
2019-07-07T12:13:22.755Z,1,9,false
2019-07-07T12:16:01.279Z,1,1,false
2019-07-07T12:18:35.786Z,1,2,false
2019-07-07T12:21:07.433Z,1,3,false
2019-07-07T12:23:51.845Z,1,4,false
2019-07-07T12:26:31.182Z,1,5,false
2019-07-07T12:29:09.751Z,1,6,false
2019-07-07T12:31:39.772Z,1,7,false
2019-07-07T12:34:20.667Z,1,8,false
2019-07-07T12:36:42.768Z,1,9,false
2019-07-07T12:39:22.768Z,1,1,false
2019-07-07T12:42:17.438Z,1,2,false
2019-07-07T12:44:54.822Z,1,3,false
2019-07-07T12:47:12.444Z,1,4,false
2019-07-07T12:49:14.628Z,1,5,false
2019-07-07T12:51:38.139Z,1,6,false
2019-07-07T12:54:10.076Z,1,7,false
2019-07-07T12:56:39.251Z,1,8,false
2019-07-07T12:58:43.424Z,1,9,false
2019-07-07T13:02:14.439Z,1,1,false
2019-07-07T13:05:26.526Z,1,2,false
2019-07-07T13:08:26.389Z,1,3,false
2019-07-07T13:11:05.343Z,1,4,false
2019-07-07T13:13:22.540Z,1,5,false
2019-07-07T13:16:10.006Z,1,6,false
2019-07-07T13:18:17.876Z,1,7,false
2019-07-07T13:20:30.722Z,1,8,false
2019-07-07T13:22:55.900Z,1,9,false
2019-07-07T13:25:46.653Z,1,1,false
2019-07-07T13:28:49.433Z,1,2,false
2019-07-07T13:30:58.689Z,1,3,false
2019-07-07T13:33:28.378Z,1,4,false
2019-07-07T13:35:27.068Z,1,5,false
2019-07-07T13:38:03.073Z,1,6,false
2019-07-07T13:40:32.424Z,1,7,false
2019-07-07T13:43:06.527Z,1,8,false
2019-07-07T13:45:09.806Z,1,9,false
2019-07-07T13:47:48.905Z,1,1,false
2019-07-07T13:50:09.592Z,1,2,false
2019-07-07T13:52:15.098Z,1,3,false
2019-07-07T13:54:21.419Z,1,4,false
2019-07-07T13:56:52.831Z,1,5,false
2019-07-07T13:58:49.075Z,1,6,false
2019-07-07T14:00:54.768Z,1,7,false
2019-07-07T14:03:18.088Z,1,8,false
2019-07-07T14:05:27.180Z,1,9,false
2019-07-07T14:07:54.216Z,1,1,false
2019-07-07T14:10:47.330Z,1,2,false
2019-07-07T14:13:17.456Z,1,3,false
2019-07-07T14:15:35.844Z,1,4,false
2019-07-07T14:18:07.174Z,1,5,false
2019-07-07T14:20:33.882Z,1,6,false
2019-07-07T14:22:50.476Z,1,7,false
2019-07-07T14:24:59.876Z,1,8,false
2019-07-07T14:27:11.462Z,1,9,false
2019-07-07T14:30:06.409Z,1,1,false
2019-07-07T14:32:41.826Z,1,2,false
2019-07-07T14:35:15.545Z,1,3,false
2019-07-07T14:37:48.807Z,1,4,false
2019-07-07T14:40:41.411Z,1,5,false
2019-07-07T14:42:37.846Z,1,6,false
2019-07-07T14:45:02.588Z,1,7,false
2019-07-07T14:47:45.739Z,1,8,false
2019-07-07T14:50:05.381Z,1,9,false
2019-07-07T14:53:38.771Z,1,1,false
2019-07-07T14:56:13.323Z,1,2,false
2019-07-07T14:58:34.750Z,1,3,false
2019-07-07T15:01:02.346Z,1,4,false
2019-07-07T15:03:52.680Z,1,5,false
2019-07-07T15:06:32.954Z,1,6,false
2019-07-07T15:08:42.580Z,1,7,false
2019-07-07T15:11:08.308Z,1,8,false
2019-07-07T15:13:08.943Z,1,9,false
2019-07-07T15:15:47.721Z,1,1,false
2019-07-07T15:18:47.143Z,1,2,false
2019-07-07T15:20:47.323Z,1,3,false
2019-07-07T15:23:18.713Z,1,4,false
2019-07-07T15:25:30.057Z,1,5,false
2019-07-07T15:27:40.457Z,1,6,false
2019-07-07T15:30:13.117Z,1,7,false
2019-07-07T15:32:27.051Z,1,8,false
2019-07-07T15:34:58.940Z,1,9,false
2019-07-07T15:38:05.680Z,1,1,false
2019-07-07T15:40:47.049Z,1,2,false
2019-07-07T15:43:04.204Z,1,3,false
2019-07-07T15:45:08.580Z,1,4,false
2019-07-07T15:47:33.746Z,1,5,false
2019-07-07T15:49:58.515Z,1,6,false
2019-07-07T15:52:17.879Z,1,7,false
2019-07-07T15:54:52.986Z,1,8,false
2019-07-07T15:57:16.149Z,1,9,false
2019-07-07T16:00:13.855Z,1,1,false
2019-07-07T16:02:35.842Z,1,2,false
2019-07-07T16:05:06.272Z,1,3,false
2019-07-07T16:07:12.514Z,1,4,false
2019-07-07T16:09:43.946Z,1,5,false
2019-07-07T16:12:05.444Z,1,6,false
2019-07-07T16:14:21.112Z,1,7,false
2019-07-07T16:16:45.782Z,1,8,false
2019-07-07T16:19:13.546Z,1,9,false
2019-07-07T16:22:24.495Z,1,1,false
2019-07-07T16:24:52.648Z,1,2,false
2019-07-07T16:26:46.675Z,1,3,false
2019-07-07T16:29:08.534Z,1,4,false
2019-07-07T16:31:18.878Z,1,5,false
2019-07-07T16:33:51.139Z,1,6,false
2019-07-07T16:36:26.187Z,1,7,false
2019-07-07T16:38:48.364Z,1,8,false
2019-07-07T16:41:22.062Z,1,9,false
2019-07-07T16:44:45.794Z,1,1,false
2019-07-07T16:47:19.756Z,1,2,false
2019-07-07T16:49:59.168Z,1,3,false
2019-07-07T16:52:22.571Z,1,4,false
2019-07-07T16:55:13.551Z,1,5,false
2019-07-07T16:57:19.856Z,1,6,false
2019-07-07T16:59:57.729Z,1,7,false
2019-07-07T17:02:04.585Z,1,8,false
2019-07-07T17:04:06.245Z,1,9,false
2019-07-07T17:07:32.802Z,1,1,false
2019-07-07T17:10:17.416Z,1,2,false
2019-07-07T17:12:25.595Z,1,3,false
2019-07-07T17:14:43.039Z,1,4,false
2019-07-07T17:16:58.469Z,1,5,false
2019-07-07T17:19:03.399Z,1,6,false
2019-07-07T17:21:23.320Z,1,7,false
2019-07-07T17:23:34.391Z,1,8,false
2019-07-07T17:25:58.076Z,1,9,false
2019-07-07T17:28:47.630Z,1,1,false
2019-07-07T17:31:40.597Z,1,2,false
2019-07-07T17:34:20.923Z,1,3,false
2019-07-07T17:37:02.177Z,1,4,false
2019-07-07T17:39:11.635Z,1,5,false
2019-07-07T17:41:22.818Z,1,6,false
2019-07-07T17:43:30.745Z,1,7,false
2019-07-07T17:45:51.814Z,1,8,false
2019-07-07T17:48:23.802Z,1,9,false
2019-07-07T17:51:33.178Z,1,1,false
2019-07-07T17:54:10.499Z,1,2,false
2019-07-07T17:56:15.709Z,1,3,false
2019-07-07T17:58:30.071Z,1,4,false
2019-07-07T18:00:55.718Z,1,5,false
2019-07-07T18:02:50.973Z,1,6,false
2019-07-07T18:05:21.798Z,1,7,false
2019-07-07T18:07:39.241Z,1,8,false
2019-07-07T18:09:58.619Z,1,9,false
2019-07-07T18:13:27.646Z,1,1,false
2019-07-07T18:16:34.785Z,1,2,false
2019-07-07T18:18:46.032Z,1,3,false
2019-07-07T18:20:58.324Z,1,4,false
2019-07-07T18:23:30.659Z,1,5,false
2019-07-07T18:25:45.825Z,1,6,false
2019-07-07T18:28:09.771Z,1,7,false
2019-07-07T18:30:42.365Z,1,8,false
2019-07-07T18:33:06.724Z,1,9,false
2019-07-07T18:35:44.610Z,1,1,false
2019-07-07T18:38:53.393Z,1,2,false
2019-07-07T18:41:00.333Z,1,3,false
2019-07-07T18:43:08.001Z,1,4,false
2019-07-07T18:45:25.465Z,1,5,false
2019-07-07T18:47:48.235Z,1,6,false
2019-07-07T18:50:10.786Z,1,7,false
2019-07-07T18:52:33.850Z,1,8,false
2019-07-07T18:54:34.857Z,1,9,false
2019-07-07T18:57:51.782Z,1,1,false
2019-07-07T19:00:36.529Z,1,2,false
2019-07-07T19:03:02.242Z,1,3,false
2019-07-07T19:05:29.329Z,1,4,false
2019-07-07T19:07:57.448Z,1,5,false
2019-07-07T19:09:59.320Z,1,6,false
2019-07-07T19:12:25.120Z,1,7,false
2019-07-07T19:14:53.814Z,1,8,false
2019-07-07T19:17:26.322Z,1,9,false
2019-07-07T19:20:48.348Z,1,1,false
2019-07-07T19:23:35.760Z,1,2,false
2019-07-07T19:25:40.443Z,1,3,false
2019-07-07T19:27:56.260Z,1,4,false
2019-07-07T19:30:21.957Z,1,5,false
2019-07-07T19:32:46.299Z,1,6,false
2019-07-07T19:35:10.296Z,1,7,false
2019-07-07T19:37:26.591Z,1,8,false
2019-07-07T19:39:34.668Z,1,9,false
2019-07-07T19:42:25.267Z,1,1,false
2019-07-07T19:45:34.916Z,1,2,false
2019-07-07T19:48:10.962Z,1,3,false
2019-07-07T19:50:19.576Z,1,4,false
2019-07-07T19:52:24.151Z,1,5,false
2019-07-07T19:54:39.822Z,1,6,false
2019-07-07T19:57:06.182Z,1,7,false
2019-07-07T19:59:38.122Z,1,8,false
2019-07-07T20:01:59.566Z,1,9,false
2019-07-07T20:05:17.745Z,1,1,false
2019-07-07T20:07:44.277Z,1,2,false
2019-07-07T20:10:09.851Z,1,3,false
2019-07-07T20:12:42.795Z,1,4,false
2019-07-07T20:15:21.421Z,1,5,false
2019-07-07T20:17:33.463Z,1,6,false
2019-07-07T20:19:53.303Z,1,7,false
2019-07-07T20:21:53.139Z,1,8,false
2019-07-07T20:24:06.553Z,1,9,false
2019-07-07T20:26:48.767Z,1,1,false
2019-07-07T20:29:56.125Z,1,2,false
2019-07-07T20:32:21.099Z,1,3,false
2019-07-07T20:34:58.005Z,1,4,false
2019-07-07T20:37:28.951Z,1,5,false
2019-07-07T20:39:29.454Z,1,6,false
2019-07-07T20:41:39.427Z,1,7,false
2019-07-07T20:44:16.246Z,1,8,false
2019-07-07T20:46:47.046Z,1,9,false
2019-07-07T20:50:01.746Z,1,1,false
2019-07-07T20:53:01.910Z,1,2,false
2019-07-07T20:56:09.492Z,1,3,false
2019-07-07T20:57:59.735Z,1,4,false
2019-07-07T21:00:11.788Z,1,5,false
2019-07-07T21:02:08.037Z,1,6,false
2019-07-07T21:04:46.601Z,1,7,false
2019-07-07T21:07:11.986Z,1,8,false
2019-07-07T21:09:19.735Z,1,9,false
2019-07-07T21:12:42.362Z,1,1,false
2019-07-07T21:14:53.472Z,1,2,false
2019-07-07T21:17:17.566Z,1,3,false
2019-07-07T21:19:49.386Z,1,4,false
2019-07-07T21:22:15.459Z,1,5,false
2019-07-07T21:24:16.659Z,1,6,false
2019-07-07T21:26:17.957Z,1,7,false
2019-07-07T21:28:19.426Z,1,8,false
2019-07-07T21:30:40.385Z,1,9,false
2019-07-07T21:33:20.986Z,1,1,false
2019-07-07T21:35:59.855Z,1,2,false
2019-07-07T21:38:10.312Z,1,3,false
2019-07-07T21:40:30.168Z,1,4,false
2019-07-07T21:42:49.978Z,1,5,false
2019-07-07T21:45:42.373Z,1,6,false
2019-07-07T21:47:57.160Z,1,7,false
2019-07-07T21:50:13.344Z,1,8,false
2019-07-07T21:52:36.442Z,1,9,false
2019-07-07T21:55:26.504Z,1,1,false
2019-07-07T21:58:32.125Z,1,2,false
2019-07-07T22:01:13.807Z,1,3,false
2019-07-07T22:04:01.992Z,1,4,false
2019-07-07T22:06:50.552Z,1,5,false
2019-07-07T22:09:23.981Z,1,6,false
2019-07-07T22:11:51.737Z,1,7,false
2019-07-07T22:14:32.179Z,1,8,false
2019-07-07T22:16:35.690Z,1,9,false
2019-07-07T22:19:23.174Z,1,1,false
2019-07-07T22:21:37.002Z,1,2,false
2019-07-07T22:23:44.432Z,1,3,false
2019-07-07T22:26:22.563Z,1,4,false
2019-07-07T22:28:48.112Z,1,5,false
2019-07-07T22:31:02.216Z,1,6,false
2019-07-07T22:33:21.333Z,1,7,false
2019-07-07T22:35:33.691Z,1,8,false
2019-07-07T22:37:24.888Z,1,9,false
2019-07-07T22:39:38.145Z,1,1,false
2019-07-07T22:43:20.900Z,1,2,false
2019-07-07T22:45:21.880Z,1,3,false
2019-07-07T22:48:01.012Z,1,4,false
2019-07-07T22:50:26.435Z,1,5,false
2019-07-07T22:53:05.566Z,1,6,false
2019-07-07T22:55:39.660Z,1,7,false
2019-07-07T22:57:59.127Z,1,8,false
2019-07-07T23:00:26.250Z,1,9,false
2019-07-07T23:02:51.287Z,1,1,false
2019-07-07T23:08:06.160Z,1,2,false
2019-07-07T23:10:58.990Z,1,3,false
2019-07-07T23:13:27.165Z,1,4,false
2019-07-07T23:15:55.074Z,1,5,false
2019-07-07T23:18:12.746Z,1,6,false
2019-07-07T23:20:31.373Z,1,7,false
2019-07-07T23:23:01.049Z,1,8,false
2019-07-07T23:25:46.510Z,1,9,false
2019-07-07T23:29:08.015Z,1,1,false
2019-07-07T23:31:17.938Z,1,2,false
2019-07-07T23:34:01.049Z,1,3,false
2019-07-07T23:36:27.430Z,1,4,false
2019-07-07T23:38:59.371Z,1,5,false
2019-07-07T23:41:34.892Z,1,6,false
2019-07-07T23:44:15.167Z,1,7,false
2019-07-07T23:46:19.341Z,1,8,false
2019-07-07T23:48:30.236Z,1,9,false
2019-07-07T23:51:57.444Z,1,1,false
2019-07-07T23:54:47.621Z,1,2,false
2019-07-07T23:56:50.759Z,1,3,false
2019-07-07T23:59:17.604Z,1,4,false
2019-07-08T00:01:15.592Z,1,5,false
2019-07-08T00:03:45.554Z,1,6,false
2019-07-08T00:06:26.062Z,1,7,false
2019-07-08T00:09:07.864Z,1,8,false
2019-07-08T00:11:35.116Z,1,9,false
2019-07-08T00:14:11.985Z,1,1,false
2019-07-08T00:17:40.892Z,1,2,false
2019-07-08T00:20:26.113Z,1,3,false
2019-07-08T00:23:08.353Z,1,4,false
2019-07-08T00:25:19.610Z,1,5,false
2019-07-08T00:27:50.415Z,1,6,false
2019-07-08T00:31:58.305Z,1,7,false
2019-07-08T00:34:38.607Z,1,8,false
2019-07-08T00:37:29.540Z,1,9,false
2019-07-08T00:40:10.305Z,1,1,false
2019-07-08T00:43:08.908Z,1,2,false
2019-07-08T00:45:53.914Z,1,3,false
2019-07-08T00:48:50.668Z,1,4,false
2019-07-08T00:51:15.252Z,1,5,false
2019-07-08T00:54:06.649Z,1,6,false
2019-07-08T00:57:08.670Z,1,7,false
2019-07-08T01:00:08.325Z,1,8,false
2019-07-08T01:03:10.524Z,1,9,false
2019-07-08T01:06:10.521Z,1,1,false
2019-07-08T01:10:02.458Z,1,2,false
2019-07-08T01:12:58.330Z,1,3,false
2019-07-08T01:15:06.557Z,1,4,false
2019-07-08T01:18:04.536Z,1,5,false
2019-07-08T01:20:28.374Z,1,6,false
2019-07-08T01:23:45.059Z,1,7,false
2019-07-08T01:26:12.938Z,1,8,false
2019-07-08T01:28:34.606Z,1,9,false
2019-07-08T01:31:12.280Z,1,1,false
2019-07-08T01:33:48.001Z,1,2,false
2019-07-08T01:36:36.968Z,1,3,false
2019-07-08T01:39:21.560Z,1,4,false
2019-07-08T01:41:47.323Z,1,5,false
2019-07-08T01:43:47.067Z,1,6,false
2019-07-08T01:47:22.458Z,1,7,false
2019-07-08T01:50:28.015Z,1,8,false
2019-07-08T01:52:51.407Z,1,9,false
2019-07-08T01:55:48.640Z,1,1,false
2019-07-08T01:58:23.154Z,1,2,false
2019-07-08T02:01:00.961Z,1,3,false
2019-07-08T02:03:38.009Z,1,4,false
2019-07-08T02:05:58.936Z,1,5,false
2019-07-08T02:08:06.587Z,1,6,false
2019-07-08T02:11:12.574Z,1,7,false
2019-07-08T02:13:23.068Z,1,8,false
2019-07-08T02:15:17.556Z,1,9,false
2019-07-08T02:17:43.940Z,1,1,false
2019-07-08T02:20:14.741Z,1,2,false
2019-07-08T02:22:12.415Z,1,3,false
2019-07-08T02:24:26.115Z,1,4,false
2019-07-08T02:26:23.079Z,1,5,false
2019-07-08T02:28:40.904Z,1,6,false
2019-07-08T02:31:32.071Z,1,7,false
2019-07-08T02:33:38.131Z,1,8,false
2019-07-08T02:35:41.465Z,1,9,false
2019-07-08T02:38:28.963Z,1,1,false
2019-07-08T02:41:23.637Z,1,2,false
2019-07-08T02:43:42.446Z,1,3,false
2019-07-08T02:45:47.974Z,1,4,false
2019-07-08T02:48:07.415Z,1,5,false
2019-07-08T02:50:01.182Z,1,6,false
2019-07-08T02:52:14.707Z,1,7,false
2019-07-08T02:54:43.675Z,1,8,false
2019-07-08T02:56:46.231Z,1,9,false
2019-07-08T02:59:11.910Z,1,1,false
2019-07-08T03:02:05.301Z,1,2,false
2019-07-08T03:05:11.227Z,1,3,false
2019-07-08T03:07:17.207Z,1,4,false
2019-07-08T03:09:38.243Z,1,5,false
2019-07-08T03:11:55.058Z,1,6,false
2019-07-08T03:14:42.779Z,1,7,false
2019-07-08T03:17:09.254Z,1,8,false
2019-07-08T03:19:37.491Z,1,9,false
2019-07-08T03:22:20.178Z,1,1,false
2019-07-08T03:24:47.894Z,1,2,false
2019-07-08T03:27:36.712Z,1,3,false
2019-07-08T03:29:43.110Z,1,4,false
2019-07-08T03:32:07.519Z,1,5,false
2019-07-08T03:34:29.166Z,1,6,false
2019-07-08T03:37:03.854Z,1,7,false
2019-07-08T03:40:02.182Z,1,8,false
2019-07-08T03:43:07.606Z,1,9,false
2019-07-08T03:45:41.860Z,1,1,false
2019-07-08T03:48:12.658Z,1,2,false
2019-07-08T03:51:27.876Z,1,3,false
2019-07-08T03:54:07.676Z,1,4,false
2019-07-08T03:56:34.468Z,1,5,false
2019-07-08T03:58:59.221Z,1,6,false
2019-07-08T04:00:24.919Z,1,7,false
2019-07-08T04:03:18.064Z,1,8,false
2019-07-08T04:05:43.140Z,1,9,false
2019-07-08T04:08:26.890Z,1,1,false
2019-07-08T04:10:53.106Z,1,2,false
2019-07-08T04:13:02.518Z,1,3,false
2019-07-08T04:15:24.222Z,1,4,false
2019-07-08T04:17:31.337Z,1,5,false
2019-07-08T04:19:31.065Z,1,6,false
2019-07-08T04:21:38.424Z,1,7,false
2019-07-08T04:23:28.754Z,1,8,false
2019-07-08T04:25:50.677Z,1,9,false
2019-07-08T04:28:27.096Z,1,1,false
2019-07-08T04:31:02.849Z,1,2,false
2019-07-08T04:33:20.557Z,1,3,false
2019-07-08T04:35:10.415Z,1,4,false
2019-07-08T04:37:26.712Z,1,5,false
2019-07-08T04:39:28.984Z,1,6,false
2019-07-08T04:41:24.197Z,1,7,false
2019-07-08T04:43:42.059Z,1,8,false
2019-07-08T04:45:19.806Z,1,9,false
2019-07-08T04:48:24.838Z,1,1,false
2019-07-08T04:50:48.726Z,1,2,false
2019-07-08T04:52:59.859Z,1,3,false
2019-07-08T04:55:01.620Z,1,4,false
2019-07-08T04:56:55.657Z,1,5,false
2019-07-08T04:58:55.521Z,1,6,false
2019-07-08T05:01:24.604Z,1,7,false
2019-07-08T05:03:22.417Z,1,8,false
2019-07-08T05:05:03.609Z,1,9,false
2019-07-08T05:07:51.143Z,1,1,false
2019-07-08T05:10:51.819Z,1,2,false
2019-07-08T05:13:02.838Z,1,3,false
2019-07-08T05:15:22.778Z,1,4,false
2019-07-08T05:17:20.963Z,1,5,false
2019-07-08T05:19:41.593Z,1,6,false
2019-07-08T05:21:48.321Z,1,7,false
2019-07-08T05:24:09.202Z,1,8,false
2019-07-08T05:26:55.219Z,1,9,false
2019-07-08T05:30:03.303Z,1,1,false
2019-07-08T05:32:20.190Z,1,2,false
2019-07-08T05:34:29.901Z,1,3,false
2019-07-08T05:36:39.800Z,1,4,false
2019-07-08T05:38:35.574Z,1,5,false
2019-07-08T05:40:40.020Z,1,6,false
2019-07-08T05:42:48.719Z,1,7,false
2019-07-08T05:45:08.316Z,1,8,false
2019-07-08T05:47:49.040Z,1,9,false
2019-07-08T05:50:23.226Z,1,1,false
2019-07-08T05:52:40.865Z,1,2,false
2019-07-08T05:54:26.398Z,1,3,false
2019-07-08T05:56:44.267Z,1,4,false
2019-07-08T05:58:29.206Z,1,5,false
2019-07-08T06:00:25.278Z,1,6,false
2019-07-08T06:02:42.212Z,1,7,false
2019-07-08T06:04:38.478Z,1,8,false
2019-07-08T06:06:45.559Z,1,9,false
2019-07-08T06:09:13.048Z,1,1,false
2019-07-08T06:11:22.697Z,1,2,false
2019-07-08T06:13:35.834Z,1,3,false
2019-07-08T06:15:42.977Z,1,4,false
2019-07-08T06:17:49.088Z,1,5,false
2019-07-08T06:20:03.021Z,1,6,false
2019-07-08T06:22:03.118Z,1,7,false
2019-07-08T06:23:39.968Z,1,8,false
2019-07-08T06:25:47.431Z,1,9,false
2019-07-08T06:28:26.519Z,1,1,false
2019-07-08T06:30:59.309Z,1,2,false
2019-07-08T06:33:10.769Z,1,3,false
2019-07-08T06:35:09.150Z,1,4,false
2019-07-08T06:37:22.322Z,1,5,false
2019-07-08T06:39:32.342Z,1,6,false
2019-07-08T06:41:26.752Z,1,7,false
2019-07-08T06:43:10.592Z,1,8,false
2019-07-08T06:45:15.595Z,1,9,false
2019-07-08T06:48:02.471Z,1,1,false
2019-07-08T06:50:17.361Z,1,2,false
2019-07-08T06:52:20.816Z,1,3,false
2019-07-08T06:54:26.350Z,1,4,false
2019-07-08T06:56:39.696Z,1,5,false
2019-07-08T06:58:59.934Z,1,6,false
2019-07-08T07:01:01.936Z,1,7,false
2019-07-08T07:02:55.021Z,1,8,false
2019-07-08T07:04:59.696Z,1,9,false
2019-07-08T07:07:52.691Z,1,1,false
2019-07-08T07:09:59.316Z,1,2,false
2019-07-08T07:11:56.158Z,1,3,false
2019-07-08T07:14:06.435Z,1,4,false
2019-07-08T07:16:08.471Z,1,5,false
2019-07-08T07:18:08.772Z,1,6,false
2019-07-08T07:20:10.853Z,1,7,false
2019-07-08T07:22:01.805Z,1,8,false
2019-07-08T07:24:07.488Z,1,9,false
2019-07-08T07:26:07.774Z,1,1,false
2019-07-08T07:29:26.041Z,1,2,false
2019-07-08T07:31:29.006Z,1,3,false
2019-07-08T07:33:29.779Z,1,4,false
2019-07-08T07:35:36.004Z,1,5,false
2019-07-08T07:37:39.329Z,1,6,false
2019-07-08T07:40:00.414Z,1,7,false
2019-07-08T07:42:07.728Z,1,8,false
2019-07-08T07:44:27.278Z,1,9,false
2019-07-08T07:47:18.616Z,1,1,false
2019-07-08T07:50:27.248Z,1,2,false
2019-07-08T07:53:30.635Z,1,3,false
2019-07-08T07:55:12.972Z,1,4,false
2019-07-08T07:57:24.369Z,1,5,false
2019-07-08T07:59:25.608Z,1,6,false
2019-07-08T08:01:19.065Z,1,7,false
2019-07-08T08:03:21.898Z,1,8,false
2019-07-08T08:05:25.442Z,1,9,false
2019-07-08T08:09:03.921Z,1,1,false
2019-07-08T08:11:27.231Z,1,2,false
2019-07-08T08:13:35.186Z,1,3,false
2019-07-08T08:15:45.735Z,1,4,false
2019-07-08T08:17:56.182Z,1,5,false
2019-07-08T08:19:53.979Z,1,6,false
2019-07-08T08:22:05.867Z,1,7,false
2019-07-08T08:24:17.895Z,1,8,false
2019-07-08T08:27:02.756Z,1,9,false
2019-07-08T08:29:34.230Z,1,1,false
2019-07-08T08:31:58.925Z,1,2,false
2019-07-08T08:35:12.064Z,1,3,false
2019-07-08T08:37:50.611Z,1,4,false
2019-07-08T08:40:34.957Z,1,5,false
2019-07-08T08:42:39.950Z,1,6,false
2019-07-08T08:44:47.513Z,1,7,false
2019-07-08T08:46:53.214Z,1,8,false
2019-07-08T08:49:36.377Z,1,9,false
2019-07-08T08:52:39.786Z,1,1,false
2019-07-08T08:55:08.621Z,1,2,false
2019-07-08T08:57:23.090Z,1,3,false
2019-07-08T08:59:57.784Z,1,4,false
2019-07-08T09:02:29.515Z,1,5,false
2019-07-08T09:04:51.980Z,1,6,false
2019-07-08T09:07:00.989Z,1,7,false
2019-07-08T09:09:14.254Z,1,8,false
2019-07-08T09:11:24.859Z,1,9,false
2019-07-08T09:14:58.564Z,1,1,false
2019-07-08T09:16:59.427Z,1,2,false
2019-07-08T09:19:05.271Z,1,3,false
2019-07-08T09:21:14.828Z,1,4,false
2019-07-08T09:23:13.833Z,1,5,false
2019-07-08T09:25:33.897Z,1,6,false
2019-07-08T09:27:34.455Z,1,7,false
2019-07-08T09:29:31.783Z,1,8,false
2019-07-08T09:31:06.953Z,1,9,false
2019-07-08T09:34:12.001Z,1,1,false
2019-07-08T09:36:27.212Z,1,2,false
2019-07-08T09:38:35.476Z,1,3,false
2019-07-08T09:40:57.682Z,1,4,false
2019-07-08T09:42:52.184Z,1,5,false
2019-07-08T09:45:06.467Z,1,6,false
2019-07-08T09:47:06.650Z,1,7,false
2019-07-08T09:49:17.187Z,1,8,false
2019-07-08T09:51:23.629Z,1,9,false
2019-07-08T09:54:50.978Z,1,1,false
2019-07-08T09:58:06.343Z,1,2,false
2019-07-08T10:00:17.066Z,1,3,false
2019-07-08T10:02:18.294Z,1,4,false
2019-07-08T10:04:29.011Z,1,5,false
2019-07-08T10:06:23.080Z,1,6,false
2019-07-08T10:08:16.143Z,1,7,false
2019-07-08T10:10:27.795Z,1,8,false
2019-07-08T10:12:54.440Z,1,9,false
2019-07-08T10:15:22.274Z,1,1,false
2019-07-08T10:17:53.432Z,1,2,false
2019-07-08T10:19:52.901Z,1,3,false
2019-07-08T10:21:47.942Z,1,4,false
2019-07-08T10:24:04.550Z,1,5,false
2019-07-08T10:26:01.011Z,1,6,false
2019-07-08T10:27:52.663Z,1,7,false
2019-07-08T10:29:40.602Z,1,8,false
2019-07-08T10:31:56.263Z,1,9,false
2019-07-08T10:34:14.318Z,1,1,false
2019-07-08T10:36:13.733Z,1,2,false
2019-07-08T10:38:10.162Z,1,3,false
2019-07-08T10:40:01.618Z,1,4,false
2019-07-08T10:42:14.275Z,1,5,false
2019-07-08T10:44:19.150Z,1,6,false
2019-07-08T10:46:51.742Z,1,7,false
2019-07-08T10:49:31.865Z,1,8,false
2019-07-08T10:51:54.537Z,1,9,false
2019-07-08T10:54:37.142Z,1,1,false
2019-07-08T10:56:37.725Z,1,2,false
2019-07-08T10:58:38.734Z,1,3,false
2019-07-08T11:00:47.561Z,1,4,false
2019-07-08T11:03:03.988Z,1,5,false
2019-07-08T11:05:03.129Z,1,6,false
2019-07-08T11:07:05.323Z,1,7,false
2019-07-08T11:09:15.825Z,1,8,false
2019-07-08T11:11:19.401Z,1,9,false
2019-07-08T11:13:47.358Z,1,1,false
2019-07-08T11:15:59.628Z,1,2,false
2019-07-08T11:18:13.383Z,1,3,false
2019-07-08T11:20:31.685Z,1,4,false
2019-07-08T11:22:34.152Z,1,5,false
2019-07-08T11:24:54.630Z,1,6,false
2019-07-08T11:26:40.932Z,1,7,false
2019-07-08T11:29:11.607Z,1,8,false
2019-07-08T11:31:08.943Z,1,9,false
2019-07-08T11:33:41.269Z,1,1,false
2019-07-08T11:36:00.965Z,1,2,false
2019-07-08T11:37:52.034Z,1,3,false
2019-07-08T11:39:52.315Z,1,4,false
2019-07-08T11:42:10.433Z,1,5,false
2019-07-08T11:44:03.964Z,1,6,false
2019-07-08T11:46:05.197Z,1,7,false
2019-07-08T11:48:28.893Z,1,8,false
2019-07-08T11:50:33.940Z,1,9,false
2019-07-08T11:53:07.180Z,1,1,false
2019-07-08T11:55:34.544Z,1,2,false
2019-07-08T11:57:29.477Z,1,3,false
2019-07-08T11:59:59.009Z,1,4,false
2019-07-08T12:02:17.598Z,1,5,false
2019-07-08T12:04:04.293Z,1,6,false
2019-07-08T12:05:57.178Z,1,7,false
2019-07-08T12:08:08.160Z,1,8,false
2019-07-08T12:10:06.251Z,1,9,false
2019-07-08T12:12:45.659Z,1,1,false
2019-07-08T12:15:05.956Z,1,2,false
2019-07-08T12:16:49.531Z,1,3,false
2019-07-08T12:18:43.022Z,1,4,false
2019-07-08T12:20:50.752Z,1,5,false
2019-07-08T12:22:39.639Z,1,6,false
2019-07-08T12:24:29.598Z,1,7,false
2019-07-08T12:26:33.650Z,1,8,false
2019-07-08T12:28:31.879Z,1,9,false
2019-07-08T12:31:03.831Z,1,1,false
2019-07-08T12:33:21.311Z,1,2,false
2019-07-08T12:35:04.719Z,1,3,false
2019-07-08T12:36:49.446Z,1,4,false
2019-07-08T12:38:59.553Z,1,5,false
2019-07-08T12:41:02.374Z,1,6,false
2019-07-08T12:43:00.678Z,1,7,false
2019-07-08T12:45:02.163Z,1,8,false
2019-07-08T12:46:40.906Z,1,9,false
2019-07-08T12:48:54.852Z,1,1,false
2019-07-08T12:50:58.707Z,1,2,false
2019-07-08T12:53:07.500Z,1,3,false
2019-07-08T12:54:52.431Z,1,4,false
2019-07-08T12:56:43.570Z,1,5,false
2019-07-08T12:58:39.486Z,1,6,false
2019-07-08T13:00:42.163Z,1,7,false
2019-07-08T13:02:40.117Z,1,8,false
2019-07-08T13:04:38.617Z,1,9,false
2019-07-08T13:07:11.371Z,1,1,false
2019-07-08T13:09:13.762Z,1,2,false
2019-07-08T13:11:15.510Z,1,3,false
2019-07-08T13:12:58.606Z,1,4,false
2019-07-08T13:15:10.561Z,1,5,false
2019-07-08T13:17:01.590Z,1,6,false
2019-07-08T13:18:35.730Z,1,7,false
2019-07-08T13:21:04.737Z,1,8,false
2019-07-08T13:22:57.320Z,1,9,false
2019-07-08T13:25:18.743Z,1,1,false
2019-07-08T13:27:32.985Z,1,2,false
2019-07-08T13:29:30.476Z,1,3,false
2019-07-08T13:31:26.516Z,1,4,false
2019-07-08T13:33:25.988Z,1,5,false
2019-07-08T13:35:25.629Z,1,6,false
2019-07-08T13:37:38.364Z,1,7,false
2019-07-08T13:40:00.327Z,1,8,false
2019-07-08T13:42:17.639Z,1,9,false
2019-07-08T13:44:48.350Z,1,1,false
2019-07-08T13:47:11.000Z,1,2,false
2019-07-08T13:49:09.900Z,1,3,false
2019-07-08T13:51:17.319Z,1,4,false
2019-07-08T13:53:29.047Z,1,5,false
2019-07-08T13:55:20.632Z,1,6,false
2019-07-08T13:57:21.305Z,1,7,false
2019-07-08T13:59:22.461Z,1,8,false
2019-07-08T14:01:20.215Z,1,9,false
2019-07-08T14:03:34.090Z,1,1,false
2019-07-08T14:05:35.717Z,1,2,false
2019-07-08T14:07:27.240Z,1,3,false
2019-07-08T14:09:34.226Z,1,4,false
2019-07-08T14:11:47.784Z,1,5,false
2019-07-08T14:14:22.475Z,1,6,false
2019-07-08T14:16:23.962Z,1,7,false
2019-07-08T14:18:51.229Z,1,8,false
2019-07-08T14:20:53.319Z,1,9,false
2019-07-08T14:23:07.638Z,1,1,false
2019-07-08T14:25:19.146Z,1,2,false
2019-07-08T14:27:34.599Z,1,3,false
2019-07-08T14:29:16.437Z,1,4,false
2019-07-08T14:31:37.592Z,1,5,false
2019-07-08T14:33:16.923Z,1,6,false
2019-07-08T14:35:26.469Z,1,7,false
2019-07-08T14:37:29.654Z,1,8,false
2019-07-08T14:39:25.487Z,1,9,false
2019-07-08T14:41:45.105Z,1,1,false
2019-07-08T14:43:49.952Z,1,2,false
2019-07-08T14:46:14.984Z,1,3,false
2019-07-08T14:48:13.843Z,1,4,false
2019-07-08T14:50:22.574Z,1,5,false
2019-07-08T14:52:13.805Z,1,6,false
2019-07-08T14:54:22.508Z,1,7,false
2019-07-08T14:56:40.926Z,1,8,false
2019-07-08T14:58:37.821Z,1,9,false
2019-07-08T15:01:32.086Z,1,1,false
2019-07-08T15:04:15.004Z,1,2,false
2019-07-08T15:06:00.187Z,1,3,false
2019-07-08T15:08:05.691Z,1,4,false
2019-07-08T15:10:03.448Z,1,5,false
2019-07-08T15:11:58.844Z,1,6,false
2019-07-08T15:14:02.713Z,1,7,false
2019-07-08T15:16:04.910Z,1,8,false
2019-07-08T15:17:51.033Z,1,9,false
2019-07-08T15:20:18.673Z,1,1,false
2019-07-08T15:22:34.939Z,1,2,false
2019-07-08T15:24:36.794Z,1,3,false
2019-07-08T15:26:27.707Z,1,4,false
2019-07-08T15:28:53.114Z,1,5,false
2019-07-08T15:30:43.545Z,1,6,false
2019-07-08T15:32:42.807Z,1,7,false
2019-07-08T15:34:37.504Z,1,8,false
2019-07-08T15:36:37.251Z,1,9,false
2019-07-08T15:38:55.652Z,1,1,false
2019-07-08T15:40:47.083Z,1,2,false
2019-07-08T15:42:30.059Z,1,3,false
2019-07-08T15:44:18.234Z,1,4,false
2019-07-08T15:46:18.701Z,1,5,false
2019-07-08T15:48:25.545Z,1,6,false
2019-07-08T15:50:06.987Z,1,7,false
2019-07-08T15:52:02.736Z,1,8,false
2019-07-08T15:53:39.854Z,1,9,false
2019-07-08T15:56:00.768Z,1,1,false
2019-07-08T15:57:55.237Z,1,2,false
2019-07-08T15:59:46.016Z,1,3,false
2019-07-08T16:01:31.974Z,1,4,false
2019-07-08T16:03:44.272Z,1,5,false
2019-07-08T16:05:24.654Z,1,6,false
2019-07-08T16:07:10.878Z,1,7,false
2019-07-08T16:09:09.951Z,1,8,false
2019-07-08T16:11:00.396Z,1,9,false
2019-07-08T16:13:43.070Z,1,1,false
2019-07-08T16:15:38.332Z,1,2,false
2019-07-08T16:17:21.925Z,1,3,false
2019-07-08T16:19:19.595Z,1,4,false
2019-07-08T16:21:28.072Z,1,5,false
2019-07-08T16:23:17.884Z,1,6,false
2019-07-08T16:25:06.091Z,1,7,false
2019-07-08T16:27:18.511Z,1,8,false
2019-07-08T16:29:25.371Z,1,9,false
2019-07-08T16:31:46.458Z,1,1,false
2019-07-08T16:33:49.559Z,1,2,false
2019-07-08T16:35:58.516Z,1,3,false
2019-07-08T16:37:54.442Z,1,4,false
2019-07-08T16:40:05.574Z,1,5,false
2019-07-08T16:42:00.945Z,1,6,false
2019-07-08T16:43:40.833Z,1,7,false
2019-07-08T16:45:43.700Z,1,8,false
2019-07-08T16:47:31.086Z,1,9,false
2019-07-08T16:49:58.892Z,1,1,false
2019-07-08T16:52:24.845Z,1,2,false
2019-07-08T16:54:26.919Z,1,3,false
2019-07-08T16:56:47.729Z,1,4,false
2019-07-08T16:58:41.331Z,1,5,false
2019-07-08T17:00:30.638Z,1,6,false
2019-07-08T17:02:14.734Z,1,7,false
2019-07-08T17:04:21.180Z,1,8,false
2019-07-08T17:06:04.867Z,1,9,false
2019-07-08T17:08:22.537Z,1,1,false
2019-07-08T17:10:44.281Z,1,2,false
2019-07-08T17:12:35.407Z,1,3,false
2019-07-08T17:14:27.022Z,1,4,false
2019-07-08T17:16:39.129Z,1,5,false
2019-07-08T17:18:24.483Z,1,6,false
2019-07-08T17:20:30.879Z,1,7,false
2019-07-08T17:22:33.644Z,1,8,false
2019-07-08T17:24:27.883Z,1,9,false
2019-07-08T17:27:04.017Z,1,1,false
2019-07-08T17:29:05.154Z,1,2,false
2019-07-08T17:30:47.192Z,1,3,false
2019-07-08T17:32:29.733Z,1,4,false
2019-07-08T17:34:23.444Z,1,5,false
2019-07-08T17:36:36.838Z,1,6,false
2019-07-08T17:38:41.410Z,1,7,false
2019-07-08T17:40:33.311Z,1,8,false
2019-07-08T17:42:34.305Z,1,9,false
2019-07-08T17:45:00.587Z,1,1,false
2019-07-08T17:46:56.890Z,1,2,false
2019-07-08T17:48:47.376Z,1,3,false
2019-07-08T17:50:48.781Z,1,4,false
2019-07-08T17:52:44.990Z,1,5,false
2019-07-08T17:54:44.466Z,1,6,false
2019-07-08T17:56:49.373Z,1,7,false
2019-07-08T17:58:41.090Z,1,8,false
2019-07-08T18:00:46.854Z,1,9,false
2019-07-08T18:03:12.436Z,1,1,false
2019-07-08T18:05:08.046Z,1,2,false
2019-07-08T18:07:11.745Z,1,3,false
2019-07-08T18:09:10.902Z,1,4,false
2019-07-08T18:11:19.901Z,1,5,false
2019-07-08T18:13:44.596Z,1,6,false
2019-07-08T18:15:32.118Z,1,7,false
2019-07-08T18:17:47.526Z,1,8,false
2019-07-08T18:20:16.724Z,1,9,false
2019-07-08T18:22:44.160Z,1,1,false
2019-07-08T18:24:36.009Z,1,2,false
2019-07-08T18:26:46.562Z,1,3,false
2019-07-08T18:28:33.949Z,1,4,false
2019-07-08T18:30:33.006Z,1,5,false
2019-07-08T18:32:29.685Z,1,6,false
2019-07-08T18:34:20.063Z,1,7,false
2019-07-08T18:36:11.369Z,1,8,false
2019-07-08T18:38:38.001Z,1,9,false
2019-07-08T18:41:09.530Z,1,1,false
2019-07-08T18:42:59.856Z,1,2,false
2019-07-08T18:44:59.678Z,1,3,false
2019-07-08T18:47:17.808Z,1,4,false
2019-07-08T18:49:36.287Z,1,5,false
2019-07-08T18:51:47.168Z,1,6,false
2019-07-08T18:53:39.032Z,1,7,false
2019-07-08T18:55:43.195Z,1,8,false
2019-07-08T18:57:46.714Z,1,9,false
2019-07-08T19:00:19.701Z,1,1,false
2019-07-08T19:02:18.446Z,1,2,false
2019-07-08T19:04:27.145Z,1,3,false
2019-07-08T19:06:24.071Z,1,4,false
2019-07-08T19:08:21.053Z,1,5,false
2019-07-08T19:10:26.058Z,1,6,false
2019-07-08T19:12:30.961Z,1,7,false
2019-07-08T19:14:02.533Z,1,8,false
2019-07-08T19:16:43.555Z,1,9,false
2019-07-08T19:19:23.647Z,1,1,false
2019-07-08T19:21:29.337Z,1,2,false
2019-07-08T19:23:36.260Z,1,3,false
2019-07-08T19:25:34.604Z,1,4,false
2019-07-08T19:27:28.411Z,1,5,false
2019-07-08T19:29:36.503Z,1,6,false
2019-07-08T19:31:37.963Z,1,7,false
2019-07-08T19:33:41.730Z,1,8,false
2019-07-08T19:36:12.410Z,1,9,false
2019-07-08T19:39:06.469Z,1,1,false
2019-07-08T19:41:04.820Z,1,2,false
2019-07-08T19:43:22.312Z,1,3,false
2019-07-08T19:45:20.513Z,1,4,false
2019-07-08T19:47:29.117Z,1,5,false
2019-07-08T19:49:45.251Z,1,6,false
2019-07-08T19:51:53.070Z,1,7,false
2019-07-08T19:54:00.219Z,1,8,false
2019-07-08T19:56:12.641Z,1,9,false
2019-07-08T19:58:31.236Z,1,1,false
2019-07-08T20:00:53.413Z,1,2,false
2019-07-08T20:02:56.206Z,1,3,false
2019-07-08T20:04:52.696Z,1,4,false
2019-07-08T20:06:57.411Z,1,5,false
2019-07-08T20:09:07.467Z,1,6,false
2019-07-08T20:11:19.311Z,1,7,false
2019-07-08T20:13:12.573Z,1,8,false
2019-07-08T20:15:24.367Z,1,9,false
2019-07-08T20:17:32.245Z,1,1,false
2019-07-08T20:19:11.482Z,1,2,false
2019-07-08T20:21:12.026Z,1,3,false
2019-07-08T20:22:58.141Z,1,4,false
2019-07-08T20:24:50.086Z,1,5,false
2019-07-08T20:26:57.315Z,1,6,false
2019-07-08T20:28:36.375Z,1,7,false
2019-07-08T20:30:28.995Z,1,8,false
2019-07-08T20:32:31.115Z,1,9,false
2019-07-08T20:34:52.606Z,1,1,false
2019-07-08T20:36:45.232Z,1,2,false
2019-07-08T20:39:05.077Z,1,3,false
2019-07-08T20:41:07.261Z,1,4,false
2019-07-08T20:43:00.384Z,1,5,false
2019-07-08T20:45:07.494Z,1,6,false
2019-07-08T20:46:57.069Z,1,7,false
2019-07-08T20:48:57.864Z,1,8,false
2019-07-08T20:51:00.855Z,1,9,false
2019-07-08T20:53:26.829Z,1,1,false
2019-07-08T20:55:29.267Z,1,2,false
2019-07-08T20:57:35.638Z,1,3,false
2019-07-08T20:59:34.183Z,1,4,false
2019-07-08T21:01:34.647Z,1,5,false
2019-07-08T21:03:44.680Z,1,6,false
2019-07-08T21:05:37.538Z,1,7,false
2019-07-08T21:07:22.856Z,1,8,false
2019-07-08T21:09:17.885Z,1,9,false
2019-07-08T21:11:48.226Z,1,1,false
2019-07-08T21:13:49.370Z,1,2,false
2019-07-08T21:15:15.410Z,1,3,false
2019-07-08T21:17:10.946Z,1,4,false
2019-07-08T21:19:00.397Z,1,5,false
2019-07-08T21:21:01.299Z,1,6,false
2019-07-08T21:22:48.861Z,1,7,false
2019-07-08T21:24:29.766Z,1,8,false
2019-07-08T21:26:21.731Z,1,9,false
2019-07-08T21:28:56.906Z,1,1,false
2019-07-08T21:30:34.418Z,1,2,false
2019-07-08T21:32:20.889Z,1,3,false
2019-07-08T21:34:11.318Z,1,4,false
2019-07-08T21:36:01.739Z,1,5,false
2019-07-08T21:38:01.129Z,1,6,false
2019-07-08T21:39:50.880Z,1,7,false
2019-07-08T21:41:52.449Z,1,8,false
2019-07-08T21:43:50.805Z,1,9,false
2019-07-08T21:46:14.992Z,1,1,false
2019-07-08T21:48:43.345Z,1,2,false
2019-07-08T21:50:58.148Z,1,3,false
2019-07-08T21:52:47.394Z,1,4,false
2019-07-08T21:54:49.003Z,1,5,false
2019-07-08T21:56:48.668Z,1,6,false
2019-07-08T21:58:42.607Z,1,7,false
2019-07-08T22:00:41.456Z,1,8,false
2019-07-08T22:02:54.169Z,1,9,false
2019-07-08T22:05:34.676Z,1,1,false
2019-07-08T22:07:14.079Z,1,2,false
2019-07-08T22:09:27.547Z,1,3,false
2019-07-08T22:11:36.912Z,1,4,false
2019-07-08T22:13:34.518Z,1,5,false
2019-07-08T22:15:22.649Z,1,6,false
2019-07-08T22:17:14.018Z,1,7,false
2019-07-08T22:19:13.184Z,1,8,false
2019-07-08T22:21:08.144Z,1,9,false
2019-07-08T22:23:42.884Z,1,1,false
2019-07-08T22:25:27.288Z,1,2,false
2019-07-08T22:27:43.906Z,1,3,false
2019-07-08T22:29:36.368Z,1,4,false
2019-07-08T22:31:44.297Z,1,5,false
2019-07-08T22:33:28.113Z,1,6,false
2019-07-08T22:35:36.147Z,1,7,false
2019-07-08T22:37:51.973Z,1,8,false
2019-07-08T22:39:38.183Z,1,9,false
2019-07-08T22:42:24.772Z,1,1,false
2019-07-08T22:44:20.480Z,1,2,false
2019-07-08T22:45:53.536Z,1,3,false
2019-07-08T22:47:59.219Z,1,4,false
2019-07-08T22:49:53.889Z,1,5,false
2019-07-08T22:51:57.482Z,1,6,false
2019-07-08T22:54:02.695Z,1,7,false
2019-07-08T22:56:04.468Z,1,8,false
2019-07-08T22:57:49.266Z,1,9,false
2019-07-08T23:00:30.256Z,1,1,false
2019-07-08T23:02:39.432Z,1,2,false
2019-07-08T23:04:37.582Z,1,3,false
2019-07-08T23:06:44.315Z,1,4,false
2019-07-08T23:08:43.895Z,1,5,false
2019-07-08T23:10:44.867Z,1,6,false
2019-07-08T23:12:45.125Z,1,7,false
2019-07-08T23:14:46.904Z,1,8,false
2019-07-08T23:17:08.024Z,1,9,false
2019-07-08T23:19:22.871Z,1,1,false
2019-07-08T23:21:15.198Z,1,2,false
2019-07-08T23:23:05.671Z,1,3,false
2019-07-08T23:25:02.377Z,1,4,false
2019-07-08T23:26:55.513Z,1,5,false
2019-07-08T23:29:03.786Z,1,6,false
2019-07-08T23:31:11.445Z,1,7,false
2019-07-08T23:33:00.533Z,1,8,false
2019-07-08T23:34:53.555Z,1,9,false
2019-07-08T23:37:32.335Z,1,1,false
2019-07-08T23:39:19.173Z,1,2,false
2019-07-08T23:40:53.506Z,1,3,false
2019-07-08T23:43:12.945Z,1,4,false
2019-07-08T23:45:17.387Z,1,5,false
2019-07-08T23:47:05.910Z,1,6,false
2019-07-08T23:49:05.002Z,1,7,false
2019-07-08T23:51:10.530Z,1,8,false
2019-07-08T23:52:59.238Z,1,9,false
2019-07-08T23:55:39.271Z,1,1,false
2019-07-08T23:57:32.378Z,1,2,false
2019-07-08T23:59:21.519Z,1,3,false
2019-07-09T00:01:31.556Z,1,4,false
2019-07-09T00:04:02.478Z,1,5,false
2019-07-09T00:06:07.408Z,1,6,false
2019-07-09T00:08:15.217Z,1,7,false
2019-07-09T00:09:57.459Z,1,8,false
2019-07-09T00:12:21.372Z,1,9,false
2019-07-09T00:14:51.303Z,1,1,false
2019-07-09T00:17:40.467Z,1,2,false
2019-07-09T00:20:09.975Z,1,3,false
2019-07-09T00:22:27.950Z,1,4,false
2019-07-09T00:25:12.012Z,1,5,false
2019-07-09T00:27:20.979Z,1,6,false
2019-07-09T00:29:19.266Z,1,7,false
2019-07-09T00:31:19.298Z,1,8,false
2019-07-09T00:33:10.980Z,1,9,false
2019-07-09T00:35:23.634Z,1,1,false
2019-07-09T00:37:49.501Z,1,2,false
2019-07-09T00:39:54.144Z,1,3,false
2019-07-09T00:41:34.007Z,1,4,false
2019-07-09T00:43:09.234Z,1,5,false
2019-07-09T00:45:59.171Z,1,6,false
2019-07-09T00:49:00.534Z,1,7,false
2019-07-09T00:51:00.140Z,1,8,false
2019-07-09T00:53:05.796Z,1,9,false
2019-07-09T00:55:27.321Z,1,1,false
2019-07-09T00:58:02.600Z,1,2,false
2019-07-09T01:00:44.788Z,1,3,false
2019-07-09T01:02:05.352Z,1,4,false
2019-07-09T01:04:39.830Z,1,5,false
2019-07-09T01:06:43.411Z,1,6,false
2019-07-09T01:08:31.378Z,1,7,false
2019-07-09T01:10:47.092Z,1,8,false
2019-07-09T01:12:36.685Z,1,9,false
2019-07-09T01:14:55.591Z,1,1,false
2019-07-09T01:17:14.365Z,1,2,false
2019-07-09T01:19:17.242Z,1,3,false
2019-07-09T01:21:14.966Z,1,4,false
2019-07-09T01:23:30.258Z,1,5,false
2019-07-09T01:25:40.325Z,1,6,false
2019-07-09T01:28:44.172Z,1,7,false
2019-07-09T01:30:50.866Z,1,8,false
2019-07-09T01:32:53.468Z,1,9,false
2019-07-09T01:35:06.734Z,1,1,false
2019-07-09T01:37:37.533Z,1,2,false
2019-07-09T01:39:51.249Z,1,3,false
2019-07-09T01:41:45.267Z,1,4,false
2019-07-09T01:43:30.667Z,1,5,false
2019-07-09T01:46:24.260Z,1,6,false
2019-07-09T01:48:00.167Z,1,7,false
2019-07-09T01:49:49.860Z,1,8,false
2019-07-09T01:51:53.609Z,1,9,false
2019-07-09T01:54:01.773Z,1,1,false
2019-07-09T01:56:23.557Z,1,2,false
2019-07-09T01:58:12.461Z,1,3,false
2019-07-09T02:00:26.492Z,1,4,false
2019-07-09T02:01:53.585Z,1,5,false
2019-07-09T02:04:24.116Z,1,6,false
2019-07-09T02:07:19.931Z,1,7,false
2019-07-09T02:09:44.940Z,1,8,false
2019-07-09T02:11:35.434Z,1,9,false
2019-07-09T02:14:04.894Z,1,1,false
2019-07-09T02:16:08.649Z,1,2,false
2019-07-09T02:18:29.369Z,1,3,false
2019-07-09T02:20:28.976Z,1,4,false
2019-07-09T02:22:20.625Z,1,5,false
2019-07-09T02:24:44.117Z,1,6,false
2019-07-09T02:26:48.997Z,1,7,false
2019-07-09T02:28:37.748Z,1,8,false
2019-07-09T02:30:38.167Z,1,9,false
2019-07-09T02:32:59.069Z,1,1,false
2019-07-09T02:34:46.412Z,1,2,false
2019-07-09T02:36:37.645Z,1,3,false
2019-07-09T02:38:40.671Z,1,4,false
2019-07-09T02:40:28.914Z,1,5,false
2019-07-09T02:42:58.038Z,1,6,false
2019-07-09T02:44:56.514Z,1,7,false
2019-07-09T02:46:56.701Z,1,8,false
2019-07-09T02:48:50.016Z,1,9,false
2019-07-09T02:51:12.084Z,1,1,false
2019-07-09T02:53:39.214Z,1,2,false
2019-07-09T02:55:41.633Z,1,3,false
2019-07-09T02:57:28.448Z,1,4,false
2019-07-09T02:59:07.709Z,1,5,false
2019-07-09T03:01:26.188Z,1,6,false
2019-07-09T03:03:24.183Z,1,7,false
2019-07-09T03:04:56.846Z,1,8,false
2019-07-09T03:06:57.603Z,1,9,false
2019-07-09T03:09:50.160Z,1,1,false
2019-07-09T03:11:56.188Z,1,2,false
2019-07-09T03:13:47.297Z,1,3,false
2019-07-09T03:15:35.545Z,1,4,false
2019-07-09T03:17:37.369Z,1,5,false
2019-07-09T03:19:29.027Z,1,6,false
2019-07-09T03:21:40.337Z,1,7,false
2019-07-09T03:23:43.757Z,1,8,false
2019-07-09T03:25:55.932Z,1,9,false
2019-07-09T03:28:40.470Z,1,1,false
2019-07-09T03:30:48.787Z,1,2,false
2019-07-09T03:32:52.151Z,1,3,false
2019-07-09T03:34:47.385Z,1,4,false
2019-07-09T03:36:49.652Z,1,5,false
2019-07-09T03:39:08.568Z,1,6,false
2019-07-09T03:40:49.427Z,1,7,false
2019-07-09T03:43:23.366Z,1,8,false
2019-07-09T03:45:39.180Z,1,9,false
2019-07-09T03:47:54.422Z,1,1,false
2019-07-09T03:50:00.903Z,1,2,false
2019-07-09T03:52:22.951Z,1,3,false
2019-07-09T03:54:08.150Z,1,4,false
2019-07-09T03:56:12.655Z,1,5,false
2019-07-09T03:58:12.441Z,1,6,false
2019-07-09T04:00:23.151Z,1,7,false
2019-07-09T04:02:34.061Z,1,8,false
2019-07-09T04:04:41.483Z,1,9,false
2019-07-09T04:07:16.174Z,1,1,false
2019-07-09T04:09:17.235Z,1,2,false
2019-07-09T04:11:32.337Z,1,3,false
2019-07-09T04:13:10.511Z,1,4,false
2019-07-09T04:15:05.588Z,1,5,false
2019-07-09T04:16:45.917Z,1,6,false
2019-07-09T04:18:16.410Z,1,7,false
2019-07-09T04:20:14.809Z,1,8,false
2019-07-09T04:21:57.787Z,1,9,false
2019-07-09T04:24:18.246Z,1,1,false
2019-07-09T04:26:20.247Z,1,2,false
2019-07-09T04:28:05.964Z,1,3,false
2019-07-09T04:29:50.126Z,1,4,false
2019-07-09T04:31:26.110Z,1,5,false
2019-07-09T04:33:14.112Z,1,6,false
2019-07-09T04:35:04.086Z,1,7,false
2019-07-09T04:36:32.032Z,1,8,false
2019-07-09T04:38:36.486Z,1,9,false
2019-07-09T04:41:35.734Z,1,1,false
2019-07-09T04:44:07.271Z,1,2,false
2019-07-09T04:47:10.642Z,1,3,false
2019-07-09T04:49:22.942Z,1,4,false
2019-07-09T04:51:31.577Z,1,5,false
2019-07-09T04:53:06.119Z,1,6,false
2019-07-09T04:54:59.948Z,1,7,false
2019-07-09T04:56:51.670Z,1,8,false
2019-07-09T04:58:11.521Z,1,9,false
2019-07-09T05:00:57.430Z,1,1,false
2019-07-09T05:03:29.450Z,1,2,false
2019-07-09T05:06:19.882Z,1,3,false
2019-07-09T05:08:31.522Z,1,4,false
2019-07-09T05:10:18.927Z,1,5,false
2019-07-09T05:12:21.163Z,1,6,false
2019-07-09T05:14:42.833Z,1,7,false
2019-07-09T05:16:34.124Z,1,8,false
2019-07-09T05:17:45.640Z,1,9,false
2019-07-09T05:20:45.478Z,1,1,false
2019-07-09T05:23:34.419Z,1,2,false
2019-07-09T05:25:48.556Z,1,3,false
2019-07-09T05:27:52.744Z,1,4,false
2019-07-09T05:29:57.476Z,1,5,false
2019-07-09T05:32:17.325Z,1,6,false
2019-07-09T05:34:10.456Z,1,7,false
2019-07-09T05:35:56.689Z,1,8,false
2019-07-09T05:38:04.661Z,1,9,false
2019-07-09T05:41:13.518Z,1,1,false
2019-07-09T05:43:44.480Z,1,2,false
2019-07-09T05:45:42.006Z,1,3,false
2019-07-09T05:48:09.617Z,1,4,false
2019-07-09T05:50:10.867Z,1,5,false
2019-07-09T05:51:53.875Z,1,6,false
2019-07-09T05:54:01.339Z,1,7,false
2019-07-09T05:55:43.374Z,1,8,false
2019-07-09T05:57:26.787Z,1,9,false
2019-07-09T06:00:10.680Z,1,1,false
2019-07-09T06:02:48.799Z,1,2,false
2019-07-09T06:05:47.139Z,1,3,false
2019-07-09T06:08:02.836Z,1,4,false
2019-07-09T06:09:50.051Z,1,5,false
2019-07-09T06:11:57.339Z,1,6,false
2019-07-09T06:14:01.898Z,1,7,false
2019-07-09T06:16:02.189Z,1,8,false
2019-07-09T06:18:08.237Z,1,9,false
2019-07-09T06:21:25.945Z,1,1,false
2019-07-09T06:23:41.210Z,1,2,false
2019-07-09T06:26:22.572Z,1,3,false
2019-07-09T06:29:00.768Z,1,4,false
2019-07-09T06:30:51.109Z,1,5,false
2019-07-09T06:33:06.767Z,1,6,false
2019-07-09T06:35:09.537Z,1,7,false
2019-07-09T06:37:22.571Z,1,8,false
2019-07-09T06:39:03.669Z,1,9,false
2019-07-09T06:41:41.105Z,1,1,false
2019-07-09T06:43:48.708Z,1,2,false
2019-07-09T06:46:37.230Z,1,3,false
2019-07-09T06:49:17.339Z,1,4,false
2019-07-09T06:51:36.024Z,1,5,false
2019-07-09T06:53:59.531Z,1,6,false
2019-07-09T06:55:59.365Z,1,7,false
2019-07-09T06:57:50.337Z,1,8,false
2019-07-09T06:59:49.992Z,1,9,false
2019-07-09T07:02:36.251Z,1,1,false
2019-07-09T07:05:31.921Z,1,2,false
2019-07-09T07:07:54.654Z,1,3,false
2019-07-09T07:10:00.909Z,1,4,false
2019-07-09T07:12:09.716Z,1,5,false
2019-07-09T07:14:29.180Z,1,6,false
2019-07-09T07:16:29.958Z,1,7,false
2019-07-09T07:18:40.642Z,1,8,false
2019-07-09T07:20:25.796Z,1,9,false
2019-07-09T07:22:10.035Z,1,1,false
2019-07-09T07:24:23.753Z,1,2,false
2019-07-09T07:27:29.868Z,1,3,false
2019-07-09T07:29:29.854Z,1,4,false
2019-07-09T07:31:35.886Z,1,5,false
2019-07-09T07:33:39.736Z,1,6,false
2019-07-09T07:35:50.033Z,1,7,false
2019-07-09T07:38:08.290Z,1,8,false
2019-07-09T07:39:50.124Z,1,9,false
2019-07-09T07:42:58.028Z,1,1,false
2019-07-09T07:44:47.112Z,1,2,false
2019-07-09T07:46:53.080Z,1,3,false
2019-07-09T07:48:53.367Z,1,4,false
2019-07-09T07:51:00.576Z,1,5,false
2019-07-09T07:53:11.209Z,1,6,false
2019-07-09T07:55:10.803Z,1,7,false
2019-07-09T07:57:04.445Z,1,8,false
2019-07-09T07:59:00.234Z,1,9,false
2019-07-09T08:01:13.889Z,1,1,false
2019-07-09T08:03:37.001Z,1,2,false
2019-07-09T08:05:20.468Z,1,3,false
2019-07-09T08:07:11.424Z,1,4,false
2019-07-09T08:08:56.551Z,1,5,false
2019-07-09T08:10:26.497Z,1,6,false
2019-07-09T08:14:32.603Z,1,7,false
2019-07-09T08:18:15.303Z,1,8,false
2019-07-09T08:19:34.733Z,1,9,false
2019-07-09T08:21:57.516Z,1,1,false
2019-07-09T08:23:48.275Z,1,2,false
2019-07-09T08:25:50.447Z,1,3,false
2019-07-09T08:27:32.289Z,1,4,false
2019-07-09T08:29:08.114Z,1,5,false
2019-07-09T08:31:02.387Z,1,6,false
2019-07-09T08:33:00.946Z,1,7,false
2019-07-09T08:34:51.926Z,1,8,false
2019-07-09T08:36:31.573Z,1,9,false
2019-07-09T08:38:07.577Z,1,1,false
2019-07-09T08:40:12.10Z,1,2,false
2019-07-09T08:41:58.834Z,1,3,false
2019-07-09T08:43:48.015Z,1,4,false
2019-07-09T08:45:29.736Z,1,5,false
2019-07-09T08:47:15.791Z,1,6,false
2019-07-09T08:48:44.161Z,1,7,false
2019-07-09T08:50:24.490Z,1,8,false
2019-07-09T08:52:14.308Z,1,9,false
2019-07-09T08:53:43.387Z,1,1,false
2019-07-09T08:55:44.009Z,1,2,false
2019-07-09T08:57:59.511Z,1,3,false
2019-07-09T09:00:28.179Z,1,4,false
2019-07-09T09:03:15.155Z,1,5,false
2019-07-09T09:05:41.914Z,1,6,false
2019-07-09T09:07:22.126Z,1,7,false
2019-07-09T09:09:22.627Z,1,8,false
2019-07-09T09:11:00.064Z,1,9,false
2019-07-09T09:13:39.637Z,1,1,false
2019-07-09T09:15:13.763Z,1,2,false
2019-07-09T09:17:06.443Z,1,3,false
2019-07-09T09:18:51.116Z,1,4,false
2019-07-09T09:20:50.963Z,1,5,false
2019-07-09T09:22:46.903Z,1,6,false
2019-07-09T09:24:27.186Z,1,7,false
2019-07-09T09:26:07.097Z,1,8,false
2019-07-09T09:27:47.509Z,1,9,false
2019-07-09T09:30:16.308Z,1,1,false
2019-07-09T09:31:59.512Z,1,2,false
2019-07-09T09:33:40.950Z,1,3,false
2019-07-09T09:35:32.651Z,1,4,false
2019-07-09T09:37:12.795Z,1,5,false
2019-07-09T09:39:17.064Z,1,6,false
2019-07-09T09:40:45.766Z,1,7,false
2019-07-09T09:42:41.527Z,1,8,false
2019-07-09T09:44:32.651Z,1,9,false
2019-07-09T09:46:36.530Z,1,1,false
2019-07-09T09:48:46.687Z,1,2,false
2019-07-09T09:50:34.435Z,1,3,false
2019-07-09T09:52:25.504Z,1,4,false
2019-07-09T09:54:00.046Z,1,5,false
2019-07-09T09:56:03.308Z,1,6,false
2019-07-09T09:57:51.978Z,1,7,false
2019-07-09T09:59:46.094Z,1,8,false
2019-07-09T10:01:32.683Z,1,9,false
2019-07-09T10:03:34.665Z,1,1,false
2019-07-09T10:05:31.115Z,1,2,false
2019-07-09T10:07:31.697Z,1,3,false
2019-07-09T10:09:14.207Z,1,4,false
2019-07-09T10:10:55.671Z,1,5,false
2019-07-09T10:12:38.207Z,1,6,false
2019-07-09T10:14:04.989Z,1,7,false
2019-07-09T10:15:44.882Z,1,8,false
2019-07-09T10:17:28.729Z,1,9,false
2019-07-09T10:19:08.134Z,1,1,false
2019-07-09T10:21:16.691Z,1,2,false
2019-07-09T10:23:01.514Z,1,3,false
2019-07-09T10:25:00.048Z,1,4,false
2019-07-09T10:26:35.270Z,1,5,false
2019-07-09T10:28:08.862Z,1,6,false
2019-07-09T10:29:53.699Z,1,7,false
2019-07-09T10:31:29.025Z,1,8,false
2019-07-09T10:33:40.975Z,1,9,false
2019-07-09T10:35:29.999Z,1,1,false
2019-07-09T10:37:18.091Z,1,2,false
2019-07-09T10:38:46.963Z,1,3,false
2019-07-09T10:40:28.912Z,1,4,false
2019-07-09T10:42:20.321Z,1,5,false
2019-07-09T10:44:15.155Z,1,6,false
2019-07-09T10:45:42.418Z,1,7,false
2019-07-09T10:47:25.861Z,1,8,false
2019-07-09T10:49:24.868Z,1,9,false
2019-07-09T10:51:10.345Z,1,1,false
2019-07-09T10:52:54.832Z,1,2,false
2019-07-09T10:54:36.591Z,1,3,false
2019-07-09T10:56:17.865Z,1,4,false
2019-07-09T10:57:45.829Z,1,5,false
2019-07-09T10:59:30.892Z,1,6,false
2019-07-09T11:01:00.612Z,1,7,false
2019-07-09T11:02:40.497Z,1,8,false
2019-07-09T11:04:25.617Z,1,9,false
2019-07-09T11:06:43.185Z,1,1,false
2019-07-09T11:08:30.368Z,1,2,false
2019-07-09T11:10:32.257Z,1,3,false
2019-07-09T11:12:16.032Z,1,4,false
2019-07-09T11:13:55.736Z,1,5,false
2019-07-09T11:15:38.369Z,1,6,false
2019-07-09T11:17:12.794Z,1,7,false
2019-07-09T11:19:03.482Z,1,8,false
2019-07-09T11:20:45.069Z,1,9,false
2019-07-09T11:22:33.081Z,1,1,false
2019-07-09T11:24:31.687Z,1,2,false
2019-07-09T11:26:23.241Z,1,3,false
2019-07-09T11:28:15.118Z,1,4,false
2019-07-09T11:29:43.933Z,1,5,false
2019-07-09T11:31:47.699Z,1,6,false
2019-07-09T11:33:13.175Z,1,7,false
2019-07-09T11:35:16.119Z,1,8,false
2019-07-09T11:36:59.553Z,1,9,false
2019-07-09T11:38:35.450Z,1,1,false
2019-07-09T11:40:31.243Z,1,2,false
2019-07-09T11:42:32.261Z,1,3,false
2019-07-09T11:44:26.736Z,1,4,false
2019-07-09T11:46:19.451Z,1,5,false
2019-07-09T11:48:12.936Z,1,6,false
2019-07-09T11:50:14.362Z,1,7,false
2019-07-09T11:51:41.845Z,1,8,false
2019-07-09T11:53:41.031Z,1,9,false
2019-07-09T11:56:01.056Z,1,1,false
2019-07-09T11:57:53.201Z,1,2,false
2019-07-09T11:59:47.584Z,1,3,false
2019-07-09T12:01:35.412Z,1,4,false
2019-07-09T12:03:14.935Z,1,5,false
2019-07-09T12:05:03.187Z,1,6,false
2019-07-09T12:07:12.701Z,1,7,false
2019-07-09T12:09:09.570Z,1,8,false
2019-07-09T12:11:05.108Z,1,9,false
2019-07-09T12:13:29.252Z,1,1,false
2019-07-09T12:15:18.547Z,1,2,false
2019-07-09T12:17:09.011Z,1,3,false
2019-07-09T12:19:09.577Z,1,4,false
2019-07-09T12:21:00.071Z,1,5,false
2019-07-09T12:22:47.501Z,1,6,false
2019-07-09T12:24:42.351Z,1,7,false
2019-07-09T12:26:26.592Z,1,8,false
2019-07-09T12:28:25.802Z,1,9,false
2019-07-09T12:30:55.808Z,1,1,false
2019-07-09T12:32:53.554Z,1,2,false
2019-07-09T12:34:58.685Z,1,3,false
2019-07-09T12:37:08.114Z,1,4,false
2019-07-09T12:39:04.289Z,1,5,false
2019-07-09T12:41:06.016Z,1,6,false
2019-07-09T12:43:04.794Z,1,7,false
2019-07-09T12:45:05.719Z,1,8,false
2019-07-09T12:46:57.245Z,1,9,false
2019-07-09T12:49:29.373Z,1,1,false
2019-07-09T12:51:31.279Z,1,2,false
2019-07-09T12:53:23.270Z,1,3,false
2019-07-09T12:55:15.789Z,1,4,false
2019-07-09T12:57:12.648Z,1,5,false
2019-07-09T12:58:55.080Z,1,6,false
2019-07-09T13:01:02.142Z,1,7,false
2019-07-09T13:02:51.792Z,1,8,false
2019-07-09T13:04:50.643Z,1,9,false
2019-07-09T13:07:18.556Z,1,1,false
2019-07-09T13:09:13.851Z,1,2,false
2019-07-09T13:11:18.839Z,1,3,false
2019-07-09T13:13:22.323Z,1,4,false
2019-07-09T13:15:17.534Z,1,5,false
2019-07-09T13:17:21.012Z,1,6,false
2019-07-09T13:19:17.199Z,1,7,false
2019-07-09T13:21:10.125Z,1,8,false
2019-07-09T13:22:59.202Z,1,9,false
2019-07-09T13:25:05.738Z,1,1,false
2019-07-09T13:27:04.106Z,1,2,false
2019-07-09T13:29:00.783Z,1,3,false
2019-07-09T13:31:01.371Z,1,4,false
2019-07-09T13:32:46.481Z,1,5,false
2019-07-09T13:34:41.951Z,1,6,false
2019-07-09T13:36:39.409Z,1,7,false
2019-07-09T13:38:32.136Z,1,8,false
2019-07-09T13:40:17.864Z,1,9,false
2019-07-09T13:42:43.782Z,1,1,false
2019-07-09T13:44:36.027Z,1,2,false
2019-07-09T13:46:14.358Z,1,3,false
2019-07-09T13:48:08.846Z,1,4,false
2019-07-09T13:49:59.577Z,1,5,false
2019-07-09T13:52:08.318Z,1,6,false
2019-07-09T13:54:08.025Z,1,7,false
2019-07-09T13:55:38.442Z,1,8,false
2019-07-09T13:57:31.170Z,1,9,false
2019-07-09T13:59:44.961Z,1,1,false
2019-07-09T14:01:30.101Z,1,2,false
2019-07-09T14:03:11.313Z,1,3,false
2019-07-09T14:04:58.202Z,1,4,false
2019-07-09T14:06:41.622Z,1,5,false
2019-07-09T14:08:32.554Z,1,6,false
2019-07-09T14:10:15.988Z,1,7,false
2019-07-09T14:11:55.154Z,1,8,false
2019-07-09T14:13:54.019Z,1,9,false
2019-07-09T14:15:56.371Z,1,1,false
2019-07-09T14:17:56.654Z,1,2,false
2019-07-09T14:19:36.131Z,1,3,false
2019-07-09T14:21:29.318Z,1,4,false
2019-07-09T14:23:40.197Z,1,5,false
2019-07-09T14:25:39.483Z,1,6,false
2019-07-09T14:27:44.464Z,1,7,false
2019-07-09T14:29:31.314Z,1,8,false
2019-07-09T14:31:25.901Z,1,9,false
2019-07-09T14:33:42.136Z,1,1,false
2019-07-09T14:35:33.748Z,1,2,false
2019-07-09T14:37:23.488Z,1,3,false
2019-07-09T14:39:12.784Z,1,4,false
2019-07-09T14:41:19.103Z,1,5,false
2019-07-09T14:43:08.626Z,1,6,false
2019-07-09T14:44:45.813Z,1,7,false
2019-07-09T14:46:32.913Z,1,8,false
2019-07-09T14:48:27.187Z,1,9,false
2019-07-09T14:50:52.297Z,1,1,false
2019-07-09T14:52:40.473Z,1,2,false
2019-07-09T14:54:41.079Z,1,3,false
2019-07-09T14:56:36.947Z,1,4,false
2019-07-09T14:58:27.290Z,1,5,false
2019-07-09T15:00:07.139Z,1,6,false
2019-07-09T15:01:54.318Z,1,7,false
2019-07-09T15:03:51.062Z,1,8,false
2019-07-09T15:05:20.052Z,1,9,false
2019-07-09T15:07:38.056Z,1,1,false
2019-07-09T15:09:27.321Z,1,2,false
2019-07-09T15:11:05.291Z,1,3,false
2019-07-09T15:13:03.374Z,1,4,false
2019-07-09T15:14:54.947Z,1,5,false
2019-07-09T15:16:53.255Z,1,6,false
2019-07-09T15:18:37.176Z,1,7,false
2019-07-09T15:20:32.380Z,1,8,false
2019-07-09T15:22:12.831Z,1,9,false
2019-07-09T15:24:19.615Z,1,1,false
2019-07-09T15:26:14.422Z,1,2,false
2019-07-09T15:28:05.620Z,1,3,false
2019-07-09T15:29:59.101Z,1,4,false
2019-07-09T15:31:48.365Z,1,5,false
2019-07-09T15:33:25.807Z,1,6,false
2019-07-09T15:35:11.643Z,1,7,false
2019-07-09T15:36:41.358Z,1,8,false
2019-07-09T15:38:32.330Z,1,9,false
2019-07-09T15:40:55.240Z,1,1,false
2019-07-09T15:42:19.702Z,1,2,false
2019-07-09T15:44:20.802Z,1,3,false
2019-07-09T15:45:49.194Z,1,4,false
2019-07-09T15:47:34.737Z,1,5,false
2019-07-09T15:49:18.388Z,1,6,false
2019-07-09T15:51:06.324Z,1,7,false
2019-07-09T15:53:03.439Z,1,8,false
2019-07-09T15:54:35.133Z,1,9,false
2019-07-09T15:56:39.506Z,1,1,false
2019-07-09T15:58:27.311Z,1,2,false
2019-07-09T16:00:21.302Z,1,3,false
2019-07-09T16:01:59.098Z,1,4,false
2019-07-09T16:03:36.632Z,1,5,false
2019-07-09T16:05:09.562Z,1,6,false
2019-07-09T16:06:50.256Z,1,7,false
2019-07-09T16:08:41.10Z,1,8,false
2019-07-09T16:10:21.157Z,1,9,false
2019-07-09T16:12:43.873Z,1,1,false
2019-07-09T16:14:29.704Z,1,2,false
2019-07-09T16:16:15.171Z,1,3,false
2019-07-09T16:17:53.043Z,1,4,false
2019-07-09T16:19:43.248Z,1,5,false
2019-07-09T16:21:23.772Z,1,6,false
2019-07-09T16:23:00.040Z,1,7,false
2019-07-09T16:24:38.158Z,1,8,false
2019-07-09T16:26:12.428Z,1,9,false
2019-07-09T16:28:31.209Z,1,1,false
2019-07-09T16:30:03.035Z,1,2,false
2019-07-09T16:31:40.376Z,1,3,false
2019-07-09T16:33:32.567Z,1,4,false
2019-07-09T16:35:12.530Z,1,5,false
2019-07-09T16:37:04.118Z,1,6,false
2019-07-09T16:38:31.837Z,1,7,false
2019-07-09T16:40:12.518Z,1,8,false
2019-07-09T16:41:53.913Z,1,9,false
2019-07-09T16:44:07.938Z,1,1,false
2019-07-09T16:45:46.710Z,1,2,false
2019-07-09T16:47:46.656Z,1,3,false
2019-07-09T16:49:42.669Z,1,4,false
2019-07-09T16:51:29.554Z,1,5,false
2019-07-09T16:53:22.984Z,1,6,false
2019-07-09T16:54:45.118Z,1,7,false
2019-07-09T16:56:47.797Z,1,8,false
2019-07-09T16:58:33.352Z,1,9,false
2019-07-09T17:01:00.556Z,1,1,false
2019-07-09T17:02:57.608Z,1,2,false
2019-07-09T17:04:39.387Z,1,3,false
2019-07-09T17:06:20.028Z,1,4,false
2019-07-09T17:08:01.507Z,1,5,false
2019-07-09T17:10:04.077Z,1,6,false
2019-07-09T17:11:32.606Z,1,7,false
2019-07-09T17:13:32.168Z,1,8,false
2019-07-09T17:15:17.271Z,1,9,false
2019-07-09T17:17:42.506Z,1,1,false
2019-07-09T17:19:40.620Z,1,2,false
2019-07-09T17:21:36.639Z,1,3,false
2019-07-09T17:23:14.841Z,1,4,false
2019-07-09T17:24:53.977Z,1,5,false
2019-07-09T17:26:47.901Z,1,6,false
2019-07-09T17:28:26.513Z,1,7,false
2019-07-09T17:30:20.372Z,1,8,false
2019-07-09T17:31:54.680Z,1,9,false
2019-07-09T17:34:01.572Z,1,1,false
2019-07-09T17:36:09.071Z,1,2,false
2019-07-09T17:38:00.473Z,1,3,false
2019-07-09T17:40:06.826Z,1,4,false
2019-07-09T17:41:40.926Z,1,5,false
2019-07-09T17:43:47.394Z,1,6,false
2019-07-09T17:45:49.923Z,1,7,false
2019-07-09T17:47:29.572Z,1,8,false
2019-07-09T17:49:14.918Z,1,9,false
2019-07-09T17:51:24.457Z,1,1,false
2019-07-09T17:52:55.022Z,1,2,false
2019-07-09T17:55:10.025Z,1,3,false
2019-07-09T17:56:47.626Z,1,4,false
2019-07-09T17:58:33.097Z,1,5,false
2019-07-09T18:00:09.758Z,1,6,false
2019-07-09T18:01:57.105Z,1,7,false
2019-07-09T18:03:49.930Z,1,8,false
2019-07-09T18:05:31.363Z,1,9,false
2019-07-09T18:07:58.689Z,1,1,false
2019-07-09T18:09:46.634Z,1,2,false
2019-07-09T18:11:33.773Z,1,3,false
2019-07-09T18:13:23.181Z,1,4,false
2019-07-09T18:15:08.546Z,1,5,false
2019-07-09T18:16:40.939Z,1,6,false
2019-07-09T18:18:35.326Z,1,7,false
2019-07-09T18:20:11.985Z,1,8,false
2019-07-09T18:22:03.125Z,1,9,false
2019-07-09T18:24:06.785Z,1,1,false
2019-07-09T18:25:51.716Z,1,2,false
2019-07-09T18:27:30.199Z,1,3,false
2019-07-09T18:29:19.320Z,1,4,false
2019-07-09T18:30:53.990Z,1,5,false
2019-07-09T18:32:47.831Z,1,6,false
2019-07-09T18:34:43.011Z,1,7,false
2019-07-09T18:36:35.220Z,1,8,false
2019-07-09T18:38:17.019Z,1,9,false
2019-07-09T18:40:31.521Z,1,1,false
2019-07-09T18:42:20.568Z,1,2,false
2019-07-09T18:44:04.865Z,1,3,false
2019-07-09T18:45:54.728Z,1,4,false
2019-07-09T18:47:32.644Z,1,5,false
2019-07-09T18:49:21.186Z,1,6,false
2019-07-09T18:51:01.949Z,1,7,false
2019-07-09T18:52:41.612Z,1,8,false
2019-07-09T18:54:18.769Z,1,9,false
2019-07-09T18:56:52.168Z,1,1,false
2019-07-09T18:58:28.200Z,1,2,false
2019-07-09T19:00:06.935Z,1,3,false
2019-07-09T19:02:05.835Z,1,4,false
2019-07-09T19:03:39.679Z,1,5,false
2019-07-09T19:05:11.661Z,1,6,false
2019-07-09T19:06:39.621Z,1,7,false
2019-07-09T19:08:23.933Z,1,8,false
2019-07-09T19:10:16.621Z,1,9,false
2019-07-09T19:12:35.468Z,1,1,false
2019-07-09T19:14:31.179Z,1,2,false
2019-07-09T19:16:09.261Z,1,3,false
2019-07-09T19:17:45.053Z,1,4,false
2019-07-09T19:19:31.433Z,1,5,false
2019-07-09T19:21:03.770Z,1,6,false
2019-07-09T19:22:43.686Z,1,7,false
2019-07-09T19:24:25.004Z,1,8,false
2019-07-09T19:26:19.658Z,1,9,false
2019-07-09T19:28:29.281Z,1,1,false
2019-07-09T19:30:10.705Z,1,2,false
2019-07-09T19:31:51.344Z,1,3,false
2019-07-09T19:33:32.737Z,1,4,false
2019-07-09T19:35:14.724Z,1,5,false
2019-07-09T19:36:52.244Z,1,6,false
2019-07-09T19:38:42.942Z,1,7,false
2019-07-09T19:40:16.348Z,1,8,false
2019-07-09T19:42:25.810Z,1,9,false
2019-07-09T19:44:35.405Z,1,1,false
2019-07-09T19:46:36.322Z,1,2,false
2019-07-09T19:48:05.292Z,1,3,false
2019-07-09T19:50:10.962Z,1,4,false
2019-07-09T19:51:39.685Z,1,5,false
2019-07-09T19:53:21.039Z,1,6,false
2019-07-09T19:55:25.280Z,1,7,false
2019-07-09T19:57:08.631Z,1,8,false
2019-07-09T19:59:00.717Z,1,9,false
2019-07-09T20:01:10.365Z,1,1,false
2019-07-09T20:03:13.680Z,1,2,false
2019-07-09T20:04:50.214Z,1,3,false
2019-07-09T20:06:40.272Z,1,4,false
2019-07-09T20:08:25.567Z,1,5,false
2019-07-09T20:10:28.908Z,1,6,false
2019-07-09T20:12:19.280Z,1,7,false
2019-07-09T20:14:03.671Z,1,8,false
2019-07-09T20:16:09.746Z,1,9,false
2019-07-09T20:18:22.511Z,1,1,false
2019-07-09T20:19:59.151Z,1,2,false
2019-07-09T20:21:36.879Z,1,3,false
2019-07-09T20:23:32.976Z,1,4,false
2019-07-09T20:25:19.985Z,1,5,false
2019-07-09T20:27:05.225Z,1,6,false
2019-07-09T20:28:38.829Z,1,7,false
2019-07-09T20:30:15.317Z,1,8,false
2019-07-09T20:31:50.123Z,1,9,false
2019-07-09T20:33:57.811Z,1,1,false
2019-07-09T20:35:36.801Z,1,2,false
2019-07-09T20:37:28.592Z,1,3,false
2019-07-09T20:39:02.866Z,1,4,false
2019-07-09T20:40:48.134Z,1,5,false
2019-07-09T20:42:36.853Z,1,6,false
2019-07-09T20:44:11.705Z,1,7,false
2019-07-09T20:45:52.756Z,1,8,false
2019-07-09T20:47:16.035Z,1,9,false
2019-07-09T20:49:35.820Z,1,1,false
2019-07-09T20:51:30.744Z,1,2,false
2019-07-09T20:52:53.649Z,1,3,false
2019-07-09T20:54:53.283Z,1,4,false
2019-07-09T20:56:40.629Z,1,5,false
2019-07-09T20:58:19.509Z,1,6,false
2019-07-09T21:00:11.181Z,1,7,false
2019-07-09T21:01:41.834Z,1,8,false
2019-07-09T21:03:31.970Z,1,9,false
2019-07-09T21:05:38.531Z,1,1,false
2019-07-09T21:07:18.526Z,1,2,false
2019-07-09T21:08:54.019Z,1,3,false
2019-07-09T21:10:47.974Z,1,4,false
2019-07-09T21:12:40.104Z,1,5,false
2019-07-09T21:14:03.086Z,1,6,false
2019-07-09T21:15:45.550Z,1,7,false
2019-07-09T21:17:41.892Z,1,8,false
2019-07-09T21:19:11.349Z,1,9,false
2019-07-09T21:21:31.347Z,1,1,false
2019-07-09T21:23:17.539Z,1,2,false
2019-07-09T21:25:12.569Z,1,3,false
2019-07-09T21:26:39.307Z,1,4,false
2019-07-09T21:28:19.932Z,1,5,false
2019-07-09T21:30:04.809Z,1,6,false
2019-07-09T21:31:52.210Z,1,7,false
2019-07-09T21:33:29.950Z,1,8,false
2019-07-09T21:35:18.075Z,1,9,false
2019-07-09T21:37:17.687Z,1,1,false
2019-07-09T21:39:00.260Z,1,2,false
2019-07-09T21:40:53.702Z,1,3,false
2019-07-09T21:42:52.048Z,1,4,false
2019-07-09T21:44:15.381Z,1,5,false
2019-07-09T21:46:06.962Z,1,6,false
2019-07-09T21:47:38.508Z,1,7,false
2019-07-09T21:49:30.019Z,1,8,false
2019-07-09T21:51:16.535Z,1,9,false
2019-07-09T21:53:30.931Z,1,1,false
2019-07-09T21:55:03.151Z,1,2,false
2019-07-09T21:56:43.807Z,1,3,false
2019-07-09T21:58:21.745Z,1,4,false
2019-07-09T22:00:12.061Z,1,5,false
2019-07-09T22:02:03.156Z,1,6,false
2019-07-09T22:03:47.943Z,1,7,false
2019-07-09T22:05:37.898Z,1,8,false
2019-07-09T22:07:05.990Z,1,9,false
2019-07-09T22:09:13.982Z,1,1,false
2019-07-09T22:10:44.186Z,1,2,false
2019-07-09T22:12:22.138Z,1,3,false
2019-07-09T22:13:50.811Z,1,4,false
2019-07-09T22:15:29.448Z,1,5,false
2019-07-09T22:17:03.287Z,1,6,false
2019-07-09T22:18:43.072Z,1,7,false
2019-07-09T22:20:15.574Z,1,8,false
2019-07-09T22:21:48.882Z,1,9,false
2019-07-09T22:24:02.772Z,1,1,false
2019-07-09T22:25:32.926Z,1,2,false
2019-07-09T22:27:19.132Z,1,3,false
2019-07-09T22:29:18.159Z,1,4,false
2019-07-09T22:31:04.898Z,1,5,false
2019-07-09T22:32:52.724Z,1,6,false
2019-07-09T22:34:19.718Z,1,7,false
2019-07-09T22:35:56.041Z,1,8,false
2019-07-09T22:37:36.436Z,1,9,false
2019-07-09T22:39:46.629Z,1,1,false
2019-07-09T22:41:36.581Z,1,2,false
2019-07-09T22:43:23.082Z,1,3,false
2019-07-09T22:44:49.753Z,1,4,false
2019-07-09T22:46:23.774Z,1,5,false
2019-07-09T22:48:12.192Z,1,6,false
2019-07-09T22:50:10.286Z,1,7,false
2019-07-09T22:51:48.689Z,1,8,false
2019-07-09T22:53:27.976Z,1,9,false
2019-07-09T22:55:37.742Z,1,1,false
2019-07-09T22:57:26.141Z,1,2,false
2019-07-09T22:59:09.793Z,1,3,false
2019-07-09T23:00:56.981Z,1,4,false
2019-07-09T23:02:36.823Z,1,5,false
2019-07-09T23:04:18.204Z,1,6,false
2019-07-09T23:06:10.583Z,1,7,false
2019-07-09T23:08:08.885Z,1,8,false
2019-07-09T23:09:52.942Z,1,9,false
2019-07-09T23:12:04.816Z,1,1,false
2019-07-09T23:13:59.988Z,1,2,false
2019-07-09T23:15:37.726Z,1,3,false
2019-07-09T23:17:11.491Z,1,4,false
2019-07-09T23:18:53.940Z,1,5,false
2019-07-09T23:20:33.346Z,1,6,false
2019-07-09T23:22:28.521Z,1,7,false
2019-07-09T23:24:14.784Z,1,8,false
2019-07-09T23:25:55.325Z,1,9,false
2019-07-09T23:28:10.343Z,1,1,false
2019-07-09T23:29:49.213Z,1,2,false
2019-07-09T23:31:21.675Z,1,3,false
2019-07-09T23:33:05.770Z,1,4,false
2019-07-09T23:34:49.608Z,1,5,false
2019-07-09T23:36:35.466Z,1,6,false
2019-07-09T23:38:19.409Z,1,7,false
2019-07-09T23:40:11.387Z,1,8,false
2019-07-09T23:42:23.725Z,1,9,false
2019-07-09T23:44:44.260Z,1,1,false
2019-07-09T23:46:22.728Z,1,2,false
2019-07-09T23:48:34.977Z,1,3,false
2019-07-09T23:50:23.726Z,1,4,false
2019-07-09T23:52:11.966Z,1,5,false
2019-07-09T23:53:55.576Z,1,6,false
2019-07-09T23:55:55.933Z,1,7,false
2019-07-09T23:57:55.149Z,1,8,false
2019-07-09T23:59:38.876Z,1,9,false
2019-07-10T00:01:57.017Z,1,1,false
2019-07-10T00:04:29.822Z,1,2,false
2019-07-10T00:06:25.888Z,1,3,false
2019-07-10T00:08:17.923Z,1,4,false
2019-07-10T00:09:50.140Z,1,5,false
2019-07-10T00:11:41.020Z,1,6,false
2019-07-10T00:13:20.907Z,1,7,false
2019-07-10T00:15:02.107Z,1,8,false
2019-07-10T00:16:56.989Z,1,9,false
2019-07-10T00:19:03.487Z,1,1,false
2019-07-10T00:20:31.920Z,1,2,false
2019-07-10T00:22:19.445Z,1,3,false
2019-07-10T00:24:09.132Z,1,4,false
2019-07-10T00:25:35.170Z,1,5,false
2019-07-10T00:27:24.124Z,1,6,false
2019-07-10T00:29:12.176Z,1,7,false
2019-07-10T00:31:09.191Z,1,8,false
2019-07-10T00:32:42.204Z,1,9,false
2019-07-10T00:34:38.523Z,1,1,false
2019-07-10T00:36:39.495Z,1,2,false
2019-07-10T00:38:22.940Z,1,3,false
2019-07-10T00:40:19.036Z,1,4,false
2019-07-10T00:42:02.663Z,1,5,false
2019-07-10T00:43:44.380Z,1,6,false
2019-07-10T00:45:45.897Z,1,7,false
2019-07-10T00:47:32.935Z,1,8,false
2019-07-10T00:49:13.063Z,1,9,false
2019-07-10T00:51:16.198Z,1,1,false
2019-07-10T00:52:45.903Z,1,2,false
2019-07-10T00:54:14.608Z,1,3,false
2019-07-10T00:56:04.147Z,1,4,false
2019-07-10T00:57:40.539Z,1,5,false
2019-07-10T00:59:24.467Z,1,6,false
2019-07-10T01:01:06.085Z,1,7,false
2019-07-10T01:02:43.000Z,1,8,false
2019-07-10T01:04:26.073Z,1,9,false
2019-07-10T01:06:46.721Z,1,1,false
2019-07-10T01:08:21.317Z,1,2,false
2019-07-10T01:10:01.935Z,1,3,false
2019-07-10T01:11:28.934Z,1,4,false
2019-07-10T01:13:14.505Z,1,5,false
2019-07-10T01:14:39.965Z,1,6,false
2019-07-10T01:16:13.396Z,1,7,false
2019-07-10T01:17:38.758Z,1,8,false
2019-07-10T01:19:08.577Z,1,9,false
2019-07-10T01:20:46.480Z,1,1,false
2019-07-10T01:22:29.689Z,1,2,false
2019-07-10T01:24:10.620Z,1,3,false
2019-07-10T01:25:49.720Z,1,4,false
2019-07-10T01:27:48.646Z,1,5,false
2019-07-10T01:29:14.589Z,1,6,false
2019-07-10T01:31:13.999Z,1,7,false
2019-07-10T01:32:51.042Z,1,8,false
2019-07-10T01:34:22.586Z,1,9,false
2019-07-10T01:36:43.236Z,1,1,false
2019-07-10T01:38:17.142Z,1,2,false
2019-07-10T01:40:16.490Z,1,3,false
2019-07-10T01:42:03.659Z,1,4,false
2019-07-10T01:43:39.661Z,1,5,false
2019-07-10T01:45:17.942Z,1,6,false
2019-07-10T01:47:13.776Z,1,7,false
2019-07-10T01:48:42.458Z,1,8,false
2019-07-10T01:50:29.130Z,1,9,false
2019-07-10T01:52:41.523Z,1,1,false
2019-07-10T01:54:32.930Z,1,2,false
2019-07-10T01:56:12.783Z,1,3,false
2019-07-10T01:57:57.056Z,1,4,false
2019-07-10T01:59:23.075Z,1,5,false
2019-07-10T02:01:05.344Z,1,6,false
2019-07-10T02:03:24.619Z,1,7,false
2019-07-10T02:04:58.018Z,1,8,false
2019-07-10T02:06:33.962Z,1,9,false
2019-07-10T02:08:09.899Z,1,1,false
2019-07-10T02:09:42.300Z,1,2,false
2019-07-10T02:11:39.903Z,1,3,false
2019-07-10T02:13:31.219Z,1,4,false
2019-07-10T02:14:54.764Z,1,5,false
2019-07-10T02:16:22.232Z,1,6,false
2019-07-10T02:17:57.538Z,1,7,false
2019-07-10T02:19:26.731Z,1,8,false
2019-07-10T02:21:09.621Z,1,9,false
2019-07-10T02:23:10.711Z,1,1,false
2019-07-10T02:25:24.183Z,1,2,false
2019-07-10T02:27:04.596Z,1,3,false
2019-07-10T02:28:53.119Z,1,4,false
2019-07-10T02:30:22.672Z,1,5,false
2019-07-10T02:31:49.301Z,1,6,false
2019-07-10T02:33:46.351Z,1,7,false
2019-07-10T02:35:28.160Z,1,8,false
2019-07-10T02:37:06.865Z,1,9,false
2019-07-10T02:39:08.532Z,1,1,false
2019-07-10T02:40:43.924Z,1,2,false
2019-07-10T02:42:37.020Z,1,3,false
2019-07-10T02:44:25.050Z,1,4,false
2019-07-10T02:46:08.274Z,1,5,false
2019-07-10T02:47:51.490Z,1,6,false
2019-07-10T02:49:34.927Z,1,7,false
2019-07-10T02:51:20.318Z,1,8,false
2019-07-10T02:53:19.649Z,1,9,false
2019-07-10T02:55:48.416Z,1,1,false
2019-07-10T02:57:34.781Z,1,2,false
2019-07-10T02:59:08.895Z,1,3,false
2019-07-10T03:01:05.755Z,1,4,false
2019-07-10T03:02:49.879Z,1,5,false
2019-07-10T03:04:35.119Z,1,6,false
2019-07-10T03:06:18.985Z,1,7,false
2019-07-10T03:08:04.797Z,1,8,false
2019-07-10T03:09:38.565Z,1,9,false
2019-07-10T03:12:10.589Z,1,1,false
2019-07-10T03:13:55.707Z,1,2,false
2019-07-10T03:15:35.016Z,1,3,false
2019-07-10T03:17:39.789Z,1,4,false
2019-07-10T03:19:29.239Z,1,5,false
2019-07-10T03:21:34.396Z,1,6,false
2019-07-10T03:23:33.387Z,1,7,false
2019-07-10T03:25:47.066Z,1,8,false
2019-07-10T03:27:33.684Z,1,9,false
2019-07-10T03:29:10.675Z,1,1,false
2019-07-10T03:32:07.146Z,1,2,false
2019-07-10T03:34:02.332Z,1,3,false
2019-07-10T03:36:01.106Z,1,4,false
2019-07-10T03:38:01.905Z,1,5,false
2019-07-10T03:39:46.286Z,1,6,false
2019-07-10T03:41:22.070Z,1,7,false
2019-07-10T03:43:19.474Z,1,8,false
2019-07-10T03:45:20.118Z,1,9,false
2019-07-10T03:47:20.031Z,1,1,false
2019-07-10T03:49:17.581Z,1,2,false
2019-07-10T03:51:15.578Z,1,3,false
2019-07-10T03:53:11.585Z,1,4,false
2019-07-10T03:54:57.142Z,1,5,false
2019-07-10T03:56:40.165Z,1,6,false
2019-07-10T03:58:29.295Z,1,7,false
2019-07-10T04:00:28.327Z,1,8,false
2019-07-10T04:02:01.733Z,1,9,false
2019-07-10T04:04:13.615Z,1,1,false
2019-07-10T04:05:54.709Z,1,2,false
2019-07-10T04:07:41.280Z,1,3,false
2019-07-10T04:09:22.548Z,1,4,false
2019-07-10T04:11:20.885Z,1,5,false
2019-07-10T04:12:48.870Z,1,6,false
2019-07-10T04:14:13.237Z,1,7,false
2019-07-10T04:15:41.150Z,1,8,false
2019-07-10T04:17:20.890Z,1,9,false
2019-07-10T04:19:07.418Z,1,1,false
2019-07-10T04:20:49.823Z,1,2,false
2019-07-10T04:22:26.066Z,1,3,false
2019-07-10T04:24:08.548Z,1,4,false
2019-07-10T04:25:33.363Z,1,5,false
2019-07-10T04:27:06.697Z,1,6,false
2019-07-10T04:29:06.742Z,1,7,false
2019-07-10T04:30:57.546Z,1,8,false
2019-07-10T04:32:32.747Z,1,9,false
2019-07-10T04:34:33.676Z,1,1,false
2019-07-10T04:36:23.090Z,1,2,false
2019-07-10T04:37:55.860Z,1,3,false
2019-07-10T04:39:58.827Z,1,4,false
2019-07-10T04:41:52.200Z,1,5,false
2019-07-10T04:43:39.329Z,1,6,false
2019-07-10T04:45:19.059Z,1,7,false
2019-07-10T04:47:01.456Z,1,8,false
2019-07-10T04:48:42.135Z,1,9,false
2019-07-10T04:50:45.824Z,1,1,false
2019-07-10T04:52:32.615Z,1,2,false
2019-07-10T04:54:22.689Z,1,3,false
2019-07-10T04:56:11.103Z,1,4,false
2019-07-10T04:57:51.547Z,1,5,false
2019-07-10T04:59:11.623Z,1,6,false
2019-07-10T05:01:14.092Z,1,7,false
2019-07-10T05:02:43.470Z,1,8,false
2019-07-10T05:04:15.029Z,1,9,false
2019-07-10T05:06:16.214Z,1,1,false
2019-07-10T05:07:39.825Z,1,2,false
2019-07-10T05:09:12.026Z,1,3,false
2019-07-10T05:10:45.006Z,1,4,false
2019-07-10T05:12:20.247Z,1,5,false
2019-07-10T05:14:10.388Z,1,6,false
2019-07-10T05:15:53.571Z,1,7,false
2019-07-10T05:17:33.765Z,1,8,false
2019-07-10T05:19:09.743Z,1,9,false
2019-07-10T05:20:54.603Z,1,1,false
2019-07-10T05:23:21.328Z,1,2,false
2019-07-10T05:25:03.155Z,1,3,false
2019-07-10T05:26:40.676Z,1,4,false
2019-07-10T05:28:14.332Z,1,5,false
2019-07-10T05:30:04.043Z,1,6,false
2019-07-10T05:31:50.395Z,1,7,false
2019-07-10T05:33:44.333Z,1,8,false
2019-07-10T05:35:20.810Z,1,9,false
2019-07-10T05:36:58.608Z,1,1,false
2019-07-10T05:39:13.223Z,1,2,false
2019-07-10T05:40:58.135Z,1,3,false
2019-07-10T05:42:45.622Z,1,4,false
2019-07-10T05:44:23.490Z,1,5,false
2019-07-10T05:45:59.032Z,1,6,false
2019-07-10T05:47:55.296Z,1,7,false
2019-07-10T05:49:44.433Z,1,8,false
2019-07-10T05:51:39.553Z,1,9,false
2019-07-10T05:53:25.752Z,1,1,false
2019-07-10T05:56:04.259Z,1,2,false
2019-07-10T05:57:51.023Z,1,3,false
2019-07-10T05:59:28.477Z,1,4,false
2019-07-10T06:01:18.881Z,1,5,false
2019-07-10T06:02:59.412Z,1,6,false
2019-07-10T06:04:33.929Z,1,7,false
2019-07-10T06:06:46.719Z,1,8,false
2019-07-10T06:08:32.332Z,1,9,false
2019-07-10T06:10:16.020Z,1,1,false
2019-07-10T06:12:50.035Z,1,2,false
2019-07-10T06:14:33.666Z,1,3,false
2019-07-10T06:16:31.648Z,1,4,false
2019-07-10T06:18:19.957Z,1,5,false
2019-07-10T06:19:47.605Z,1,6,false
2019-07-10T06:21:38.770Z,1,7,false
2019-07-10T06:23:39.535Z,1,8,false
2019-07-10T06:25:32.334Z,1,9,false
2019-07-10T06:27:52.856Z,1,1,false
2019-07-10T06:30:07.782Z,1,2,false
2019-07-10T06:31:34.507Z,1,3,false
2019-07-10T06:33:17.061Z,1,4,false
2019-07-10T06:35:04.093Z,1,5,false
2019-07-10T06:36:38.129Z,1,6,false
2019-07-10T06:38:40.650Z,1,7,false
2019-07-10T06:40:20.417Z,1,8,false
2019-07-10T06:42:09.446Z,1,9,false
2019-07-10T06:43:58.223Z,1,1,false
2019-07-10T06:46:15.188Z,1,2,false
2019-07-10T06:48:03.545Z,1,3,false
2019-07-10T06:49:58.352Z,1,4,false
2019-07-10T06:51:50.637Z,1,5,false
2019-07-10T06:53:43.304Z,1,6,false
2019-07-10T06:56:10.037Z,1,7,false
2019-07-10T06:57:57.848Z,1,8,false
2019-07-10T06:59:43.295Z,1,9,false
2019-07-10T07:02:00.021Z,1,1,false
2019-07-10T07:03:25.465Z,1,2,false
2019-07-10T07:05:18.720Z,1,3,false
2019-07-10T07:07:18.002Z,1,4,false
2019-07-10T07:08:53.600Z,1,5,false
2019-07-10T07:10:47.689Z,1,6,false
2019-07-10T07:12:30.954Z,1,7,false
2019-07-10T07:14:02.256Z,1,8,false
2019-07-10T07:15:42.381Z,1,9,false
2019-07-10T07:17:26.438Z,1,1,false
2019-07-10T07:19:49.762Z,1,2,false
2019-07-10T07:21:21.808Z,1,3,false
2019-07-10T07:22:57.311Z,1,4,false
2019-07-10T07:24:23.245Z,1,5,false
2019-07-10T07:25:55.683Z,1,6,false
2019-07-10T07:27:42.212Z,1,7,false
2019-07-10T07:29:35.520Z,1,8,false
2019-07-10T07:31:22.923Z,1,9,false
2019-07-10T07:33:10.824Z,1,1,false
2019-07-10T07:35:01.446Z,1,2,false
2019-07-10T07:36:38.053Z,1,3,false
2019-07-10T07:38:12.489Z,1,4,false
2019-07-10T07:39:42.003Z,1,5,false
2019-07-10T07:41:29.271Z,1,6,false
2019-07-10T07:43:17.186Z,1,7,false
2019-07-10T07:45:00.399Z,1,8,false
2019-07-10T07:46:38.411Z,1,9,false
2019-07-10T07:48:25.906Z,1,1,false
2019-07-10T07:50:49.675Z,1,2,false
2019-07-10T07:52:28.310Z,1,3,false
2019-07-10T07:54:21.704Z,1,4,false
2019-07-10T07:55:56.014Z,1,5,false
2019-07-10T07:57:44.221Z,1,6,false
2019-07-10T07:59:36.132Z,1,7,false
2019-07-10T08:01:19.202Z,1,8,false
2019-07-10T08:03:05.128Z,1,9,false
2019-07-10T08:05:29.840Z,1,1,false
2019-07-10T08:06:56.322Z,1,2,false
2019-07-10T08:08:52.370Z,1,3,false
2019-07-10T08:10:40.872Z,1,4,false
2019-07-10T08:12:37.842Z,1,5,false
2019-07-10T08:14:18.220Z,1,6,false
2019-07-10T08:15:57.556Z,1,7,false
2019-07-10T08:17:43.012Z,1,8,false
2019-07-10T08:19:36.068Z,1,9,false
2019-07-10T08:21:34.050Z,1,1,false
2019-07-10T08:23:40.754Z,1,2,false
2019-07-10T08:25:14.610Z,1,3,false
2019-07-10T08:26:56.320Z,1,4,false
2019-07-10T08:28:44.636Z,1,5,false
2019-07-10T08:30:25.344Z,1,6,false
2019-07-10T08:32:06.440Z,1,7,false
2019-07-10T08:33:45.524Z,1,8,false
2019-07-10T08:35:17.262Z,1,9,false
2019-07-10T08:37:15.969Z,1,1,false
2019-07-10T08:39:04.220Z,1,2,false
2019-07-10T08:40:32.065Z,1,3,false
2019-07-10T08:42:22.961Z,1,4,false
2019-07-10T08:43:55.606Z,1,5,false
2019-07-10T08:45:18.746Z,1,6,false
2019-07-10T08:47:26.570Z,1,7,false
2019-07-10T08:49:19.356Z,1,8,false
2019-07-10T08:50:59.066Z,1,9,false
2019-07-10T08:53:10.467Z,1,1,false
2019-07-10T08:54:54.229Z,1,2,false
2019-07-10T08:56:25.653Z,1,3,false
2019-07-10T08:58:18.265Z,1,4,false
2019-07-10T08:59:56.069Z,1,5,false
2019-07-10T09:01:29.272Z,1,6,false
2019-07-10T09:03:26.335Z,1,7,false
2019-07-10T09:04:57.875Z,1,8,false
2019-07-10T09:06:44.694Z,1,9,false
2019-07-10T09:08:40.769Z,1,1,false
2019-07-10T09:10:19.980Z,1,2,false
2019-07-10T09:12:06.531Z,1,3,false
2019-07-10T09:13:46.037Z,1,4,false
2019-07-10T09:15:18.280Z,1,5,false
2019-07-10T09:16:56.889Z,1,6,false
2019-07-10T09:18:43.576Z,1,7,false
2019-07-10T09:20:21.342Z,1,8,false
2019-07-10T09:22:03.261Z,1,9,false
2019-07-10T09:23:53.746Z,1,1,false
2019-07-10T09:25:56.580Z,1,2,false
2019-07-10T09:27:39.596Z,1,3,false
2019-07-10T09:29:16.850Z,1,4,false
2019-07-10T09:30:58.913Z,1,5,false
2019-07-10T09:32:29.609Z,1,6,false
2019-07-10T09:34:23.792Z,1,7,false
2019-07-10T09:35:58.586Z,1,8,false
2019-07-10T09:37:43.486Z,1,9,false
2019-07-10T09:39:45.154Z,1,1,false
2019-07-10T09:41:29.307Z,1,2,false
2019-07-10T09:43:08.953Z,1,3,false
2019-07-10T09:44:53.645Z,1,4,false
2019-07-10T09:46:34.134Z,1,5,false
2019-07-10T09:48:04.442Z,1,6,false
2019-07-10T09:49:55.144Z,1,7,false
2019-07-10T09:51:37.967Z,1,8,false
2019-07-10T09:53:10.191Z,1,9,false
2019-07-10T09:55:07.163Z,1,1,false
2019-07-10T09:56:35.945Z,1,2,false
2019-07-10T09:58:33.773Z,1,3,false
2019-07-10T10:00:39.931Z,1,4,false
2019-07-10T10:02:18.278Z,1,5,false
2019-07-10T10:03:46.413Z,1,6,false
2019-07-10T10:05:49.715Z,1,7,false
2019-07-10T10:07:47.904Z,1,8,false
2019-07-10T10:09:18.985Z,1,9,false
2019-07-10T10:11:17.248Z,1,1,false
2019-07-10T10:12:56.234Z,1,2,false
2019-07-10T10:14:46.740Z,1,3,false
2019-07-10T10:16:43.157Z,1,4,false
2019-07-10T10:18:26.969Z,1,5,false
2019-07-10T10:20:17.821Z,1,6,false
2019-07-10T10:22:27.809Z,1,7,false
2019-07-10T10:24:16.136Z,1,8,false
2019-07-10T10:26:19.321Z,1,9,false
2019-07-10T10:28:11.792Z,1,1,false
2019-07-10T10:30:24.614Z,1,2,false
2019-07-10T10:32:06.871Z,1,3,false
2019-07-10T10:34:01.078Z,1,4,false
2019-07-10T10:35:50.379Z,1,5,false
2019-07-10T10:37:59.546Z,1,6,false
2019-07-10T10:40:06.655Z,1,7,false
2019-07-10T10:41:57.330Z,1,8,false
2019-07-10T10:43:45.973Z,1,9,false
2019-07-10T10:45:56.085Z,1,1,false
2019-07-10T10:47:30.322Z,1,2,false
2019-07-10T10:49:16.554Z,1,3,false
2019-07-10T10:51:20.389Z,1,4,false
2019-07-10T10:53:24.279Z,1,5,false
2019-07-10T10:55:16.296Z,1,6,false
2019-07-10T10:57:12.991Z,1,7,false
2019-07-10T10:58:34.998Z,1,8,false
2019-07-10T11:00:31.132Z,1,9,false
2019-07-10T11:02:22.980Z,1,1,false
2019-07-10T11:05:28.355Z,1,2,false
2019-07-10T11:07:18.689Z,1,3,false
2019-07-10T11:09:30.049Z,1,4,false
2019-07-10T11:11:25.194Z,1,5,false
2019-07-10T11:13:22.636Z,1,6,false
2019-07-10T11:15:39.429Z,1,7,false
2019-07-10T11:17:54.997Z,1,8,false
2019-07-10T11:19:40.162Z,1,9,false
2019-07-10T11:22:06.783Z,1,1,false
2019-07-10T11:24:15.116Z,1,2,false
2019-07-10T11:27:10.547Z,1,3,false
2019-07-10T11:30:00.622Z,1,4,false
2019-07-10T11:32:19.808Z,1,5,false
2019-07-10T11:34:21.960Z,1,6,false
2019-07-10T11:36:17.138Z,1,7,false
2019-07-10T11:38:32.641Z,1,8,false
2019-07-10T11:40:44.025Z,1,9,false
2019-07-10T11:42:31.655Z,1,1,false
2019-07-10T11:45:08.069Z,1,2,false
2019-07-10T11:46:52.267Z,1,3,false
2019-07-10T11:48:27.023Z,1,4,false
2019-07-10T11:50:15.747Z,1,5,false
2019-07-10T11:52:05.816Z,1,6,false
2019-07-10T11:53:59.656Z,1,7,false
2019-07-10T11:55:32.193Z,1,8,false
2019-07-10T11:57:22.184Z,1,9,false
2019-07-10T11:59:42.262Z,1,1,false
2019-07-10T12:01:11.860Z,1,2,false
2019-07-10T12:03:04.162Z,1,3,false
2019-07-10T12:04:53.525Z,1,4,false
2019-07-10T12:06:30.825Z,1,5,false
2019-07-10T12:08:16.124Z,1,6,false
2019-07-10T12:09:57.459Z,1,7,false
2019-07-10T12:11:47.195Z,1,8,false
2019-07-10T12:13:19.397Z,1,9,false
2019-07-10T12:15:05.842Z,1,1,false
2019-07-10T12:17:13.836Z,1,2,false
2019-07-10T12:18:43.738Z,1,3,false
2019-07-10T12:20:30.229Z,1,4,false
2019-07-10T12:22:22.456Z,1,5,false
2019-07-10T12:24:01.483Z,1,6,false
2019-07-10T12:25:52.626Z,1,7,false
2019-07-10T12:27:40.494Z,1,8,false
2019-07-10T12:29:19.020Z,1,9,false
2019-07-10T12:30:58.619Z,1,1,false
2019-07-10T12:32:50.836Z,1,2,false
2019-07-10T12:34:16.571Z,1,3,false
2019-07-10T12:36:17.170Z,1,4,false
2019-07-10T12:38:07.593Z,1,5,false
2019-07-10T12:40:05.619Z,1,6,false
2019-07-10T12:41:55.586Z,1,7,false
2019-07-10T12:43:37.890Z,1,8,false
2019-07-10T12:45:23.502Z,1,9,false
2019-07-10T12:47:32.069Z,1,1,false
2019-07-10T12:49:36.515Z,1,2,false
2019-07-10T12:51:10.399Z,1,3,false
2019-07-10T12:52:41.822Z,1,4,false
2019-07-10T12:54:45.359Z,1,5,false
2019-07-10T12:56:30.726Z,1,6,false
2019-07-10T12:58:16.702Z,1,7,false
2019-07-10T13:00:17.226Z,1,8,false
2019-07-10T13:01:42.191Z,1,9,false
2019-07-10T13:04:15.075Z,1,1,false
2019-07-10T13:05:59.152Z,1,2,false
2019-07-10T13:07:52.155Z,1,3,false
2019-07-10T13:09:15.536Z,1,4,false
2019-07-10T13:11:04.528Z,1,5,false
2019-07-10T13:13:08.848Z,1,6,false
2019-07-10T13:14:46.962Z,1,7,false
2019-07-10T13:16:40.436Z,1,8,false
2019-07-10T13:18:33.919Z,1,9,false
2019-07-10T13:20:03.320Z,1,1,false
2019-07-10T13:22:05.192Z,1,2,false
2019-07-10T13:23:53.549Z,1,3,false
2019-07-10T13:25:43.240Z,1,4,false
2019-07-10T13:27:22.070Z,1,5,false
2019-07-10T13:28:58.818Z,1,6,false
2019-07-10T13:30:27.457Z,1,7,false
2019-07-10T13:32:20.966Z,1,8,false
2019-07-10T13:34:01.201Z,1,9,false
2019-07-10T13:36:35.198Z,1,1,false
2019-07-10T13:38:23.286Z,1,2,false
2019-07-10T13:40:11.176Z,1,3,false
2019-07-10T13:41:49.723Z,1,4,false
2019-07-10T13:43:31.395Z,1,5,false
2019-07-10T13:45:08.046Z,1,6,false
2019-07-10T13:47:11.103Z,1,7,false
2019-07-10T13:49:07.736Z,1,8,false
2019-07-10T13:50:56.818Z,1,9,false
2019-07-10T13:53:29.465Z,1,1,false
2019-07-10T13:55:04.202Z,1,2,false
2019-07-10T13:56:38.353Z,1,3,false
2019-07-10T13:58:06.869Z,1,4,false
2019-07-10T13:59:41.786Z,1,5,false
2019-07-10T14:01:07.781Z,1,6,false
2019-07-10T14:02:40.516Z,1,7,false
2019-07-10T14:04:19.825Z,1,8,false
2019-07-10T14:06:00.110Z,1,9,false
2019-07-10T14:08:32.256Z,1,1,false
2019-07-10T14:10:06.321Z,1,2,false
2019-07-10T14:11:49.941Z,1,3,false
2019-07-10T14:13:25.653Z,1,4,false
2019-07-10T14:15:05.861Z,1,5,false
2019-07-10T14:16:38.917Z,1,6,false
2019-07-10T14:18:23.775Z,1,7,false
2019-07-10T14:19:52.591Z,1,8,false
2019-07-10T14:21:32.538Z,1,9,false
2019-07-10T14:23:50.911Z,1,1,false
2019-07-10T14:25:37.077Z,1,2,false
2019-07-10T14:27:12.298Z,1,3,false
2019-07-10T14:28:49.119Z,1,4,false
2019-07-10T14:30:36.862Z,1,5,false
2019-07-10T14:32:21.350Z,1,6,false
2019-07-10T14:34:06.536Z,1,7,false
2019-07-10T14:35:59.951Z,1,8,false
2019-07-10T14:37:26.914Z,1,9,false
2019-07-10T14:39:40.298Z,1,1,false
2019-07-10T14:41:07.313Z,1,2,false
2019-07-10T14:42:40.854Z,1,3,false
2019-07-10T14:44:26.770Z,1,4,false
2019-07-10T14:45:55.342Z,1,5,false
2019-07-10T14:47:26.423Z,1,6,false
2019-07-10T14:48:53.828Z,1,7,false
2019-07-10T14:50:36.388Z,1,8,false
2019-07-10T14:52:03.492Z,1,9,false
2019-07-10T14:54:09.018Z,1,1,false
2019-07-10T14:55:35.661Z,1,2,false
2019-07-10T14:57:18.462Z,1,3,false
2019-07-10T14:59:03.478Z,1,4,false
2019-07-10T15:00:57.358Z,1,5,false
2019-07-10T15:02:15.607Z,1,6,false
2019-07-10T15:04:01.101Z,1,7,false
2019-07-10T15:05:36.509Z,1,8,false
2019-07-10T15:07:19.206Z,1,9,false
2019-07-10T15:09:32.437Z,1,1,false
2019-07-10T15:11:08.496Z,1,2,false
2019-07-10T15:12:58.987Z,1,3,false
2019-07-10T15:14:36.036Z,1,4,false
2019-07-10T15:16:28.957Z,1,5,false
2019-07-10T15:17:51.684Z,1,6,false
2019-07-10T15:19:28.554Z,1,7,false
2019-07-10T15:21:15.509Z,1,8,false
2019-07-10T15:22:59.906Z,1,9,false
2019-07-10T15:25:08.870Z,1,1,false
2019-07-10T15:26:40.051Z,1,2,false
2019-07-10T15:28:24.709Z,1,3,false
2019-07-10T15:30:22.748Z,1,4,false
2019-07-10T15:31:57.916Z,1,5,false
2019-07-10T15:33:21.350Z,1,6,false
2019-07-10T15:35:18.363Z,1,7,false
2019-07-10T15:36:53.079Z,1,8,false
2019-07-10T15:38:44.672Z,1,9,false
2019-07-10T15:41:03.240Z,1,1,false
2019-07-10T15:42:32.612Z,1,2,false
2019-07-10T15:44:17.711Z,1,3,false
2019-07-10T15:45:51.533Z,1,4,false
2019-07-10T15:47:47.982Z,1,5,false
2019-07-10T15:49:22.274Z,1,6,false
2019-07-10T15:51:29.352Z,1,7,false
2019-07-10T15:53:10.730Z,1,8,false
2019-07-10T15:54:49.356Z,1,9,false
2019-07-10T15:56:59.684Z,1,1,false
2019-07-10T15:58:45.798Z,1,2,false
2019-07-10T16:00:34.064Z,1,3,false
2019-07-10T16:02:10.120Z,1,4,false
2019-07-10T16:04:02.148Z,1,5,false
2019-07-10T16:05:42.276Z,1,6,false
2019-07-10T16:07:19.309Z,1,7,false
2019-07-10T16:08:59.551Z,1,8,false
2019-07-10T16:10:41.255Z,1,9,false
2019-07-10T16:12:57.972Z,1,1,false
2019-07-10T16:14:44.557Z,1,2,false
2019-07-10T16:16:16.384Z,1,3,false
2019-07-10T16:17:39.066Z,1,4,false
2019-07-10T16:19:22.115Z,1,5,false
2019-07-10T16:20:57.602Z,1,6,false
2019-07-10T16:22:46.737Z,1,7,false
2019-07-10T16:24:23.906Z,1,8,false
2019-07-10T16:25:58.803Z,1,9,false
2019-07-10T16:28:07.972Z,1,1,false
2019-07-10T16:29:46.306Z,1,2,false
2019-07-10T16:31:26.311Z,1,3,false
2019-07-10T16:33:07.870Z,1,4,false
2019-07-10T16:35:02.220Z,1,5,false
2019-07-10T16:36:43.378Z,1,6,false
2019-07-10T16:38:28.825Z,1,7,false
2019-07-10T16:40:02.158Z,1,8,false
2019-07-10T16:41:56.529Z,1,9,false
2019-07-10T16:44:24.577Z,1,1,false
2019-07-10T16:45:52.463Z,1,2,false
2019-07-10T16:47:36.760Z,1,3,false
2019-07-10T16:49:24.518Z,1,4,false
2019-07-10T16:51:20.572Z,1,5,false
2019-07-10T16:52:39.189Z,1,6,false
2019-07-10T16:54:39.327Z,1,7,false
2019-07-10T16:56:39.823Z,1,8,false
2019-07-10T16:58:21.482Z,1,9,false
2019-07-10T17:00:17.531Z,1,1,false
2019-07-10T17:01:50.390Z,1,2,false
2019-07-10T17:03:38.038Z,1,3,false
2019-07-10T17:05:29.515Z,1,4,false
2019-07-10T17:07:01.091Z,1,5,false
2019-07-10T17:08:34.082Z,1,6,false
2019-07-10T17:10:19.029Z,1,7,false
2019-07-10T17:12:11.807Z,1,8,false
2019-07-10T17:13:45.824Z,1,9,false
2019-07-10T17:16:02.512Z,1,1,false
2019-07-10T17:17:50.889Z,1,2,false
2019-07-10T17:19:49.102Z,1,3,false
2019-07-10T17:21:45.535Z,1,4,false
2019-07-10T17:23:38.198Z,1,5,false
2019-07-10T17:25:24.385Z,1,6,false
2019-07-10T17:27:36.094Z,1,7,false
2019-07-10T17:29:34.219Z,1,8,false
2019-07-10T17:31:37.549Z,1,9,false
2019-07-10T17:33:39.348Z,1,1,false
2019-07-10T17:35:34.428Z,1,2,false
2019-07-10T17:37:26.023Z,1,3,false
2019-07-10T17:39:10.304Z,1,4,false
2019-07-10T17:40:52.333Z,1,5,false
2019-07-10T17:42:46.956Z,1,6,false
2019-07-10T17:44:23.790Z,1,7,false
2019-07-10T17:46:11.498Z,1,8,false
2019-07-10T17:48:15.656Z,1,9,false
2019-07-10T17:50:28.843Z,1,1,false
2019-07-10T17:52:22.040Z,1,2,false
2019-07-10T17:54:05.571Z,1,3,false
2019-07-10T17:55:52.876Z,1,4,false
2019-07-10T17:57:50.578Z,1,5,false
2019-07-10T17:59:27.795Z,1,6,false
2019-07-10T18:01:23.120Z,1,7,false
2019-07-10T18:03:29.200Z,1,8,false
2019-07-10T18:05:26.807Z,1,9,false
2019-07-10T18:07:46.662Z,1,1,false
2019-07-10T18:09:42.647Z,1,2,false
2019-07-10T18:11:33.682Z,1,3,false
2019-07-10T18:13:30.316Z,1,4,false
2019-07-10T18:15:32.441Z,1,5,false
2019-07-10T18:17:11.992Z,1,6,false
2019-07-10T18:19:03.516Z,1,7,false
2019-07-10T18:21:07.356Z,1,8,false
2019-07-10T18:22:43.764Z,1,9,false
2019-07-10T18:25:03.253Z,1,1,false
2019-07-10T18:26:58.777Z,1,2,false
2019-07-10T18:28:39.770Z,1,3,false
2019-07-10T18:30:31.491Z,1,4,false
2019-07-10T18:32:37.096Z,1,5,false
2019-07-10T18:34:24.700Z,1,6,false
2019-07-10T18:36:14.131Z,1,7,false
2019-07-10T18:38:16.047Z,1,8,false
2019-07-10T18:40:15.078Z,1,9,false
2019-07-10T18:42:47.592Z,1,1,false
2019-07-10T18:44:41.649Z,1,2,false
2019-07-10T18:46:34.290Z,1,3,false
2019-07-10T18:48:24.958Z,1,4,false
2019-07-10T18:50:28.417Z,1,5,false
2019-07-10T18:52:25.349Z,1,6,false
2019-07-10T18:54:10.804Z,1,7,false
2019-07-10T18:56:00.841Z,1,8,false
2019-07-10T18:57:35.612Z,1,9,false
2019-07-10T18:59:44.623Z,1,1,false
2019-07-10T19:01:45.508Z,1,2,false
2019-07-10T19:03:44.798Z,1,3,false
2019-07-10T19:05:25.385Z,1,4,false
2019-07-10T19:07:28.740Z,1,5,false
2019-07-10T19:09:09.476Z,1,6,false
2019-07-10T19:10:43.019Z,1,7,false
2019-07-10T19:12:28.937Z,1,8,false
2019-07-10T19:14:07.942Z,1,9,false
2019-07-10T19:16:13.442Z,1,1,false
2019-07-10T19:18:13.709Z,1,2,false
2019-07-10T19:19:48.609Z,1,3,false
2019-07-10T19:21:35.353Z,1,4,false
2019-07-10T19:23:25.600Z,1,5,false
2019-07-10T19:25:00.952Z,1,6,false
2019-07-10T19:26:38.525Z,1,7,false
2019-07-10T19:28:31.065Z,1,8,false
2019-07-10T19:29:59.736Z,1,9,false
2019-07-10T19:32:12.380Z,1,1,false
2019-07-10T19:34:00.229Z,1,2,false
2019-07-10T19:35:45.255Z,1,3,false
2019-07-10T19:37:25.850Z,1,4,false
2019-07-10T19:39:09.513Z,1,5,false
2019-07-10T19:40:38.187Z,1,6,false
2019-07-10T19:42:17.539Z,1,7,false
2019-07-10T19:44:15.914Z,1,8,false
2019-07-10T19:45:58.588Z,1,9,false
2019-07-10T19:48:00.836Z,1,1,false
2019-07-10T19:49:55.289Z,1,2,false
2019-07-10T19:51:49.991Z,1,3,false
2019-07-10T19:53:29.669Z,1,4,false
2019-07-10T19:55:30.621Z,1,5,false
2019-07-10T19:57:13.519Z,1,6,false
2019-07-10T19:59:10.998Z,1,7,false
2019-07-10T20:01:03.801Z,1,8,false
2019-07-10T20:02:53.161Z,1,9,false
2019-07-10T20:05:02.479Z,1,1,false
2019-07-10T20:06:54.531Z,1,2,false
2019-07-10T20:08:44.570Z,1,3,false
2019-07-10T20:10:22.574Z,1,4,false
2019-07-10T20:12:27.705Z,1,5,false
2019-07-10T20:13:56.933Z,1,6,false
2019-07-10T20:15:45.636Z,1,7,false
2019-07-10T20:17:41.437Z,1,8,false
2019-07-10T20:19:12.674Z,1,9,false
2019-07-10T20:21:29.178Z,1,1,false
2019-07-10T20:23:11.139Z,1,2,false
2019-07-10T20:24:52.811Z,1,3,false
2019-07-10T20:26:34.306Z,1,4,false
2019-07-10T20:28:16.706Z,1,5,false
2019-07-10T20:30:23.560Z,1,6,false
2019-07-10T20:32:15.117Z,1,7,false
2019-07-10T20:34:02.658Z,1,8,false
2019-07-10T20:36:04.709Z,1,9,false
2019-07-10T20:38:17.753Z,1,1,false
2019-07-10T20:39:53.838Z,1,2,false
2019-07-10T20:41:43.369Z,1,3,false
2019-07-10T20:43:35.314Z,1,4,false
2019-07-10T20:45:26.619Z,1,5,false
2019-07-10T20:47:30.715Z,1,6,false
2019-07-10T20:49:24.724Z,1,7,false
2019-07-10T20:51:23.588Z,1,8,false
2019-07-10T20:53:17.094Z,1,9,false
2019-07-10T20:55:24.811Z,1,1,false
2019-07-10T20:56:46.274Z,1,2,false
2019-07-10T20:58:35.704Z,1,3,false
2019-07-10T21:00:10.497Z,1,4,false
2019-07-10T21:01:48.031Z,1,5,false
2019-07-10T21:03:28.028Z,1,6,false
2019-07-10T21:05:25.834Z,1,7,false
2019-07-10T21:07:20.802Z,1,8,false
2019-07-10T21:09:02.870Z,1,9,false
2019-07-10T21:11:12.045Z,1,1,false
2019-07-10T21:13:00.837Z,1,2,false
2019-07-10T21:14:53.732Z,1,3,false
2019-07-10T21:16:36.622Z,1,4,false
2019-07-10T21:18:06.843Z,1,5,false
2019-07-10T21:19:56.10Z,1,6,false
2019-07-10T21:21:35.594Z,1,7,false
2019-07-10T21:23:03.963Z,1,8,false
2019-07-10T21:24:54.091Z,1,9,false
2019-07-10T21:27:15.009Z,1,1,false
2019-07-10T21:29:17.000Z,1,2,false
2019-07-10T21:30:58.098Z,1,3,false
2019-07-10T21:33:00.062Z,1,4,false
2019-07-10T21:34:56.270Z,1,5,false
2019-07-10T21:36:33.404Z,1,6,false
2019-07-10T21:38:16.942Z,1,7,false
2019-07-10T21:40:08.719Z,1,8,false
2019-07-10T21:41:52.538Z,1,9,false
2019-07-10T21:44:20.495Z,1,1,false
2019-07-10T21:46:24.459Z,1,2,false
2019-07-10T21:49:00.156Z,1,3,false
2019-07-10T21:51:03.087Z,1,4,false
2019-07-10T21:52:47.042Z,1,5,false
2019-07-10T21:54:26.643Z,1,6,false
2019-07-10T21:56:15.505Z,1,7,false
2019-07-10T21:57:49.085Z,1,8,false
2019-07-10T21:59:40.468Z,1,9,false
2019-07-10T22:02:01.720Z,1,1,false
2019-07-10T22:03:42.104Z,1,2,false
2019-07-10T22:05:40.549Z,1,3,false
2019-07-10T22:07:19.396Z,1,4,false
2019-07-10T22:09:13.286Z,1,5,false
2019-07-10T22:11:07.935Z,1,6,false
2019-07-10T22:12:53.304Z,1,7,false
2019-07-10T22:14:36.516Z,1,8,false
2019-07-10T22:16:30.040Z,1,9,false
2019-07-10T22:18:33.447Z,1,1,false
2019-07-10T22:20:24.390Z,1,2,false
2019-07-10T22:22:18.574Z,1,3,false
2019-07-10T22:23:47.575Z,1,4,false
2019-07-10T22:25:35.686Z,1,5,false
2019-07-10T22:27:22.817Z,1,6,false
2019-07-10T22:28:50.455Z,1,7,false
2019-07-10T22:30:32.053Z,1,8,false
2019-07-10T22:32:25.927Z,1,9,false
2019-07-10T22:34:39.577Z,1,1,false
2019-07-10T22:35:55.683Z,1,2,false
2019-07-10T22:37:41.252Z,1,3,false
2019-07-10T22:39:17.805Z,1,4,false
2019-07-10T22:41:07.321Z,1,5,false
2019-07-10T22:42:52.947Z,1,6,false
2019-07-10T22:44:34.919Z,1,7,false
2019-07-10T22:46:19.028Z,1,8,false
2019-07-10T22:48:14.533Z,1,9,false
2019-07-10T22:50:37.770Z,1,1,false
2019-07-10T22:52:23.236Z,1,2,false
2019-07-10T22:54:21.061Z,1,3,false
2019-07-10T22:55:56.418Z,1,4,false
2019-07-10T22:57:45.485Z,1,5,false
2019-07-10T22:59:37.889Z,1,6,false
2019-07-10T23:01:01.938Z,1,7,false
2019-07-10T23:02:46.640Z,1,8,false
2019-07-10T23:04:31.041Z,1,9,false
2019-07-10T23:06:43.865Z,1,1,false
2019-07-10T23:08:30.734Z,1,2,false
2019-07-10T23:10:16.721Z,1,3,false
2019-07-10T23:12:31.452Z,1,4,false
2019-07-10T23:14:10.389Z,1,5,false
2019-07-10T23:16:04.795Z,1,6,false
2019-07-10T23:17:44.938Z,1,7,false
2019-07-10T23:19:28.814Z,1,8,false
2019-07-10T23:21:30.712Z,1,9,false
2019-07-10T23:24:01.832Z,1,1,false
2019-07-10T23:25:55.893Z,1,2,false
2019-07-10T23:27:56.320Z,1,3,false
2019-07-10T23:29:51.031Z,1,4,false
2019-07-10T23:31:39.078Z,1,5,false
2019-07-10T23:33:43.969Z,1,6,false
2019-07-10T23:35:28.421Z,1,7,false
2019-07-10T23:37:05.863Z,1,8,false
2019-07-10T23:39:08.502Z,1,9,false
2019-07-10T23:41:29.606Z,1,1,false
2019-07-10T23:43:12.577Z,1,2,false
2019-07-10T23:45:06.123Z,1,3,false
2019-07-10T23:46:54.557Z,1,4,false
2019-07-10T23:48:44.916Z,1,5,false
2019-07-10T23:50:38.400Z,1,6,false
2019-07-10T23:52:15.076Z,1,7,false
2019-07-10T23:53:50.680Z,1,8,false
2019-07-10T23:55:32.455Z,1,9,false
2019-07-10T23:57:51.654Z,1,1,false
2019-07-10T23:59:22.658Z,1,2,false
2019-07-11T00:02:05.871Z,1,3,false
2019-07-11T00:03:50.953Z,1,4,false
2019-07-11T00:05:48.027Z,1,5,false
2019-07-11T00:07:18.093Z,1,6,false
2019-07-11T00:09:04.947Z,1,7,false
2019-07-11T00:10:53.136Z,1,8,false
2019-07-11T00:12:33.612Z,1,9,false
2019-07-11T00:14:32.786Z,1,1,false
2019-07-11T00:16:47.567Z,1,2,false
2019-07-11T00:18:30.838Z,1,3,false
2019-07-11T00:20:37.222Z,1,4,false
2019-07-11T00:22:11.880Z,1,5,false
2019-07-11T00:23:58.319Z,1,6,false
2019-07-11T00:25:30.405Z,1,7,false
2019-07-11T00:27:39.348Z,1,8,false
2019-07-11T00:29:27.483Z,1,9,false
2019-07-11T00:31:23.082Z,1,1,false
2019-07-11T00:32:56.981Z,1,2,false
2019-07-11T00:34:33.169Z,1,3,false
2019-07-11T00:36:35.083Z,1,4,false
2019-07-11T00:38:32.314Z,1,5,false
2019-07-11T00:40:40.258Z,1,6,false
2019-07-11T00:42:38.075Z,1,7,false
2019-07-11T00:44:28.302Z,1,8,false
2019-07-11T00:46:29.435Z,1,9,false
2019-07-11T00:49:01.037Z,1,1,false
2019-07-11T00:51:07.659Z,1,2,false
2019-07-11T00:52:47.617Z,1,3,false
2019-07-11T00:54:22.594Z,1,4,false
2019-07-11T00:56:08.441Z,1,5,false
2019-07-11T00:58:11.816Z,1,6,false
2019-07-11T00:59:55.694Z,1,7,false
2019-07-11T01:01:52.107Z,1,8,false
2019-07-11T01:03:28.881Z,1,9,false
2019-07-11T01:05:37.023Z,1,1,false
2019-07-11T01:07:45.228Z,1,2,false
2019-07-11T01:09:15.929Z,1,3,false
2019-07-11T01:10:57.016Z,1,4,false
2019-07-11T01:12:42.983Z,1,5,false
2019-07-11T01:14:19.449Z,1,6,false
2019-07-11T01:16:03.294Z,1,7,false
2019-07-11T01:18:00.807Z,1,8,false
2019-07-11T01:20:04.111Z,1,9,false
2019-07-11T01:22:21.196Z,1,1,false
2019-07-11T01:24:06.407Z,1,2,false
2019-07-11T01:25:56.256Z,1,3,false
2019-07-11T01:27:25.521Z,1,4,false
2019-07-11T01:28:58.566Z,1,5,false
2019-07-11T01:30:42.245Z,1,6,false
2019-07-11T01:32:29.896Z,1,7,false
2019-07-11T01:34:26.831Z,1,8,false
2019-07-11T01:36:21.464Z,1,9,false
2019-07-11T01:38:51.879Z,1,1,false
2019-07-11T01:40:30.598Z,1,2,false
2019-07-11T01:42:08.724Z,1,3,false
2019-07-11T01:44:23.405Z,1,4,false
2019-07-11T01:46:16.238Z,1,5,false
2019-07-11T01:48:05.171Z,1,6,false
2019-07-11T01:49:41.114Z,1,7,false
2019-07-11T01:51:25.460Z,1,8,false
2019-07-11T01:53:16.883Z,1,9,false
2019-07-11T01:55:38.679Z,1,1,false
2019-07-11T01:57:53.621Z,1,2,false
2019-07-11T01:59:29.703Z,1,3,false
2019-07-11T02:01:20.072Z,1,4,false
2019-07-11T02:02:56.090Z,1,5,false
2019-07-11T02:04:27.536Z,1,6,false
2019-07-11T02:06:23.342Z,1,7,false
2019-07-11T02:08:02.741Z,1,8,false
2019-07-11T02:09:31.513Z,1,9,false
2019-07-11T02:11:47.194Z,1,1,false
2019-07-11T02:13:19.226Z,1,2,false
2019-07-11T02:15:04.707Z,1,3,false
2019-07-11T02:16:39.734Z,1,4,false
2019-07-11T02:18:19.818Z,1,5,false
2019-07-11T02:19:55.419Z,1,6,false
2019-07-11T02:21:48.330Z,1,7,false
2019-07-11T02:23:22.599Z,1,8,false
2019-07-11T02:25:05.900Z,1,9,false
2019-07-11T02:27:24.551Z,1,1,false
2019-07-11T02:29:06.684Z,1,2,false
2019-07-11T02:30:53.004Z,1,3,false
2019-07-11T02:32:27.876Z,1,4,false
2019-07-11T02:34:44.022Z,1,5,false
2019-07-11T02:36:58.582Z,1,6,false
2019-07-11T02:39:15.529Z,1,7,false
2019-07-11T02:41:33.666Z,1,8,false
2019-07-11T02:43:51.847Z,1,9,false
2019-07-11T02:46:22.628Z,1,1,false
2019-07-11T02:48:40.206Z,1,2,false
2019-07-11T02:50:25.283Z,1,3,false
2019-07-11T02:51:55.332Z,1,4,false
2019-07-11T02:54:11.841Z,1,5,false
2019-07-11T02:56:17.937Z,1,6,false
2019-07-11T02:58:06.591Z,1,7,false
2019-07-11T02:59:44.737Z,1,8,false
2019-07-11T03:01:29.400Z,1,9,false
2019-07-11T03:04:09.498Z,1,1,false
2019-07-11T03:06:08.649Z,1,2,false
2019-07-11T03:07:57.009Z,1,3,false
2019-07-11T03:09:34.246Z,1,4,false
2019-07-11T03:11:27.353Z,1,5,false
2019-07-11T03:13:16.102Z,1,6,false
2019-07-11T03:15:21.537Z,1,7,false
2019-07-11T03:17:29.677Z,1,8,false
2019-07-11T03:19:38.971Z,1,9,false
2019-07-11T03:22:27.055Z,1,1,false
2019-07-11T03:24:58.064Z,1,2,false
2019-07-11T03:26:40.612Z,1,3,false
2019-07-11T03:28:58.352Z,1,4,false
2019-07-11T03:31:09.156Z,1,5,false
2019-07-11T03:33:23.693Z,1,6,false
2019-07-11T03:35:40.507Z,1,7,false
2019-07-11T03:38:14.924Z,1,8,false
2019-07-11T03:40:43.006Z,1,9,false
2019-07-11T03:43:37.755Z,1,1,false
2019-07-11T03:45:29.916Z,1,2,false
2019-07-11T03:47:50.164Z,1,3,false
2019-07-11T03:49:43.049Z,1,4,false
2019-07-11T03:51:39.172Z,1,5,false
2019-07-11T03:53:38.398Z,1,6,false
2019-07-11T03:55:37.891Z,1,7,false
2019-07-11T03:57:56.034Z,1,8,false
2019-07-11T04:00:05.502Z,1,9,false
2019-07-11T04:02:30.108Z,1,1,false
2019-07-11T04:04:19.603Z,1,2,false
2019-07-11T04:05:54.398Z,1,3,false
2019-07-11T04:07:44.421Z,1,4,false
2019-07-11T04:09:49.626Z,1,5,false
2019-07-11T04:11:48.509Z,1,6,false
2019-07-11T04:13:49.638Z,1,7,false
2019-07-11T04:15:42.888Z,1,8,false
2019-07-11T04:17:32.059Z,1,9,false
2019-07-11T04:20:16.661Z,1,1,false
2019-07-11T04:22:08.384Z,1,2,false
2019-07-11T04:24:06.359Z,1,3,false
2019-07-11T04:25:56.355Z,1,4,false
2019-07-11T04:28:02.540Z,1,5,false
2019-07-11T04:29:42.341Z,1,6,false
2019-07-11T04:31:25.237Z,1,7,false
2019-07-11T04:33:38.602Z,1,8,false
2019-07-11T04:35:21.497Z,1,9,false
2019-07-11T04:37:36.259Z,1,1,false
2019-07-11T04:39:50.351Z,1,2,false
2019-07-11T04:41:44.917Z,1,3,false
2019-07-11T04:43:50.390Z,1,4,false
2019-07-11T04:46:00.111Z,1,5,false
2019-07-11T04:48:07.811Z,1,6,false
2019-07-11T04:50:23.436Z,1,7,false
2019-07-11T04:52:54.263Z,1,8,false
2019-07-11T04:55:06.144Z,1,9,false
2019-07-11T04:58:08.970Z,1,1,false
2019-07-11T05:00:10.415Z,1,2,false
2019-07-11T05:01:50.884Z,1,3,false
2019-07-11T05:03:31.497Z,1,4,false
2019-07-11T05:05:27.832Z,1,5,false
2019-07-11T05:07:08.760Z,1,6,false
2019-07-11T05:09:04.964Z,1,7,false
2019-07-11T05:11:16.620Z,1,8,false
2019-07-11T05:13:15.925Z,1,9,false
2019-07-11T05:15:39.118Z,1,1,false
2019-07-11T05:17:29.722Z,1,2,false
2019-07-11T05:19:34.214Z,1,3,false
2019-07-11T05:21:19.286Z,1,4,false
2019-07-11T05:23:11.106Z,1,5,false
2019-07-11T05:25:08.226Z,1,6,false
2019-07-11T05:27:05.191Z,1,7,false
2019-07-11T05:29:03.618Z,1,8,false
2019-07-11T05:30:40.069Z,1,9,false
2019-07-11T05:33:09.608Z,1,1,false
2019-07-11T05:34:39.635Z,1,2,false
2019-07-11T05:36:40.243Z,1,3,false
2019-07-11T05:38:35.588Z,1,4,false
2019-07-11T05:40:33.563Z,1,5,false
2019-07-11T05:42:16.295Z,1,6,false
2019-07-11T05:44:05.656Z,1,7,false
2019-07-11T05:45:41.517Z,1,8,false
2019-07-11T05:47:43.586Z,1,9,false
2019-07-11T05:50:17.634Z,1,1,false
2019-07-11T05:52:03.500Z,1,2,false
2019-07-11T05:54:26.703Z,1,3,false
2019-07-11T05:56:34.443Z,1,4,false
2019-07-11T05:58:30.003Z,1,5,false
2019-07-11T06:00:42.238Z,1,6,false
2019-07-11T06:02:57.287Z,1,7,false
2019-07-11T06:04:54.616Z,1,8,false
2019-07-11T06:07:02.457Z,1,9,false
2019-07-11T06:09:33.848Z,1,1,false
2019-07-11T06:11:55.074Z,1,2,false
2019-07-11T06:13:46.236Z,1,3,false
2019-07-11T06:15:30.836Z,1,4,false
2019-07-11T06:17:12.857Z,1,5,false
2019-07-11T06:19:30.402Z,1,6,false
2019-07-11T06:21:46.496Z,1,7,false
2019-07-11T06:23:41.978Z,1,8,false
2019-07-11T06:25:39.948Z,1,9,false
2019-07-11T06:28:03.971Z,1,1,false
2019-07-11T06:29:42.011Z,1,2,false
2019-07-11T06:31:39.648Z,1,3,false
2019-07-11T06:33:22.271Z,1,4,false
2019-07-11T06:35:23.987Z,1,5,false
2019-07-11T06:37:22.463Z,1,6,false
2019-07-11T06:39:08.423Z,1,7,false
2019-07-11T06:41:18.003Z,1,8,false
2019-07-11T06:42:53.818Z,1,9,false
2019-07-11T06:45:20.667Z,1,1,false
2019-07-11T06:46:38.675Z,1,2,false
2019-07-11T06:48:20.011Z,1,3,false
2019-07-11T06:50:22.479Z,1,4,false
2019-07-11T06:52:00.020Z,1,5,false
2019-07-11T06:53:32.780Z,1,6,false
2019-07-11T06:55:23.873Z,1,7,false
2019-07-11T06:57:08.742Z,1,8,false
2019-07-11T06:59:08.425Z,1,9,false
2019-07-11T07:01:49.777Z,1,1,false
2019-07-11T07:03:26.873Z,1,2,false
2019-07-11T07:05:19.515Z,1,3,false
2019-07-11T07:06:56.718Z,1,4,false
2019-07-11T07:08:40.943Z,1,5,false
2019-07-11T07:10:26.673Z,1,6,false
2019-07-11T07:12:37.830Z,1,7,false
2019-07-11T07:14:33.907Z,1,8,false
2019-07-11T07:16:29.719Z,1,9,false
2019-07-11T07:19:02.823Z,1,1,false
2019-07-11T07:20:47.477Z,1,2,false
2019-07-11T07:22:44.534Z,1,3,false
2019-07-11T07:24:38.229Z,1,4,false
2019-07-11T07:26:23.563Z,1,5,false
2019-07-11T07:28:33.541Z,1,6,false
2019-07-11T07:30:04.595Z,1,7,false
2019-07-11T07:31:54.782Z,1,8,false
2019-07-11T07:34:04.995Z,1,9,false
2019-07-11T07:36:39.553Z,1,1,false
2019-07-11T07:38:43.645Z,1,2,false
2019-07-11T07:39:44.739Z,1,3,false
2019-07-11T07:41:09.203Z,1,4,false
2019-07-11T07:43:12.501Z,1,5,false
2019-07-11T07:45:35.124Z,1,6,false
2019-07-11T07:47:43.822Z,1,7,false
2019-07-11T07:49:55.686Z,1,8,false
2019-07-11T07:52:12.951Z,1,9,false
2019-07-11T07:54:49.075Z,1,1,false
2019-07-11T07:57:02.170Z,1,2,false
2019-07-11T07:58:37.852Z,1,3,false
2019-07-11T08:00:27.312Z,1,4,false
2019-07-11T08:02:53.363Z,1,5,false
2019-07-11T08:04:31.977Z,1,6,false
2019-07-11T08:06:14.427Z,1,7,false
2019-07-11T08:07:59.656Z,1,8,false
2019-07-11T08:09:49.818Z,1,9,false
2019-07-11T08:12:11.953Z,1,1,false
2019-07-11T08:14:13.816Z,1,2,false
2019-07-11T08:16:29.001Z,1,3,false
2019-07-11T08:18:33.206Z,1,4,false
2019-07-11T08:20:48.893Z,1,5,false
2019-07-11T08:23:04.314Z,1,6,false
2019-07-11T08:25:19.035Z,1,7,false
2019-07-11T08:27:46.047Z,1,8,false
2019-07-11T08:29:53.919Z,1,9,false
2019-07-11T08:32:51.899Z,1,1,false
2019-07-11T08:36:07.620Z,1,2,false
2019-07-11T08:37:33.498Z,1,3,false
2019-07-11T08:39:09.606Z,1,4,false
2019-07-11T08:41:02.922Z,1,5,false
2019-07-11T08:43:17.930Z,1,6,false
2019-07-11T08:45:31.116Z,1,7,false
2019-07-11T08:48:10.362Z,1,8,false
2019-07-11T08:50:36.022Z,1,9,false
2019-07-11T08:52:52.622Z,1,1,false
2019-07-11T08:55:07.928Z,1,2,false
2019-07-11T08:58:23.036Z,1,3,false
2019-07-11T09:00:23.344Z,1,4,false
2019-07-11T09:02:23.521Z,1,5,false
2019-07-11T09:04:38.737Z,1,6,false
2019-07-11T09:07:14.165Z,1,7,false
2019-07-11T09:09:51.511Z,1,8,false
2019-07-11T09:12:26.981Z,1,9,false
2019-07-11T09:15:23.777Z,1,1,false
2019-07-11T09:17:29.166Z,1,2,false
2019-07-11T09:19:14.013Z,1,3,false
2019-07-11T09:21:33.818Z,1,4,false
2019-07-11T09:23:36.214Z,1,5,false
2019-07-11T09:25:47.330Z,1,6,false
2019-07-11T09:27:50.148Z,1,7,false
2019-07-11T09:30:16.208Z,1,8,false
2019-07-11T09:32:37.303Z,1,9,false
2019-07-11T09:35:25.910Z,1,1,false
2019-07-11T09:37:42.626Z,1,2,false
2019-07-11T09:40:37.208Z,1,3,false
2019-07-11T09:42:16.128Z,1,4,false
2019-07-11T09:44:02.803Z,1,5,false
2019-07-11T09:46:06.314Z,1,6,false
2019-07-11T09:47:56.360Z,1,7,false
2019-07-11T09:49:36.787Z,1,8,false
2019-07-11T09:51:48.194Z,1,9,false
2019-07-11T09:54:04.891Z,1,1,false
2019-07-11T09:56:12.175Z,1,2,false
2019-07-11T09:57:47.578Z,1,3,false
2019-07-11T09:59:18.664Z,1,4,false
2019-07-11T10:01:11.475Z,1,5,false
2019-07-11T10:02:43.468Z,1,6,false
2019-07-11T10:04:34.592Z,1,7,false
2019-07-11T10:06:46.016Z,1,8,false
2019-07-11T10:08:56.127Z,1,9,false
2019-07-11T10:11:43.060Z,1,1,false
2019-07-11T10:13:49.869Z,1,2,false
2019-07-11T10:15:55.454Z,1,3,false
2019-07-11T10:17:56.072Z,1,4,false
2019-07-11T10:20:18.118Z,1,5,false
2019-07-11T10:22:35.253Z,1,6,false
2019-07-11T10:24:48.575Z,1,7,false
2019-07-11T10:27:07.754Z,1,8,false
2019-07-11T10:29:19.576Z,1,9,false
2019-07-11T10:32:09.680Z,1,1,false
2019-07-11T10:34:01.292Z,1,2,false
2019-07-11T10:35:43.321Z,1,3,false
2019-07-11T10:37:14.700Z,1,4,false
2019-07-11T10:38:49.781Z,1,5,false
2019-07-11T10:40:40.879Z,1,6,false
2019-07-11T10:42:18.664Z,1,7,false
2019-07-11T10:44:38.729Z,1,8,false
2019-07-11T10:47:06.106Z,1,9,false
2019-07-11T10:50:05.689Z,1,1,false
2019-07-11T10:52:12.089Z,1,2,false
2019-07-11T10:53:48.358Z,1,3,false
2019-07-11T10:55:57.347Z,1,4,false
2019-07-11T10:57:35.439Z,1,5,false
2019-07-11T10:59:02.386Z,1,6,false
2019-07-11T11:01:10.356Z,1,7,false
2019-07-11T11:02:54.661Z,1,8,false
2019-07-11T11:04:55.660Z,1,9,false
2019-07-11T11:07:12.613Z,1,1,false
2019-07-11T11:09:14.425Z,1,2,false
2019-07-11T11:11:12.213Z,1,3,false
2019-07-11T11:12:50.842Z,1,4,false
2019-07-11T11:14:26.064Z,1,5,false
2019-07-11T11:16:21.910Z,1,6,false
2019-07-11T11:18:32.423Z,1,7,false
2019-07-11T11:20:35.191Z,1,8,false
2019-07-11T11:22:20.325Z,1,9,false
2019-07-11T11:24:53.793Z,1,1,false
2019-07-11T11:26:54.960Z,1,2,false
2019-07-11T11:28:44.403Z,1,3,false
2019-07-11T11:30:34.632Z,1,4,false
2019-07-11T11:32:18.412Z,1,5,false
2019-07-11T11:34:16.782Z,1,6,false
2019-07-11T11:36:04.934Z,1,7,false
2019-07-11T11:38:00.615Z,1,8,false
2019-07-11T11:39:35.759Z,1,9,false
2019-07-11T11:41:56.381Z,1,1,false
2019-07-11T11:43:37.621Z,1,2,false
2019-07-11T11:45:33.831Z,1,3,false
2019-07-11T11:47:20.805Z,1,4,false
2019-07-11T11:48:54.037Z,1,5,false
2019-07-11T11:50:38.596Z,1,6,false
2019-07-11T11:52:16.878Z,1,7,false
2019-07-11T11:54:07.732Z,1,8,false
2019-07-11T11:56:21.103Z,1,9,false
2019-07-11T11:58:45.951Z,1,1,false
2019-07-11T12:00:25.949Z,1,2,false
2019-07-11T12:02:05.595Z,1,3,false
2019-07-11T12:04:35.736Z,1,4,false
2019-07-11T12:07:11.297Z,1,5,false
2019-07-11T12:10:00.738Z,1,6,false
2019-07-11T12:11:57.316Z,1,7,false
2019-07-11T12:14:06.718Z,1,8,false
2019-07-11T12:16:30.119Z,1,9,false
2019-07-11T12:19:37.899Z,1,1,false
2019-07-11T12:21:46.912Z,1,2,false
2019-07-11T12:23:12.868Z,1,3,false
2019-07-11T12:25:35.571Z,1,4,false
2019-07-11T12:27:37.282Z,1,5,false
2019-07-11T12:29:26.419Z,1,6,false
2019-07-11T12:31:11.599Z,1,7,false
2019-07-11T12:33:19.232Z,1,8,false
2019-07-11T12:35:29.685Z,1,9,false
2019-07-11T12:37:46.524Z,1,1,false
2019-07-11T12:40:09.517Z,1,2,false
2019-07-11T12:42:04.560Z,1,3,false
2019-07-11T12:44:42.243Z,1,4,false
2019-07-11T12:47:18.919Z,1,5,false
2019-07-11T12:49:58.100Z,1,6,false
2019-07-11T12:52:23.601Z,1,7,false
2019-07-11T12:54:40.512Z,1,8,false
2019-07-11T12:56:59.307Z,1,9,false
2019-07-11T13:00:02.329Z,1,1,false
2019-07-11T13:02:10.439Z,1,2,false
2019-07-11T13:04:09.298Z,1,3,false
2019-07-11T13:05:42.545Z,1,4,false
2019-07-11T13:07:26.433Z,1,5,false
2019-07-11T13:09:12.362Z,1,6,false
2019-07-11T13:11:16.223Z,1,7,false
2019-07-11T13:13:12.567Z,1,8,false
2019-07-11T13:15:29.918Z,1,9,false
2019-07-11T13:18:17.680Z,1,1,false
2019-07-11T13:20:34.848Z,1,2,false
2019-07-11T13:22:21.461Z,1,3,false
2019-07-11T13:24:29.069Z,1,4,false
2019-07-11T13:26:18.307Z,1,5,false
2019-07-11T13:28:40.961Z,1,6,false
2019-07-11T13:31:13.242Z,1,7,false
2019-07-11T13:33:32.697Z,1,8,false
2019-07-11T13:35:41.713Z,1,9,false
2019-07-11T13:38:44.887Z,1,1,false
2019-07-11T13:41:28.755Z,1,2,false
2019-07-11T13:43:52.466Z,1,3,false
2019-07-11T13:45:40.325Z,1,4,false
2019-07-11T13:47:42.310Z,1,5,false
2019-07-11T13:49:49.213Z,1,6,false
2019-07-11T13:52:00.891Z,1,7,false
2019-07-11T13:54:10.092Z,1,8,false
2019-07-11T13:56:23.903Z,1,9,false
2019-07-11T13:58:57.916Z,1,1,false
2019-07-11T14:01:40.625Z,1,2,false
2019-07-11T14:03:22.257Z,1,3,false
2019-07-11T14:05:22.589Z,1,4,false
2019-07-11T14:06:54.308Z,1,5,false
2019-07-11T14:08:46.223Z,1,6,false
2019-07-11T14:10:33.754Z,1,7,false
2019-07-11T14:12:33.272Z,1,8,false
2019-07-11T14:14:51.249Z,1,9,false
2019-07-11T14:17:35.990Z,1,1,false
2019-07-11T14:19:24.369Z,1,2,false
2019-07-11T14:21:18.403Z,1,3,false
2019-07-11T14:23:46.018Z,1,4,false
2019-07-11T14:25:34.858Z,1,5,false
2019-07-11T14:27:46.336Z,1,6,false
2019-07-11T14:30:00.526Z,1,7,false
2019-07-11T14:32:12.626Z,1,8,false
2019-07-11T14:34:24.823Z,1,9,false
2019-07-11T14:37:05.056Z,1,1,false
2019-07-11T14:38:56.398Z,1,2,false
2019-07-11T14:41:01.016Z,1,3,false
2019-07-11T14:43:01.207Z,1,4,false
2019-07-11T14:45:11.075Z,1,5,false
2019-07-11T14:47:08.487Z,1,6,false
2019-07-11T14:48:49.030Z,1,7,false
2019-07-11T14:50:34.558Z,1,8,false
2019-07-11T14:52:25.849Z,1,9,false
2019-07-11T14:54:42.818Z,1,1,false
2019-07-11T14:56:46.465Z,1,2,false
2019-07-11T14:58:43.891Z,1,3,false
2019-07-11T15:00:22.978Z,1,4,false
2019-07-11T15:02:14.394Z,1,5,false
2019-07-11T15:04:15.714Z,1,6,false
2019-07-11T15:06:25.967Z,1,7,false
2019-07-11T15:08:10.798Z,1,8,false
2019-07-11T15:10:05.189Z,1,9,false
2019-07-11T15:12:49.770Z,1,1,false
2019-07-11T15:14:22.952Z,1,2,false
2019-07-11T15:15:42.403Z,1,3,false
2019-07-11T15:18:18.686Z,1,4,false
2019-07-11T15:20:16.212Z,1,5,false
2019-07-11T15:21:46.191Z,1,6,false
2019-07-11T15:23:56.215Z,1,7,false
2019-07-11T15:26:02.468Z,1,8,false
2019-07-11T15:28:20.514Z,1,9,false
2019-07-11T15:30:56.865Z,1,1,false
2019-07-11T15:33:19.918Z,1,2,false
2019-07-11T15:35:18.207Z,1,3,false
2019-07-11T15:37:17.408Z,1,4,false
2019-07-11T15:39:28.713Z,1,5,false
2019-07-11T15:41:33.161Z,1,6,false
2019-07-11T15:43:36.591Z,1,7,false
2019-07-11T15:45:29.636Z,1,8,false
2019-07-11T15:47:49.037Z,1,9,false
2019-07-11T15:50:28.737Z,1,1,false
2019-07-11T15:52:08.462Z,1,2,false
2019-07-11T15:54:05.559Z,1,3,false
2019-07-11T15:55:25.196Z,1,4,false
2019-07-11T15:57:34.399Z,1,5,false
2019-07-11T15:59:50.094Z,1,6,false
2019-07-11T16:02:39.667Z,1,7,false
2019-07-11T16:04:19.013Z,1,8,false
2019-07-11T16:05:56.908Z,1,9,false
2019-07-11T16:08:11.423Z,1,1,false
2019-07-11T16:09:30.700Z,1,2,false
2019-07-11T16:10:53.479Z,1,3,false
2019-07-11T16:11:46.594Z,1,4,false
2019-07-11T16:13:20.377Z,1,5,false
2019-07-11T16:14:27.235Z,1,6,false
2019-07-11T16:15:51.946Z,1,7,false
2019-07-11T16:17:17.847Z,1,8,false
2019-07-11T16:18:29.151Z,1,9,false
2019-07-11T16:20:16.791Z,1,1,false
2019-07-11T16:21:43.860Z,1,2,false
2019-07-11T16:23:09.322Z,1,3,false
2019-07-11T16:24:14.773Z,1,4,false
2019-07-11T16:25:45.005Z,1,5,false
2019-07-11T16:27:14.289Z,1,6,false
2019-07-11T16:28:35.448Z,1,7,false
2019-07-11T16:30:19.596Z,1,8,false
2019-07-11T16:31:47.144Z,1,9,false
2019-07-11T16:33:33.865Z,1,1,false
2019-07-11T16:34:45.859Z,1,2,false
2019-07-11T16:35:23.090Z,1,3,false
2019-07-11T16:35:40.099Z,1,4,false
2019-07-11T16:35:58.349Z,1,5,false
2019-07-11T16:36:35.319Z,1,6,false
2019-07-11T16:37:06.156Z,1,7,false
2019-07-11T16:37:49.809Z,1,8,false
2019-07-11T16:38:33.601Z,1,9,false
2019-07-11T16:39:48.672Z,1,1,false
2019-07-11T16:40:20.113Z,1,2,false
2019-07-11T16:40:51.943Z,1,3,false
2019-07-11T16:41:53.058Z,1,4,false
2019-07-11T16:42:33.519Z,1,5,false
2019-07-11T16:43:07.979Z,1,6,false
2019-07-11T16:43:42.538Z,1,7,false
2019-07-11T16:44:10.824Z,1,8,false
2019-07-11T16:44:46.788Z,1,9,false
2019-07-11T16:45:59.075Z,1,1,false
2019-07-11T16:46:28.055Z,1,2,false
2019-07-11T16:46:57.265Z,1,3,false
2019-07-11T16:47:24.588Z,1,4,false
2019-07-11T16:47:58.849Z,1,5,false
2019-07-11T16:48:39.754Z,1,6,false
2019-07-11T16:49:13.300Z,1,7,false
2019-07-11T16:49:55.596Z,1,8,false
2019-07-11T16:50:36.047Z,1,9,false
2019-07-11T16:51:36.587Z,1,1,false
2019-07-11T16:52:09.882Z,1,2,false
2019-07-11T16:52:45.360Z,1,3,false
2019-07-11T16:53:02.097Z,1,4,false
2019-07-11T16:53:21.876Z,1,5,false
2019-07-11T16:53:53.580Z,1,6,false
2019-07-11T16:54:28.228Z,1,7,false
2019-07-11T16:55:00.589Z,1,8,false
2019-07-11T16:55:31.131Z,1,9,false
2019-07-11T16:56:30.176Z,1,1,false
2019-07-11T16:56:59.048Z,1,2,false
2019-07-11T16:57:28.594Z,1,3,false
2019-07-11T16:58:05.643Z,1,4,false
2019-07-11T16:58:34.496Z,1,5,false
2019-07-11T16:59:09.695Z,1,6,false
2019-07-11T16:59:48.854Z,1,7,false
2019-07-11T17:00:35.774Z,1,8,false
2019-07-11T17:01:18.538Z,1,9,false
2019-07-11T17:02:23.051Z,1,1,false
2019-07-11T17:03:14.491Z,1,2,false
2019-07-11T17:03:48.336Z,1,3,false
2019-07-11T17:04:13.769Z,1,4,false
2019-07-11T17:04:40.741Z,1,5,false
2019-07-11T17:05:08.138Z,1,6,false
2019-07-11T17:05:37.174Z,1,7,false
2019-07-11T17:06:09.058Z,1,8,false
2019-07-11T17:06:46.365Z,1,9,false
2019-07-11T17:07:50.138Z,1,1,false
2019-07-11T17:08:21.396Z,1,2,false
2019-07-11T17:08:52.118Z,1,3,false
2019-07-11T17:09:15.695Z,1,4,false
2019-07-11T17:09:36.201Z,1,5,false
2019-07-11T17:10:05.145Z,1,6,false
2019-07-11T17:10:33.673Z,1,7,false
2019-07-11T17:11:07.832Z,1,8,false
2019-07-11T17:11:38.116Z,1,9,false
2019-07-11T17:12:36.509Z,1,1,false
2019-07-11T17:13:10.133Z,1,2,false
2019-07-11T17:13:41.186Z,1,3,false
2019-07-11T17:14:12.999Z,1,4,false
2019-07-11T17:14:32.233Z,1,5,false
2019-07-11T17:15:01.323Z,1,6,false
2019-07-11T17:15:31.724Z,1,7,false
2019-07-11T17:15:59.038Z,1,8,false
2019-07-11T17:16:27.307Z,1,9,false
2019-07-11T17:17:25.573Z,1,1,false
2019-07-11T17:17:57.970Z,1,2,false
2019-07-11T17:18:26.860Z,1,3,false
2019-07-11T17:18:55.347Z,1,4,false
2019-07-11T17:19:16.076Z,1,5,false
2019-07-11T17:19:38.039Z,1,6,false
2019-07-11T17:20:09.640Z,1,7,false
2019-07-11T17:20:37.423Z,1,8,false
2019-07-11T17:21:08.528Z,1,9,false
2019-07-11T17:22:12.729Z,1,1,false
2019-07-11T17:22:46.512Z,1,2,false
2019-07-11T17:23:21.832Z,1,3,false
2019-07-11T17:23:51.082Z,1,4,false
2019-07-11T17:24:13.929Z,1,5,false
2019-07-11T17:24:37.061Z,1,6,false
2019-07-11T17:25:06.581Z,1,7,false
2019-07-11T17:25:38.669Z,1,8,false
2019-07-11T17:26:11.449Z,1,9,false
2019-07-11T17:27:11.605Z,1,1,false
2019-07-11T17:27:39.865Z,1,2,false
2019-07-11T17:28:08.617Z,1,3,false
2019-07-11T17:28:43.259Z,1,4,false
2019-07-11T17:29:03.449Z,1,5,false
2019-07-11T17:29:22.812Z,1,6,false
2019-07-11T17:29:52.519Z,1,7,false
2019-07-11T17:30:20.694Z,1,8,false
2019-07-11T17:30:55.840Z,1,9,false
2019-07-11T17:32:06.023Z,1,1,false
2019-07-11T17:32:35.197Z,1,2,false
2019-07-11T17:33:03.031Z,1,3,false
2019-07-11T17:33:32.958Z,1,4,false
2019-07-11T17:33:53.953Z,1,5,false
2019-07-11T17:34:15.912Z,1,6,false
2019-07-11T17:34:45.048Z,1,7,false
2019-07-11T17:35:15.804Z,1,8,false
2019-07-11T17:35:50.322Z,1,9,false
2019-07-11T17:36:51.454Z,1,1,false
2019-07-11T17:37:19.145Z,1,2,false
2019-07-11T17:37:48.193Z,1,3,false
2019-07-11T17:38:22.607Z,1,4,false
2019-07-11T17:38:44.195Z,1,5,false
2019-07-11T17:39:07.472Z,1,6,false
2019-07-11T17:39:39.613Z,1,7,false
2019-07-11T17:40:13.445Z,1,8,false
2019-07-11T17:40:55.028Z,1,9,false
2019-07-11T17:41:58.216Z,1,1,false
2019-07-11T17:42:26.888Z,1,2,false
2019-07-11T17:43:05.976Z,1,3,false
2019-07-11T17:43:34.381Z,1,4,false
2019-07-11T17:43:55.331Z,1,5,false
2019-07-11T17:44:13.030Z,1,6,false
2019-07-11T17:44:41.893Z,1,7,false
2019-07-11T17:45:11.027Z,1,8,false
2019-07-11T17:45:38.857Z,1,9,false
2019-07-11T17:46:38.255Z,1,1,false
2019-07-11T17:47:07.588Z,1,2,false
2019-07-11T17:47:39.446Z,1,3,false
2019-07-11T17:48:07.776Z,1,4,false
2019-07-11T17:48:40.067Z,1,5,false
2019-07-11T17:48:58.736Z,1,6,false
2019-07-11T17:49:20.975Z,1,7,false
2019-07-11T17:49:50.259Z,1,8,false
2019-07-11T17:50:21.053Z,1,9,false
2019-07-11T17:51:21.233Z,1,1,false
2019-07-11T17:51:52.432Z,1,2,false
2019-07-11T17:52:25.058Z,1,3,false
2019-07-11T17:52:57.635Z,1,4,false
2019-07-11T17:53:26.512Z,1,5,false
2019-07-11T17:53:47.965Z,1,6,false
2019-07-11T17:54:09.706Z,1,7,false
2019-07-11T17:54:37.607Z,1,8,false
2019-07-11T17:55:08.365Z,1,9,false
2019-07-11T17:56:07.899Z,1,1,false
2019-07-11T17:56:36.758Z,1,2,false
2019-07-11T17:57:04.661Z,1,3,false
2019-07-11T17:57:33.776Z,1,4,false
2019-07-11T17:58:03.480Z,1,5,false
2019-07-11T17:58:21.321Z,1,6,false
2019-07-11T17:58:40.196Z,1,7,false
2019-07-11T17:59:09.954Z,1,8,false
2019-07-11T17:59:37.913Z,1,9,false
2019-07-11T18:00:35.757Z,1,1,false
2019-07-11T18:01:05.569Z,1,2,false
2019-07-11T18:01:33.538Z,1,3,false
2019-07-11T18:02:01.995Z,1,4,false
2019-07-11T18:02:32.976Z,1,5,false
2019-07-11T18:03:02.356Z,1,6,false
2019-07-11T18:03:34.174Z,1,7,false
2019-07-11T18:04:05.399Z,1,8,false
2019-07-11T18:04:34.976Z,1,9,false
2019-07-11T18:05:33.132Z,1,1,false
2019-07-11T18:06:02.200Z,1,2,false
2019-07-11T18:06:28.712Z,1,3,false
2019-07-11T18:07:05.905Z,1,4,false
2019-07-11T18:07:52.571Z,1,5,false
2019-07-11T18:08:31.491Z,1,6,false
2019-07-11T18:08:55.386Z,1,7,false
2019-07-11T18:09:31.963Z,1,8,false
2019-07-11T18:10:09.287Z,1,9,false
2019-07-11T18:11:05.020Z,1,1,false
2019-07-11T18:11:33.785Z,1,2,false
2019-07-11T18:12:01.592Z,1,3,false
2019-07-11T18:12:30.016Z,1,4,false
2019-07-11T18:12:59.241Z,1,5,false
2019-07-11T18:13:18.857Z,1,6,false
2019-07-11T18:13:38.917Z,1,7,false
2019-07-11T18:14:08.326Z,1,8,false
2019-07-11T18:14:37.130Z,1,9,false
2019-07-11T18:15:38.185Z,1,1,false
2019-07-11T18:16:08.752Z,1,2,false
2019-07-11T18:16:35.252Z,1,3,false
2019-07-11T18:17:06.373Z,1,4,false
2019-07-11T18:17:35.804Z,1,5,false
2019-07-11T18:17:54.072Z,1,6,false
2019-07-11T18:18:14.946Z,1,7,false
2019-07-11T18:18:43.947Z,1,8,false
2019-07-11T18:19:14.257Z,1,9,false
2019-07-11T18:20:12.377Z,1,1,false
2019-07-11T18:20:39.690Z,1,2,false
2019-07-11T18:21:06.977Z,1,3,false
2019-07-11T18:21:35.135Z,1,4,false
2019-07-11T18:22:02.782Z,1,5,false
2019-07-11T18:22:21.271Z,1,6,false
2019-07-11T18:22:42.668Z,1,7,false
2019-07-11T18:23:16.125Z,1,8,false
2019-07-11T18:23:41.799Z,1,9,false
2019-07-11T18:24:40.727Z,1,1,false
2019-07-11T18:25:06.915Z,1,2,false
2019-07-11T18:25:34.783Z,1,3,false
2019-07-11T18:26:02.089Z,1,4,false
2019-07-11T18:26:29.117Z,1,5,false
2019-07-11T18:26:47.423Z,1,6,false
2019-07-11T18:27:09.207Z,1,7,false
2019-07-11T18:27:35.897Z,1,8,false
2019-07-11T18:28:02.855Z,1,9,false
2019-07-11T18:29:01.329Z,1,1,false
2019-07-11T18:29:27.495Z,1,2,false
2019-07-11T18:29:53.168Z,1,3,false
2019-07-11T18:30:19.670Z,1,4,false
2019-07-11T18:30:46.238Z,1,5,false
2019-07-11T18:31:01.291Z,1,6,false
2019-07-11T18:31:21.342Z,1,7,false
2019-07-11T18:31:47.667Z,1,8,false
2019-07-11T18:32:15.474Z,1,9,false
2019-07-11T18:33:11.577Z,1,1,false
2019-07-11T18:33:37.790Z,1,2,false
2019-07-11T18:34:03.555Z,1,3,false
2019-07-11T18:34:30.295Z,1,4,false
2019-07-11T18:35:01.419Z,1,5,false
2019-07-11T18:35:21.108Z,1,6,false
2019-07-11T18:35:39.807Z,1,7,false
2019-07-11T18:36:07.356Z,1,8,false
2019-07-11T18:36:32.601Z,1,9,false
2019-07-11T18:37:28.586Z,1,1,false
2019-07-11T18:37:58.472Z,1,2,false
2019-07-11T18:38:26.617Z,1,3,false
2019-07-11T18:38:55.712Z,1,4,false
2019-07-11T18:39:21.896Z,1,5,false
2019-07-11T18:39:47.356Z,1,6,false
2019-07-11T18:40:04.768Z,1,7,false
2019-07-11T18:40:26.973Z,1,8,false
2019-07-11T18:40:51.795Z,1,9,false
2019-07-11T18:41:46.075Z,1,1,false
2019-07-11T18:42:13.861Z,1,2,false
2019-07-11T18:42:49.092Z,1,3,false
2019-07-11T18:43:15.802Z,1,4,false
2019-07-11T18:43:41.942Z,1,5,false
2019-07-11T18:44:04.872Z,1,6,false
2019-07-11T18:44:19.674Z,1,7,false
2019-07-11T18:44:38.748Z,1,8,false
2019-07-11T18:45:01.237Z,1,9,false
2019-07-11T18:45:52.412Z,1,1,false
2019-07-11T18:46:17.219Z,1,2,false
2019-07-11T18:46:39.686Z,1,3,false
2019-07-11T18:47:02.339Z,1,4,false
2019-07-11T18:47:25.522Z,1,5,false
2019-07-11T18:47:53.616Z,1,6,false
2019-07-11T18:48:16.783Z,1,7,false
2019-07-11T18:48:41.856Z,1,8,false
2019-07-11T18:49:13.582Z,1,9,false
2019-07-11T18:50:08.888Z,1,1,false
2019-07-11T18:50:33.009Z,1,2,false
2019-07-11T18:50:56.963Z,1,3,false
2019-07-11T18:51:20.064Z,1,4,false
2019-07-11T18:51:44.888Z,1,5,false
2019-07-11T18:52:08.560Z,1,6,false
2019-07-11T18:52:30.398Z,1,7,false
2019-07-11T18:52:46.482Z,1,8,false
2019-07-11T18:53:08.999Z,1,9,false
2019-07-11T18:54:03.480Z,1,1,false
2019-07-11T18:54:27.006Z,1,2,false
2019-07-11T18:54:48.938Z,1,3,false
2019-07-11T18:55:12.610Z,1,4,false
2019-07-11T18:55:36.062Z,1,5,false
2019-07-11T18:55:58.884Z,1,6,false
2019-07-11T18:56:15.974Z,1,7,false
2019-07-11T18:56:32.776Z,1,8,false
2019-07-11T18:56:56.322Z,1,9,false
2019-07-11T18:57:48.639Z,1,1,false
2019-07-11T18:58:11.546Z,1,2,false
2019-07-11T18:58:34.954Z,1,3,false
2019-07-11T18:58:58.967Z,1,4,false
2019-07-11T18:59:23.003Z,1,5,false
2019-07-11T18:59:46.067Z,1,6,false
2019-07-11T19:00:06.387Z,1,7,false
2019-07-11T19:00:23.145Z,1,8,false
2019-07-11T19:00:41.257Z,1,9,false
2019-07-11T19:01:35.632Z,1,1,false
2019-07-11T19:01:58.909Z,1,2,false
2019-07-11T19:02:21.912Z,1,3,false
2019-07-11T19:02:44.957Z,1,4,false
2019-07-11T19:03:08.700Z,1,5,false
2019-07-11T19:03:33.811Z,1,6,false
2019-07-11T19:03:59.191Z,1,7,false
2019-07-11T19:04:18.698Z,1,8,false
2019-07-11T19:04:39.947Z,1,9,false
2019-07-11T19:05:33.032Z,1,1,false
2019-07-11T19:05:55.814Z,1,2,false
2019-07-11T19:06:19.148Z,1,3,false
2019-07-11T19:06:41.645Z,1,4,false
2019-07-11T19:07:05.900Z,1,5,false
2019-07-11T19:07:31.10Z,1,6,false
2019-07-11T19:07:49.097Z,1,7,false
2019-07-11T19:08:06.860Z,1,8,false
2019-07-11T19:08:30.308Z,1,9,false
2019-07-11T19:09:23.900Z,1,1,false
2019-07-11T19:09:46.630Z,1,2,false
2019-07-11T19:10:09.718Z,1,3,false
2019-07-11T19:10:32.399Z,1,4,false
2019-07-11T19:10:57.467Z,1,5,false
2019-07-11T19:11:19.640Z,1,6,false
2019-07-11T19:11:37.392Z,1,7,false
2019-07-11T19:11:52.061Z,1,8,false
2019-07-11T19:12:05.164Z,1,9,false
2019-07-11T19:12:56.757Z,1,1,false
2019-07-11T19:13:17.078Z,1,2,false
2019-07-11T19:13:37.744Z,1,3,false
2019-07-11T19:13:59.284Z,1,4,false
2019-07-11T19:14:19.391Z,1,5,false
2019-07-11T19:14:40.205Z,1,6,false
2019-07-11T19:15:02.159Z,1,7,false
2019-07-11T19:15:17.155Z,1,8,false
2019-07-11T19:15:31.899Z,1,9,false
2019-07-11T19:16:22.895Z,1,1,false
2019-07-11T19:16:43.594Z,1,2,false
2019-07-11T19:17:04.206Z,1,3,false
2019-07-11T19:17:26.207Z,1,4,false
2019-07-11T19:17:47.821Z,1,5,false
2019-07-11T19:18:08.864Z,1,6,false
2019-07-11T19:18:29.540Z,1,7,false
2019-07-11T19:18:44.566Z,1,8,false
2019-07-11T19:18:58.132Z,1,9,false
2019-07-11T19:19:48.926Z,1,1,false
2019-07-11T19:20:09.775Z,1,2,false
2019-07-11T19:20:27.698Z,1,3,false
2019-07-11T19:20:47.606Z,1,4,false
2019-07-11T19:21:06.538Z,1,5,false
2019-07-11T19:21:24.872Z,1,6,false
2019-07-11T19:21:49.031Z,1,7,false
2019-07-11T19:22:11.741Z,1,8,false
2019-07-11T19:22:27.847Z,1,9,false
2019-07-11T19:23:17.631Z,1,1,false
2019-07-11T19:23:38.472Z,1,2,false
2019-07-11T19:23:57.624Z,1,3,false
2019-07-11T19:24:20.181Z,1,4,false
2019-07-11T19:24:39.975Z,1,5,false
2019-07-11T19:24:59.913Z,1,6,false
2019-07-11T19:25:20.639Z,1,7,false
2019-07-11T19:25:35.237Z,1,8,false
2019-07-11T19:25:49.561Z,1,9,false
2019-07-11T19:26:39.131Z,1,1,false
2019-07-11T19:26:55.940Z,1,2,false
2019-07-11T19:27:20.162Z,1,3,false
2019-07-11T19:27:37.295Z,1,4,false
2019-07-11T19:27:57.048Z,1,5,false
2019-07-11T19:28:14.327Z,1,6,false
2019-07-11T19:28:34.172Z,1,7,false
2019-07-11T19:28:52.579Z,1,8,false
2019-07-11T19:29:04.847Z,1,9,false
2019-07-11T19:29:49.708Z,1,1,false
2019-07-11T19:30:08.886Z,1,2,false
2019-07-11T19:30:27.836Z,1,3,false
2019-07-11T19:30:47.043Z,1,4,false
2019-07-11T19:31:06.722Z,1,5,false
2019-07-11T19:31:26.076Z,1,6,false
2019-07-11T19:31:46.685Z,1,7,false
2019-07-11T19:32:06.690Z,1,8,false
2019-07-11T19:32:20.612Z,1,9,false
2019-07-11T19:33:04.397Z,1,1,false
2019-07-11T19:33:23.678Z,1,2,false
2019-07-11T19:33:42.628Z,1,3,false
2019-07-11T19:34:01.476Z,1,4,false
2019-07-11T19:34:19.950Z,1,5,false
2019-07-11T19:34:36.923Z,1,6,false
2019-07-11T19:34:55.621Z,1,7,false
2019-07-11T19:35:14.090Z,1,8,false
2019-07-11T19:35:33.263Z,1,9,false
2019-07-11T19:36:17.355Z,1,1,false
2019-07-11T19:36:35.073Z,1,2,false
2019-07-11T19:36:54.771Z,1,3,false
2019-07-11T19:37:13.905Z,1,4,false
2019-07-11T19:37:32.891Z,1,5,false
2019-07-11T19:37:52.448Z,1,6,false
2019-07-11T19:38:13.399Z,1,7,false
2019-07-11T19:38:32.009Z,1,8,false
2019-07-11T19:38:53.418Z,1,9,false
2019-07-11T19:39:43.468Z,1,1,false
2019-07-11T19:40:00.471Z,1,2,false
2019-07-11T19:40:12.274Z,1,3,false
2019-07-11T19:40:26.231Z,1,4,false
2019-07-11T19:40:39.450Z,1,5,false
2019-07-11T19:40:51.181Z,1,6,false
2019-07-11T19:41:02.857Z,1,7,false
2019-07-11T19:41:14.501Z,1,8,false
2019-07-11T19:41:24.055Z,1,9,false
2019-07-11T19:42:02.684Z,1,1,false
2019-07-11T19:42:12.820Z,1,2,false
2019-07-11T19:42:23.451Z,1,3,false
2019-07-11T19:42:35.416Z,1,4,false
2019-07-11T19:42:47.517Z,1,5,false
2019-07-11T19:42:59.297Z,1,6,false
2019-07-11T19:43:11.250Z,1,7,false
2019-07-11T19:43:22.794Z,1,8,false
2019-07-11T19:43:34.747Z,1,9,false
2019-07-11T19:44:14.281Z,1,1,false
2019-07-11T19:44:25.890Z,1,2,false
2019-07-11T19:44:36.565Z,1,3,false
2019-07-11T19:44:49.855Z,1,4,false
2019-07-11T19:45:01.284Z,1,5,false
2019-07-11T19:45:12.891Z,1,6,false
2019-07-11T19:45:24.506Z,1,7,false
2019-07-11T19:45:35.900Z,1,8,false
2019-07-11T19:45:48.332Z,1,9,false
2019-07-11T19:46:27.072Z,1,1,false
2019-07-11T19:46:38.494Z,1,2,false
2019-07-11T19:46:49.478Z,1,3,false
2019-07-11T19:47:01.487Z,1,4,false
2019-07-11T19:47:13.317Z,1,5,false
2019-07-11T19:47:24.982Z,1,6,false
2019-07-11T19:47:36.799Z,1,7,false
2019-07-11T19:47:48.250Z,1,8,false
2019-07-11T19:47:58.419Z,1,9,false
2019-07-11T19:48:38.141Z,1,1,false
2019-07-11T19:48:49.636Z,1,2,false
2019-07-11T19:48:59.864Z,1,3,false
2019-07-11T19:49:12.181Z,1,4,false
2019-07-11T19:49:24.076Z,1,5,false
2019-07-11T19:49:35.033Z,1,6,false
2019-07-11T19:49:46.082Z,1,7,false
2019-07-11T19:49:57.037Z,1,8,false
2019-07-11T19:50:07.328Z,1,9,false
2019-07-11T19:50:47.505Z,1,1,false
2019-07-11T19:50:58.503Z,1,2,false
2019-07-11T19:51:08.926Z,1,3,false
2019-07-11T19:51:20.470Z,1,4,false
2019-07-11T19:51:32.004Z,1,5,false
2019-07-11T19:51:43.300Z,1,6,false
2019-07-11T19:51:54.585Z,1,7,false
2019-07-11T19:52:05.578Z,1,8,false
2019-07-11T19:52:16.577Z,1,9,false
2019-07-11T19:52:55.333Z,1,1,false
2019-07-11T19:53:05.971Z,1,2,false
2019-07-11T19:53:16.809Z,1,3,false
2019-07-11T19:53:28.322Z,1,4,false
2019-07-11T19:53:40.095Z,1,5,false
2019-07-11T19:53:51.368Z,1,6,false
2019-07-11T19:54:02.742Z,1,7,false
2019-07-11T19:54:13.716Z,1,8,false
2019-07-11T19:54:24.980Z,1,9,false
2019-07-11T19:55:05.108Z,1,1,false
2019-07-11T19:55:15.585Z,1,2,false
2019-07-11T19:55:26.302Z,1,3,false
2019-07-11T19:55:37.630Z,1,4,false
2019-07-11T19:55:49.206Z,1,5,false
2019-07-11T19:56:00.325Z,1,6,false
2019-07-11T19:56:11.498Z,1,7,false
2019-07-11T19:56:22.318Z,1,8,false
2019-07-11T19:56:33.166Z,1,9,false
2019-07-11T19:57:11.661Z,1,1,false
2019-07-11T19:57:22.358Z,1,2,false
2019-07-11T19:57:32.998Z,1,3,false
2019-07-11T19:57:44.588Z,1,4,false
2019-07-11T19:57:56.140Z,1,5,false
2019-07-11T19:58:07.485Z,1,6,false
2019-07-11T19:58:17.454Z,1,7,false
2019-07-11T19:58:26.847Z,1,8,false
2019-07-11T19:58:35.955Z,1,9,false
2019-07-11T19:59:16.798Z,1,1,false
2019-07-11T19:59:27.152Z,1,2,false
2019-07-11T19:59:37.829Z,1,3,false
2019-07-11T19:59:48.938Z,1,4,false
2019-07-11T20:00:00.076Z,1,5,false
2019-07-11T20:00:10.942Z,1,6,false
2019-07-11T20:00:22.164Z,1,7,false
2019-07-11T20:00:32.961Z,1,8,false
2019-07-11T20:00:44.201Z,1,9,false
2019-07-11T20:01:24.632Z,1,1,false
2019-07-11T20:01:34.465Z,1,2,false
2019-07-11T20:01:45.253Z,1,3,false
2019-07-11T20:01:56.772Z,1,4,false
2019-07-11T20:02:08.508Z,1,5,false
2019-07-11T20:02:19.883Z,1,6,false
2019-07-11T20:02:31.054Z,1,7,false
2019-07-11T20:02:41.945Z,1,8,false
2019-07-11T20:02:53.061Z,1,9,false
2019-07-11T20:03:33.692Z,1,1,false
2019-07-11T20:03:44.454Z,1,2,false
2019-07-11T20:03:54.501Z,1,3,false
2019-07-11T20:04:05.023Z,1,4,false
2019-07-11T20:04:16.281Z,1,5,false
2019-07-11T20:04:27.219Z,1,6,false
2019-07-11T20:04:38.460Z,1,7,false
2019-07-11T20:04:48.876Z,1,8,false
2019-07-11T20:04:59.630Z,1,9,false
2019-07-11T20:05:40.304Z,1,1,false
2019-07-11T20:05:51.208Z,1,2,false
2019-07-11T20:06:01.918Z,1,3,false
2019-07-11T20:06:12.616Z,1,4,false
2019-07-11T20:06:23.387Z,1,5,false
2019-07-11T20:06:34.132Z,1,6,false
2019-07-11T20:06:45.267Z,1,7,false
2019-07-11T20:06:55.746Z,1,8,false
2019-07-11T20:07:06.827Z,1,9,false
2019-07-11T20:07:46.878Z,1,1,false
2019-07-11T20:07:56.712Z,1,2,false
2019-07-11T20:08:07.170Z,1,3,false
2019-07-11T20:08:18.019Z,1,4,false
2019-07-11T20:08:29.000Z,1,5,false
2019-07-11T20:08:40.540Z,1,6,false
2019-07-11T20:08:51.287Z,1,7,false
2019-07-11T20:09:01.820Z,1,8,false
2019-07-11T20:09:13.000Z,1,9,false
2019-07-11T20:09:51.398Z,1,1,false
2019-07-11T20:10:00.918Z,1,2,false
2019-07-11T20:10:10.360Z,1,3,false
2019-07-11T20:10:21.512Z,1,4,false
2019-07-11T20:10:32.849Z,1,5,false
2019-07-11T20:10:43.205Z,1,6,false
2019-07-11T20:10:53.708Z,1,7,false
2019-07-11T20:11:04.040Z,1,8,false
2019-07-11T20:11:14.179Z,1,9,false
2019-07-11T20:11:54.233Z,1,1,false
2019-07-11T20:12:04.130Z,1,2,false
2019-07-11T20:12:13.740Z,1,3,false
2019-07-11T20:12:24.471Z,1,4,false
2019-07-11T20:12:35.457Z,1,5,false
2019-07-11T20:12:46.435Z,1,6,false
2019-07-11T20:12:57.052Z,1,7,false
2019-07-11T20:13:10.166Z,1,8,false
2019-07-11T20:13:23.798Z,1,9,false
2019-07-11T20:14:03.815Z,1,1,false
2019-07-11T20:14:14.174Z,1,2,false
2019-07-11T20:14:24.142Z,1,3,false
2019-07-11T20:14:37.661Z,1,4,false
2019-07-11T20:14:48.794Z,1,5,false
2019-07-11T20:14:58.737Z,1,6,false
2019-07-11T20:15:10.049Z,1,7,false
2019-07-11T20:15:19.537Z,1,8,false
2019-07-11T20:15:29.573Z,1,9,false
2019-07-11T20:16:10.580Z,1,1,false
2019-07-11T20:16:20.857Z,1,2,false
2019-07-11T20:16:30.971Z,1,3,false
2019-07-11T20:16:41.841Z,1,4,false
2019-07-11T20:16:52.769Z,1,5,false
2019-07-11T20:17:03.718Z,1,6,false
2019-07-11T20:17:14.317Z,1,7,false
2019-07-11T20:17:24.327Z,1,8,false
2019-07-11T20:17:34.986Z,1,9,false
2019-07-11T20:18:15.686Z,1,1,false
2019-07-11T20:18:26.536Z,1,2,false
2019-07-11T20:18:36.699Z,1,3,false
2019-07-11T20:18:47.865Z,1,4,false
2019-07-11T20:18:59.142Z,1,5,false
2019-07-11T20:19:09.578Z,1,6,false
2019-07-11T20:19:20.187Z,1,7,false
2019-07-11T20:19:29.870Z,1,8,false
2019-07-11T20:19:40.463Z,1,9,false
2019-07-11T20:20:21.510Z,1,1,false
2019-07-11T20:20:32.259Z,1,2,false
2019-07-11T20:20:42.822Z,1,3,false
2019-07-11T20:20:53.702Z,1,4,false
2019-07-11T20:21:04.727Z,1,5,false
2019-07-11T20:21:15.589Z,1,6,false
2019-07-11T20:21:26.158Z,1,7,false
2019-07-11T20:21:36.949Z,1,8,false
2019-07-11T20:21:47.255Z,1,9,false
2019-07-11T20:22:27.788Z,1,1,false
2019-07-11T20:22:38.201Z,1,2,false
2019-07-11T20:22:48.735Z,1,3,false
2019-07-11T20:22:59.880Z,1,4,false
2019-07-11T20:23:11.443Z,1,5,false
2019-07-11T20:23:22.213Z,1,6,false
2019-07-11T20:23:33.174Z,1,7,false
2019-07-11T20:23:44.163Z,1,8,false
2019-07-11T20:23:55.208Z,1,9,false
2019-07-11T20:24:36.232Z,1,1,false
2019-07-11T20:24:47.600Z,1,2,false
2019-07-11T20:24:57.975Z,1,3,false
2019-07-11T20:25:08.871Z,1,4,false
2019-07-11T20:25:19.508Z,1,5,false
2019-07-11T20:25:31.047Z,1,6,false
2019-07-11T20:25:42.078Z,1,7,false
2019-07-11T20:25:52.676Z,1,8,false
2019-07-11T20:26:03.628Z,1,9,false
2019-07-11T20:26:44.638Z,1,1,false
2019-07-11T20:26:54.914Z,1,2,false
2019-07-11T20:27:05.487Z,1,3,false
2019-07-11T20:27:16.240Z,1,4,false
2019-07-11T20:27:27.719Z,1,5,false
2019-07-11T20:27:38.649Z,1,6,false
2019-07-11T20:27:49.392Z,1,7,false
2019-07-11T20:28:00.124Z,1,8,false
2019-07-11T20:28:10.581Z,1,9,false
2019-07-11T20:28:51.252Z,1,1,false
2019-07-11T20:29:01.875Z,1,2,false
2019-07-11T20:29:12.226Z,1,3,false
2019-07-11T20:29:23.453Z,1,4,false
2019-07-11T20:29:34.859Z,1,5,false
2019-07-11T20:29:45.516Z,1,6,false
2019-07-11T20:29:56.548Z,1,7,false
2019-07-11T20:30:06.633Z,1,8,false
2019-07-11T20:30:17.106Z,1,9,false
2019-07-11T20:30:57.153Z,1,1,false
2019-07-11T20:31:07.876Z,1,2,false
2019-07-11T20:31:18.433Z,1,3,false
2019-07-11T20:31:29.018Z,1,4,false
2019-07-11T20:31:39.974Z,1,5,false
2019-07-11T20:31:51.040Z,1,6,false
2019-07-11T20:32:02.398Z,1,7,false
2019-07-11T20:32:13.104Z,1,8,false
2019-07-11T20:32:23.695Z,1,9,false
2019-07-11T20:33:04.628Z,1,1,false
2019-07-11T20:33:15.348Z,1,2,false
2019-07-11T20:33:25.019Z,1,3,false
2019-07-11T20:33:35.075Z,1,4,false
2019-07-11T20:33:45.285Z,1,5,false
2019-07-11T20:33:54.833Z,1,6,false
2019-07-11T20:34:05.711Z,1,7,false
2019-07-11T20:34:15.808Z,1,8,false
2019-07-11T20:34:26.462Z,1,9,false
2019-07-11T20:35:07.298Z,1,1,false
2019-07-11T20:35:17.315Z,1,2,false
2019-07-11T20:35:27.744Z,1,3,false
2019-07-11T20:35:38.457Z,1,4,false
2019-07-11T20:35:49.634Z,1,5,false
2019-07-11T20:36:00.261Z,1,6,false
2019-07-11T20:36:11.319Z,1,7,false
2019-07-11T20:36:22.204Z,1,8,false
2019-07-11T20:36:33.10Z,1,9,false
2019-07-11T20:37:14.088Z,1,1,false
2019-07-11T20:37:24.796Z,1,2,false
2019-07-11T20:37:34.757Z,1,3,false
2019-07-11T20:37:45.858Z,1,4,false
2019-07-11T20:37:56.832Z,1,5,false
2019-07-11T20:38:07.553Z,1,6,false
2019-07-11T20:38:18.704Z,1,7,false
2019-07-11T20:38:29.364Z,1,8,false
2019-07-11T20:38:40.339Z,1,9,false
2019-07-11T20:39:21.348Z,1,1,false
2019-07-11T20:39:32.168Z,1,2,false
2019-07-11T20:39:42.649Z,1,3,false
2019-07-11T20:39:53.499Z,1,4,false
2019-07-11T20:40:03.783Z,1,5,false
2019-07-11T20:40:14.231Z,1,6,false
2019-07-11T20:40:24.408Z,1,7,false
2019-07-11T20:40:34.526Z,1,8,false
2019-07-11T20:40:45.462Z,1,9,false
2019-07-11T20:41:26.230Z,1,1,false
2019-07-11T20:41:35.791Z,1,2,false
2019-07-11T20:41:46.240Z,1,3,false
2019-07-11T20:41:55.984Z,1,4,false
2019-07-11T20:42:07.042Z,1,5,false
2019-07-11T20:42:16.562Z,1,6,false
2019-07-11T20:42:27.240Z,1,7,false
2019-07-11T20:42:37.262Z,1,8,false
2019-07-11T20:42:47.668Z,1,9,false
2019-07-11T20:43:27.949Z,1,1,false
2019-07-11T20:43:35.994Z,1,2,false
2019-07-11T20:43:46.271Z,1,3,false
2019-07-11T20:43:57.018Z,1,4,false
2019-07-11T20:44:07.162Z,1,5,false
2019-07-11T20:44:17.421Z,1,6,false
2019-07-11T20:44:27.907Z,1,7,false
2019-07-11T20:44:38.193Z,1,8,false
2019-07-11T20:44:48.978Z,1,9,false
2019-07-11T20:45:29.910Z,1,1,false
2019-07-11T20:45:37.962Z,1,2,false
2019-07-11T20:45:48.426Z,1,3,false
2019-07-11T20:45:59.665Z,1,4,false
2019-07-11T20:46:11.029Z,1,5,false
2019-07-11T20:46:21.678Z,1,6,false
2019-07-11T20:46:32.061Z,1,7,false
2019-07-11T20:46:41.774Z,1,8,false
2019-07-11T20:46:52.722Z,1,9,false
2019-07-11T20:47:31.181Z,1,1,false
2019-07-11T20:47:40.848Z,1,2,false
2019-07-11T20:47:48.642Z,1,3,false
2019-07-11T20:47:57.177Z,1,4,false
2019-07-11T20:48:07.353Z,1,5,false
2019-07-11T20:48:17.981Z,1,6,false
2019-07-11T20:48:28.539Z,1,7,false
2019-07-11T20:48:38.985Z,1,8,false
2019-07-11T20:48:50.470Z,1,9,false
2019-07-11T20:49:31.465Z,1,1,false
2019-07-11T20:49:39.843Z,1,2,false
2019-07-11T20:49:48.273Z,1,3,false
2019-07-11T20:49:58.407Z,1,4,false
2019-07-11T20:50:07.088Z,1,5,false
2019-07-11T20:50:18.011Z,1,6,false
2019-07-11T20:50:28.776Z,1,7,false
2019-07-11T20:50:39.414Z,1,8,false
2019-07-11T20:50:50.489Z,1,9,false
2019-07-11T20:51:30.516Z,1,1,false
2019-07-11T20:51:40.616Z,1,2,false
2019-07-11T20:51:50.210Z,1,3,false
2019-07-11T20:51:59.859Z,1,4,false
2019-07-11T20:52:08.571Z,1,5,false
2019-07-11T20:52:16.795Z,1,6,false
2019-07-11T20:52:27.379Z,1,7,false
2019-07-11T20:52:37.170Z,1,8,false
2019-07-11T20:52:48.892Z,1,9,false
2019-07-11T20:53:28.655Z,1,1,false
2019-07-11T20:53:38.450Z,1,2,false
2019-07-11T20:53:47.572Z,1,3,false
2019-07-11T20:53:57.067Z,1,4,false
2019-07-11T20:54:07.306Z,1,5,false
2019-07-11T20:54:16.579Z,1,6,false
2019-07-11T20:54:27.462Z,1,7,false
2019-07-11T20:54:36.170Z,1,8,false
2019-07-11T20:54:47.023Z,1,9,false
2019-07-11T20:55:27.498Z,1,1,false
2019-07-11T20:55:38.019Z,1,2,false
2019-07-11T20:55:47.348Z,1,3,false
2019-07-11T20:55:56.449Z,1,4,false
2019-07-11T20:56:05.138Z,1,5,false
2019-07-11T20:56:14.920Z,1,6,false
2019-07-11T20:56:25.488Z,1,7,false
2019-07-11T20:56:35.299Z,1,8,false
2019-07-11T20:56:46.140Z,1,9,false
2019-07-11T20:57:26.006Z,1,1,false
2019-07-11T20:57:36.300Z,1,2,false
2019-07-11T20:57:46.084Z,1,3,false
2019-07-11T20:57:54.568Z,1,4,false
2019-07-11T20:58:03.824Z,1,5,false
2019-07-11T20:58:14.371Z,1,6,false
2019-07-11T20:58:23.600Z,1,7,false
2019-07-11T20:58:33.834Z,1,8,false
2019-07-11T20:58:42.652Z,1,9,false
2019-07-11T20:59:23.062Z,1,1,false
2019-07-11T20:59:32.877Z,1,2,false
2019-07-11T20:59:42.644Z,1,3,false
2019-07-11T20:59:52.355Z,1,4,false
2019-07-11T21:00:01.007Z,1,5,false
2019-07-11T21:00:09.794Z,1,6,false
2019-07-11T21:00:21.047Z,1,7,false
2019-07-11T21:00:31.732Z,1,8,false
2019-07-11T21:00:42.478Z,1,9,false
2019-07-11T21:01:23.428Z,1,1,false
2019-07-11T21:01:33.815Z,1,2,false
2019-07-11T21:01:44.173Z,1,3,false
2019-07-11T21:01:53.437Z,1,4,false
2019-07-11T21:02:02.165Z,1,5,false
2019-07-11T21:02:10.399Z,1,6,false
2019-07-11T21:02:21.132Z,1,7,false
2019-07-11T21:02:31.599Z,1,8,false
2019-07-11T21:02:42.029Z,1,9,false
2019-07-11T21:03:22.799Z,1,1,false
2019-07-11T21:03:33.209Z,1,2,false
2019-07-11T21:03:43.787Z,1,3,false
2019-07-11T21:03:52.294Z,1,4,false
2019-07-11T21:04:01.083Z,1,5,false
2019-07-11T21:04:10.947Z,1,6,false
2019-07-11T21:04:21.177Z,1,7,false
2019-07-11T21:04:30.806Z,1,8,false
2019-07-11T21:04:41.249Z,1,9,false
2019-07-11T21:05:22.269Z,1,1,false
2019-07-11T21:05:32.869Z,1,2,false
2019-07-11T21:05:42.471Z,1,3,false
2019-07-11T21:05:51.360Z,1,4,false
2019-07-11T21:06:01.466Z,1,5,false
2019-07-11T21:06:10.079Z,1,6,false
2019-07-11T21:06:20.215Z,1,7,false
2019-07-11T21:06:29.996Z,1,8,false
2019-07-11T21:06:39.487Z,1,9,false
2019-07-11T21:07:20.249Z,1,1,false
2019-07-11T21:07:30.240Z,1,2,false
2019-07-11T21:07:40.574Z,1,3,false
2019-07-11T21:07:50.873Z,1,4,false
2019-07-11T21:07:59.459Z,1,5,false
2019-07-11T21:08:08.896Z,1,6,false
2019-07-11T21:08:17.255Z,1,7,false
2019-07-11T21:08:27.886Z,1,8,false
2019-07-11T21:08:38.775Z,1,9,false
2019-07-11T21:09:19.599Z,1,1,false
2019-07-11T21:09:30.267Z,1,2,false
2019-07-11T21:09:40.682Z,1,3,false
2019-07-11T21:09:51.966Z,1,4,false
2019-07-11T21:10:00.636Z,1,5,false
2019-07-11T21:10:08.870Z,1,6,false
2019-07-11T21:10:18.855Z,1,7,false
2019-07-11T21:10:28.795Z,1,8,false
2019-07-11T21:10:39.116Z,1,9,false
2019-07-11T21:11:19.159Z,1,1,false
2019-07-11T21:11:29.379Z,1,2,false
2019-07-11T21:11:39.675Z,1,3,false
2019-07-11T21:11:49.595Z,1,4,false
2019-07-11T21:11:59.118Z,1,5,false
2019-07-11T21:12:09.004Z,1,6,false
2019-07-11T21:12:17.343Z,1,7,false
2019-07-11T21:12:25.294Z,1,8,false
2019-07-11T21:12:35.921Z,1,9,false
2019-07-11T21:13:16.703Z,1,1,false
2019-07-11T21:13:27.105Z,1,2,false
2019-07-11T21:13:36.979Z,1,3,false
2019-07-11T21:13:47.574Z,1,4,false
2019-07-11T21:13:56.381Z,1,5,false
2019-07-11T21:14:05.866Z,1,6,false
2019-07-11T21:14:15.889Z,1,7,false
2019-07-11T21:14:24.459Z,1,8,false
2019-07-11T21:14:35.291Z,1,9,false
2019-07-11T21:15:15.840Z,1,1,false
2019-07-11T21:15:25.490Z,1,2,false
2019-07-11T21:15:35.372Z,1,3,false
2019-07-11T21:15:46.249Z,1,4,false
2019-07-11T21:15:56.803Z,1,5,false
2019-07-11T21:16:05.913Z,1,6,false
2019-07-11T21:16:14.567Z,1,7,false
2019-07-11T21:16:23.616Z,1,8,false
2019-07-11T21:16:34.496Z,1,9,false
2019-07-11T21:17:15.280Z,1,1,false
2019-07-11T21:17:25.716Z,1,2,false
2019-07-11T21:17:35.228Z,1,3,false
2019-07-11T21:17:46.301Z,1,4,false
2019-07-11T21:17:57.082Z,1,5,false
2019-07-11T21:18:06.932Z,1,6,false
2019-07-11T21:18:15.301Z,1,7,false
2019-07-11T21:18:23.559Z,1,8,false
2019-07-11T21:18:34.283Z,1,9,false
2019-07-11T21:19:14.822Z,1,1,false
2019-07-11T21:19:25.508Z,1,2,false
2019-07-11T21:19:35.760Z,1,3,false
2019-07-11T21:19:46.782Z,1,4,false
2019-07-11T21:19:58.126Z,1,5,false
2019-07-11T21:20:07.951Z,1,6,false
2019-07-11T21:20:16.248Z,1,7,false
2019-07-11T21:20:25.212Z,1,8,false
2019-07-11T21:20:35.203Z,1,9,false
2019-07-11T21:21:16.152Z,1,1,false
2019-07-11T21:21:26.835Z,1,2,false
2019-07-11T21:21:36.340Z,1,3,false
2019-07-11T21:21:47.435Z,1,4,false
2019-07-11T21:21:57.564Z,1,5,false
2019-07-11T21:22:06.659Z,1,6,false
2019-07-11T21:22:15.000Z,1,7,false
2019-07-11T21:22:22.934Z,1,8,false
2019-07-11T21:22:32.835Z,1,9,false
2019-07-11T21:23:13.734Z,1,1,false
2019-07-11T21:23:24.207Z,1,2,false
2019-07-11T21:23:34.251Z,1,3,false
2019-07-11T21:23:44.963Z,1,4,false
2019-07-11T21:23:57.553Z,1,5,false
2019-07-11T21:24:07.420Z,1,6,false
2019-07-11T21:24:16.052Z,1,7,false
2019-07-11T21:24:25.667Z,1,8,false
2019-07-11T21:24:36.046Z,1,9,false
2019-07-11T21:25:15.981Z,1,1,false
2019-07-11T21:25:25.214Z,1,2,false
2019-07-11T21:25:34.606Z,1,3,false
2019-07-11T21:25:45.435Z,1,4,false
2019-07-11T21:25:54.933Z,1,5,false
2019-07-11T21:26:03.526Z,1,6,false
2019-07-11T21:26:11.864Z,1,7,false
2019-07-11T21:26:20.737Z,1,8,false
2019-07-11T21:26:28.962Z,1,9,false
2019-07-11T21:27:09.837Z,1,1,false
2019-07-11T21:27:20.459Z,1,2,false
2019-07-11T21:27:30.841Z,1,3,false
2019-07-11T21:27:41.933Z,1,4,false
2019-07-11T21:27:53.219Z,1,5,false
2019-07-11T21:28:04.029Z,1,6,false
2019-07-11T21:28:12.369Z,1,7,false
2019-07-11T21:28:21.864Z,1,8,false
2019-07-11T21:28:30.101Z,1,9,false
2019-07-11T21:29:08.527Z,1,1,false
2019-07-11T21:29:18.543Z,1,2,false
2019-07-11T21:29:27.661Z,1,3,false
2019-07-11T21:29:38.647Z,1,4,false
2019-07-11T21:29:48.960Z,1,5,false
2019-07-11T21:29:59.358Z,1,6,false
2019-07-11T21:30:08.232Z,1,7,false
2019-07-11T21:30:16.377Z,1,8,false
2019-07-11T21:30:26.017Z,1,9,false
2019-07-11T21:31:04.200Z,1,1,false
2019-07-11T21:31:12.543Z,1,2,false
2019-07-11T21:31:22.152Z,1,3,false
2019-07-11T21:31:32.894Z,1,4,false
2019-07-11T21:31:43.986Z,1,5,false
2019-07-11T21:31:53.301Z,1,6,false
2019-07-11T21:32:01.791Z,1,7,false
2019-07-11T21:32:09.722Z,1,8,false
2019-07-11T21:32:19.602Z,1,9,false
2019-07-11T21:32:57.746Z,1,1,false
2019-07-11T21:33:08.046Z,1,2,false
2019-07-11T21:33:18.207Z,1,3,false
2019-07-11T21:33:28.617Z,1,4,false
2019-07-11T21:33:39.357Z,1,5,false
2019-07-11T21:33:49.953Z,1,6,false
2019-07-11T21:34:00.794Z,1,7,false
2019-07-11T21:34:10.357Z,1,8,false
2019-07-11T21:34:18.606Z,1,9,false
2019-07-11T21:34:56.783Z,1,1,false
2019-07-11T21:35:07.068Z,1,2,false
2019-07-11T21:35:16.838Z,1,3,false
2019-07-11T21:35:27.703Z,1,4,false
2019-07-11T21:35:38.668Z,1,5,false
2019-07-11T21:35:49.480Z,1,6,false
2019-07-11T21:36:00.413Z,1,7,false
2019-07-11T21:36:09.520Z,1,8,false
2019-07-11T21:36:18.579Z,1,9,false
2019-07-11T21:36:57.775Z,1,1,false
2019-07-11T21:37:08.361Z,1,2,false
2019-07-11T21:37:18.215Z,1,3,false
2019-07-11T21:37:28.992Z,1,4,false
2019-07-11T21:37:39.269Z,1,5,false
2019-07-11T21:37:49.147Z,1,6,false
2019-07-11T21:37:59.958Z,1,7,false
2019-07-11T21:38:08.401Z,1,8,false
2019-07-11T21:38:16.643Z,1,9,false
2019-07-11T21:38:56.552Z,1,1,false
2019-07-11T21:39:06.433Z,1,2,false
2019-07-11T21:39:16.726Z,1,3,false
2019-07-11T21:39:27.281Z,1,4,false
2019-07-11T21:39:37.874Z,1,5,false
2019-07-11T21:39:48.541Z,1,6,false
2019-07-11T21:39:59.373Z,1,7,false
2019-07-11T21:40:08.902Z,1,8,false
2019-07-11T21:40:17.185Z,1,9,false
2019-07-11T21:40:57.041Z,1,1,false
2019-07-11T21:41:07.149Z,1,2,false
2019-07-11T21:41:16.438Z,1,3,false
2019-07-11T21:41:25.916Z,1,4,false
2019-07-11T21:41:36.211Z,1,5,false
2019-07-11T21:41:46.930Z,1,6,false
2019-07-11T21:41:56.905Z,1,7,false
2019-07-11T21:42:06.542Z,1,8,false
2019-07-11T21:42:16.230Z,1,9,false
2019-07-11T21:42:55.994Z,1,1,false
2019-07-11T21:43:06.506Z,1,2,false
2019-07-11T21:43:15.097Z,1,3,false
2019-07-11T21:43:24.104Z,1,4,false
2019-07-11T21:43:34.921Z,1,5,false
2019-07-11T21:43:45.527Z,1,6,false
2019-07-11T21:43:56.546Z,1,7,false
2019-07-11T21:44:06.045Z,1,8,false
2019-07-11T21:44:15.774Z,1,9,false
2019-07-11T21:44:54.255Z,1,1,false
2019-07-11T21:45:04.758Z,1,2,false
2019-07-11T21:45:13.206Z,1,3,false
2019-07-11T21:45:23.341Z,1,4,false
2019-07-11T21:45:32.782Z,1,5,false
2019-07-11T21:45:43.220Z,1,6,false
2019-07-11T21:45:53.408Z,1,7,false
2019-07-11T21:46:03.357Z,1,8,false
2019-07-11T21:46:11.996Z,1,9,false
2019-07-11T21:46:50.213Z,1,1,false
2019-07-11T21:47:00.586Z,1,2,false
2019-07-11T21:47:10.794Z,1,3,false
2019-07-11T21:47:21.640Z,1,4,false
2019-07-11T21:47:32.769Z,1,5,false
2019-07-11T21:47:43.362Z,1,6,false
2019-07-11T21:47:54.024Z,1,7,false
2019-07-11T21:48:03.148Z,1,8,false
2019-07-11T21:48:12.798Z,1,9,false
2019-07-11T21:48:52.616Z,1,1,false
2019-07-11T21:49:02.237Z,1,2,false
2019-07-11T21:49:11.631Z,1,3,false
2019-07-11T21:49:21.173Z,1,4,false
2019-07-11T21:49:31.752Z,1,5,false
2019-07-11T21:49:41.743Z,1,6,false
2019-07-11T21:49:51.692Z,1,7,false
2019-07-11T21:50:01.097Z,1,8,false
2019-07-11T21:50:11.264Z,1,9,false
2019-07-11T21:50:49.374Z,1,1,false
2019-07-11T21:50:58.989Z,1,2,false
2019-07-11T21:51:09.066Z,1,3,false
2019-07-11T21:51:19.597Z,1,4,false
2019-07-11T21:51:30.706Z,1,5,false
2019-07-11T21:51:41.235Z,1,6,false
2019-07-11T21:51:52.191Z,1,7,false
2019-07-11T21:52:02.389Z,1,8,false
2019-07-11T21:52:10.612Z,1,9,false
2019-07-11T21:52:48.803Z,1,1,false
2019-07-11T21:52:59.376Z,1,2,false
2019-07-11T21:53:09.558Z,1,3,false
2019-07-11T21:53:19.875Z,1,4,false
2019-07-11T21:53:30.325Z,1,5,false
2019-07-11T21:53:38.879Z,1,6,false
2019-07-11T21:53:49.598Z,1,7,false
2019-07-11T21:53:59.297Z,1,8,false
2019-07-11T21:54:09.003Z,1,9,false
2019-07-11T21:54:47.492Z,1,1,false
2019-07-11T21:54:58.012Z,1,2,false
2019-07-11T21:55:07.634Z,1,3,false
2019-07-11T21:55:17.755Z,1,4,false
2019-07-11T21:55:28.939Z,1,5,false
2019-07-11T21:55:39.074Z,1,6,false
2019-07-11T21:55:49.974Z,1,7,false
2019-07-11T21:55:59.702Z,1,8,false
2019-07-11T21:56:08.006Z,1,9,false
2019-07-11T21:56:46.199Z,1,1,false
2019-07-11T21:56:55.600Z,1,2,false
2019-07-11T21:57:05.440Z,1,3,false
2019-07-11T21:57:15.885Z,1,4,false
2019-07-11T21:57:25.262Z,1,5,false
2019-07-11T21:57:35.240Z,1,6,false
2019-07-11T21:57:45.439Z,1,7,false
2019-07-11T21:57:54.933Z,1,8,false
2019-07-11T21:58:04.798Z,1,9,false
2019-07-11T21:58:44.244Z,1,1,false
2019-07-11T21:58:54.309Z,1,2,false
2019-07-11T21:59:03.711Z,1,3,false
2019-07-11T21:59:13.367Z,1,4,false
2019-07-11T21:59:24.989Z,1,5,false
2019-07-11T21:59:34.603Z,1,6,false
2019-07-11T21:59:44.774Z,1,7,false
2019-07-11T21:59:54.657Z,1,8,false
2019-07-11T22:00:04.779Z,1,9,false
2019-07-11T22:00:43.335Z,1,1,false
2019-07-11T22:00:53.416Z,1,2,false
2019-07-11T22:01:03.430Z,1,3,false
2019-07-11T22:01:14.157Z,1,4,false
2019-07-11T22:01:25.520Z,1,5,false
2019-07-11T22:01:36.048Z,1,6,false
2019-07-11T22:01:46.857Z,1,7,false
2019-07-11T22:01:56.627Z,1,8,false
2019-07-11T22:02:07.372Z,1,9,false
2019-07-11T22:02:45.655Z,1,1,false
2019-07-11T22:02:56.270Z,1,2,false
2019-07-11T22:03:06.541Z,1,3,false
2019-07-11T22:03:16.582Z,1,4,false
2019-07-11T22:03:27.447Z,1,5,false
2019-07-11T22:03:37.543Z,1,6,false
2019-07-11T22:03:48.372Z,1,7,false
2019-07-11T22:03:58.721Z,1,8,false
2019-07-11T22:04:09.319Z,1,9,false
2019-07-11T22:04:47.883Z,1,1,false
2019-07-11T22:04:56.820Z,1,2,false
2019-07-11T22:05:06.931Z,1,3,false
2019-07-11T22:05:17.765Z,1,4,false
2019-07-11T22:05:28.660Z,1,5,false
2019-07-11T22:05:38.291Z,1,6,false
2019-07-11T22:05:47.860Z,1,7,false
2019-07-11T22:05:57.589Z,1,8,false
2019-07-11T22:06:07.708Z,1,9,false
2019-07-11T22:06:47.776Z,1,1,false
2019-07-11T22:06:56.973Z,1,2,false
2019-07-11T22:07:06.926Z,1,3,false
2019-07-11T22:07:18.496Z,1,4,false
2019-07-11T22:07:29.631Z,1,5,false
2019-07-11T22:07:40.078Z,1,6,false
2019-07-11T22:07:50.614Z,1,7,false
2019-07-11T22:08:00.212Z,1,8,false
2019-07-11T22:08:10.124Z,1,9,false
2019-07-11T22:08:48.443Z,1,1,false
2019-07-11T22:08:59.032Z,1,2,false
2019-07-11T22:09:09.277Z,1,3,false
2019-07-11T22:09:19.989Z,1,4,false
2019-07-11T22:09:29.337Z,1,5,false
2019-07-11T22:09:39.094Z,1,6,false
2019-07-11T22:09:48.030Z,1,7,false
2019-07-11T22:09:57.739Z,1,8,false
2019-07-11T22:10:08.038Z,1,9,false
2019-07-11T22:10:47.847Z,1,1,false
2019-07-11T22:10:57.879Z,1,2,false
2019-07-11T22:11:07.557Z,1,3,false
2019-07-11T22:11:19.359Z,1,4,false
2019-07-11T22:11:29.634Z,1,5,false
2019-07-11T22:11:39.346Z,1,6,false
2019-07-11T22:11:49.713Z,1,7,false
2019-07-11T22:11:59.297Z,1,8,false
2019-07-11T22:12:09.784Z,1,9,false
2019-07-11T22:12:48.398Z,1,1,false
2019-07-11T22:12:58.404Z,1,2,false
2019-07-11T22:13:07.558Z,1,3,false
2019-07-11T22:13:17.303Z,1,4,false
2019-07-11T22:13:27.226Z,1,5,false
2019-07-11T22:13:37.009Z,1,6,false
2019-07-11T22:13:47.310Z,1,7,false
2019-07-11T22:13:56.683Z,1,8,false
2019-07-11T22:14:06.529Z,1,9,false
2019-07-11T22:14:46.307Z,1,1,false
2019-07-11T22:14:56.191Z,1,2,false
2019-07-11T22:15:05.571Z,1,3,false
2019-07-11T22:15:16.110Z,1,4,false
2019-07-11T22:15:26.864Z,1,5,false
2019-07-11T22:15:36.700Z,1,6,false
2019-07-11T22:15:47.434Z,1,7,false
2019-07-11T22:15:56.798Z,1,8,false
2019-07-11T22:16:06.635Z,1,9,false
2019-07-11T22:16:44.833Z,1,1,false
2019-07-11T22:16:55.067Z,1,2,false
2019-07-11T22:17:04.915Z,1,3,false
2019-07-11T22:17:15.151Z,1,4,false
2019-07-11T22:17:25.429Z,1,5,false
2019-07-11T22:17:35.171Z,1,6,false
2019-07-11T22:17:44.501Z,1,7,false
2019-07-11T22:17:54.174Z,1,8,false
2019-07-11T22:18:04.100Z,1,9,false
2019-07-11T22:18:43.122Z,1,1,false
2019-07-11T22:18:52.254Z,1,2,false
2019-07-11T22:19:02.121Z,1,3,false
2019-07-11T22:19:12.270Z,1,4,false
2019-07-11T22:19:22.482Z,1,5,false
2019-07-11T22:19:32.556Z,1,6,false
2019-07-11T22:19:42.883Z,1,7,false
2019-07-11T22:19:52.621Z,1,8,false
2019-07-11T22:20:02.444Z,1,9,false
2019-07-11T22:20:41.986Z,1,1,false
2019-07-11T22:20:51.560Z,1,2,false
2019-07-11T22:21:00.857Z,1,3,false
2019-07-11T22:21:11.073Z,1,4,false
2019-07-11T22:21:21.422Z,1,5,false
2019-07-11T22:21:31.709Z,1,6,false
2019-07-11T22:21:41.328Z,1,7,false
2019-07-11T22:21:50.926Z,1,8,false
2019-07-11T22:22:01.483Z,1,9,false
2019-07-11T22:22:41.997Z,1,1,false
2019-07-11T22:22:51.541Z,1,2,false
2019-07-11T22:23:01.586Z,1,3,false
2019-07-11T22:23:12.440Z,1,4,false
2019-07-11T22:23:23.413Z,1,5,false
2019-07-11T22:23:33.809Z,1,6,false
2019-07-11T22:23:44.178Z,1,7,false
2019-07-11T22:23:54.258Z,1,8,false
2019-07-11T22:24:03.149Z,1,9,false
2019-07-11T22:24:42.788Z,1,1,false
2019-07-11T22:24:50.713Z,1,2,false
2019-07-11T22:25:00.559Z,1,3,false
2019-07-11T22:25:09.790Z,1,4,false
2019-07-11T22:25:19.984Z,1,5,false
2019-07-11T22:25:30.060Z,1,6,false
2019-07-11T22:25:39.329Z,1,7,false
2019-07-11T22:25:48.115Z,1,8,false
2019-07-11T22:25:58.273Z,1,9,false
2019-07-11T22:26:38.359Z,1,1,false
2019-07-11T22:26:47.554Z,1,2,false
2019-07-11T22:26:56.799Z,1,3,false
2019-07-11T22:27:07.165Z,1,4,false
2019-07-11T22:27:17.640Z,1,5,false
2019-07-11T22:27:27.346Z,1,6,false
2019-07-11T22:27:37.668Z,1,7,false
2019-07-11T22:27:47.847Z,1,8,false
2019-07-11T22:27:58.171Z,1,9,false
2019-07-11T22:28:38.435Z,1,1,false
2019-07-11T22:28:47.702Z,1,2,false
2019-07-11T22:28:56.509Z,1,3,false
2019-07-11T22:29:07.060Z,1,4,false
2019-07-11T22:29:16.531Z,1,5,false
2019-07-11T22:29:26.222Z,1,6,false
2019-07-11T22:29:36.967Z,1,7,false
2019-07-11T22:29:47.203Z,1,8,false
2019-07-11T22:29:57.294Z,1,9,false
2019-07-11T22:30:37.299Z,1,1,false
2019-07-11T22:30:47.483Z,1,2,false
2019-07-11T22:30:57.710Z,1,3,false
2019-07-11T22:31:08.038Z,1,4,false
2019-07-11T22:31:18.754Z,1,5,false
2019-07-11T22:31:28.740Z,1,6,false
2019-07-11T22:31:38.516Z,1,7,false
2019-07-11T22:31:48.391Z,1,8,false
2019-07-11T22:31:58.476Z,1,9,false
2019-07-11T22:32:37.788Z,1,1,false
2019-07-11T22:32:47.276Z,1,2,false
2019-07-11T22:32:57.139Z,1,3,false
2019-07-11T22:33:07.419Z,1,4,false
2019-07-11T22:33:18.111Z,1,5,false
2019-07-11T22:33:28.044Z,1,6,false
2019-07-11T22:33:37.667Z,1,7,false
2019-07-11T22:33:47.824Z,1,8,false
2019-07-11T22:33:58.106Z,1,9,false
2019-07-11T22:34:38.419Z,1,1,false
2019-07-11T22:34:47.434Z,1,2,false
2019-07-11T22:34:56.744Z,1,3,false
2019-07-11T22:35:07.015Z,1,4,false
2019-07-11T22:35:16.990Z,1,5,false
2019-07-11T22:35:27.096Z,1,6,false
2019-07-11T22:35:36.452Z,1,7,false
2019-07-11T22:35:46.513Z,1,8,false
2019-07-11T22:35:56.619Z,1,9,false
2019-07-11T22:36:36.870Z,1,1,false
2019-07-11T22:36:46.661Z,1,2,false
2019-07-11T22:36:55.667Z,1,3,false
2019-07-11T22:37:06.007Z,1,4,false
2019-07-11T22:37:16.488Z,1,5,false
2019-07-11T22:37:26.270Z,1,6,false
2019-07-11T22:37:36.296Z,1,7,false
2019-07-11T22:37:46.365Z,1,8,false
2019-07-11T22:37:56.041Z,1,9,false
2019-07-11T22:38:36.190Z,1,1,false
2019-07-11T22:38:45.186Z,1,2,false
2019-07-11T22:38:54.434Z,1,3,false
2019-07-11T22:39:04.113Z,1,4,false
2019-07-11T22:39:14.472Z,1,5,false
2019-07-11T22:39:24.510Z,1,6,false
2019-07-11T22:39:33.449Z,1,7,false
2019-07-11T22:39:43.282Z,1,8,false
2019-07-11T22:39:52.546Z,1,9,false
2019-07-11T22:40:32.744Z,1,1,false
2019-07-11T22:40:41.567Z,1,2,false
2019-07-11T22:40:50.827Z,1,3,false
2019-07-11T22:41:01.069Z,1,4,false
2019-07-11T22:41:11.034Z,1,5,false
2019-07-11T22:41:21.077Z,1,6,false
2019-07-11T22:41:31.283Z,1,7,false
2019-07-11T22:41:41.465Z,1,8,false
2019-07-11T22:41:52.050Z,1,9,false
2019-07-11T22:42:32.328Z,1,1,false
2019-07-11T22:42:40.171Z,1,2,false
2019-07-11T22:42:50.046Z,1,3,false
2019-07-11T22:42:59.998Z,1,4,false
2019-07-11T22:43:10.287Z,1,5,false
2019-07-11T22:43:20.631Z,1,6,false
2019-07-11T22:43:30.625Z,1,7,false
2019-07-11T22:43:40.354Z,1,8,false
2019-07-11T22:43:50.813Z,1,9,false
2019-07-11T22:44:31.064Z,1,1,false
2019-07-11T22:44:38.896Z,1,2,false
2019-07-11T22:44:48.889Z,1,3,false
2019-07-11T22:44:59.334Z,1,4,false
2019-07-11T22:45:10.215Z,1,5,false
2019-07-11T22:45:20.197Z,1,6,false
2019-07-11T22:45:30.958Z,1,7,false
2019-07-11T22:45:41.125Z,1,8,false
2019-07-11T22:45:51.105Z,1,9,false
2019-07-11T22:46:31.504Z,1,1,false
2019-07-11T22:46:39.361Z,1,2,false
2019-07-11T22:46:49.469Z,1,3,false
2019-07-11T22:47:00.206Z,1,4,false
2019-07-11T22:47:11.191Z,1,5,false
2019-07-11T22:47:21.057Z,1,6,false
2019-07-11T22:47:31.606Z,1,7,false
2019-07-11T22:47:41.832Z,1,8,false
2019-07-11T22:47:52.456Z,1,9,false
2019-07-11T22:48:32.995Z,1,1,false
2019-07-11T22:48:41.207Z,1,2,false
2019-07-11T22:48:50.457Z,1,3,false
2019-07-11T22:49:01.102Z,1,4,false
2019-07-11T22:49:11.626Z,1,5,false
2019-07-11T22:49:20.588Z,1,6,false
2019-07-11T22:49:31.000Z,1,7,false
2019-07-11T22:49:40.671Z,1,8,false
2019-07-11T22:49:50.857Z,1,9,false
2019-07-11T22:50:30.714Z,1,1,false
2019-07-11T22:50:38.580Z,1,2,false
2019-07-11T22:50:48.197Z,1,3,false
2019-07-11T22:50:58.333Z,1,4,false
2019-07-11T22:51:08.803Z,1,5,false
2019-07-11T22:51:17.872Z,1,6,false
2019-07-11T22:51:28.255Z,1,7,false
2019-07-11T22:51:38.225Z,1,8,false
2019-07-11T22:51:48.669Z,1,9,false
2019-07-11T22:52:28.338Z,1,1,false
2019-07-11T22:52:36.203Z,1,2,false
2019-07-11T22:52:44.651Z,1,3,false
2019-07-11T22:52:54.913Z,1,4,false
2019-07-11T22:53:03.794Z,1,5,false
2019-07-11T22:53:13.623Z,1,6,false
2019-07-11T22:53:23.661Z,1,7,false
2019-07-11T22:53:33.588Z,1,8,false
2019-07-11T22:53:43.958Z,1,9,false
2019-07-11T22:54:23.237Z,1,1,false
2019-07-11T22:54:31.090Z,1,2,false
2019-07-11T22:54:39.166Z,1,3,false
2019-07-11T22:54:49.753Z,1,4,false
2019-07-11T22:55:00.485Z,1,5,false
2019-07-11T22:55:10.491Z,1,6,false
2019-07-11T22:55:20.604Z,1,7,false
2019-07-11T22:55:30.505Z,1,8,false
2019-07-11T22:55:40.601Z,1,9,false
2019-07-11T22:56:20.366Z,1,1,false
2019-07-11T22:56:28.257Z,1,2,false
2019-07-11T22:56:37.481Z,1,3,false
2019-07-11T22:56:47.465Z,1,4,false
2019-07-11T22:56:57.677Z,1,5,false
2019-07-11T22:57:07.529Z,1,6,false
2019-07-11T22:57:18.034Z,1,7,false
2019-07-11T22:57:27.491Z,1,8,false
2019-07-11T22:57:37.510Z,1,9,false
2019-07-11T22:58:17.965Z,1,1,false
2019-07-11T22:58:25.833Z,1,2,false
2019-07-11T22:58:33.378Z,1,3,false
2019-07-11T22:58:44.223Z,1,4,false
2019-07-11T22:58:54.764Z,1,5,false
2019-07-11T22:59:04.771Z,1,6,false
2019-07-11T22:59:15.187Z,1,7,false
2019-07-11T22:59:24.606Z,1,8,false
2019-07-11T22:59:34.716Z,1,9,false
2019-07-11T23:00:15.182Z,1,1,false
2019-07-11T23:00:23.020Z,1,2,false
2019-07-11T23:00:30.619Z,1,3,false
2019-07-11T23:00:40.905Z,1,4,false
2019-07-11T23:00:51.738Z,1,5,false
2019-07-11T23:01:02.100Z,1,6,false
2019-07-11T23:01:12.698Z,1,7,false
2019-07-11T23:01:22.083Z,1,8,false
2019-07-11T23:01:32.601Z,1,9,false
2019-07-11T23:02:13.013Z,1,1,false
2019-07-11T23:02:22.577Z,1,2,false
2019-07-11T23:02:30.778Z,1,3,false
2019-07-11T23:02:41.401Z,1,4,false
2019-07-11T23:02:51.631Z,1,5,false
2019-07-11T23:03:01.494Z,1,6,false
2019-07-11T23:03:11.771Z,1,7,false
2019-07-11T23:03:21.744Z,1,8,false
2019-07-11T23:03:32.090Z,1,9,false
2019-07-11T23:04:12.461Z,1,1,false
2019-07-11T23:04:20.361Z,1,2,false
2019-07-11T23:04:28.021Z,1,3,false
2019-07-11T23:04:38.381Z,1,4,false
2019-07-11T23:04:49.212Z,1,5,false
2019-07-11T23:04:59.540Z,1,6,false
2019-07-11T23:05:09.693Z,1,7,false
2019-07-11T23:05:19.142Z,1,8,false
2019-07-11T23:05:28.592Z,1,9,false
2019-07-11T23:06:08.414Z,1,1,false
2019-07-11T23:06:17.799Z,1,2,false
2019-07-11T23:06:27.024Z,1,3,false
2019-07-11T23:06:36.834Z,1,4,false
2019-07-11T23:06:47.557Z,1,5,false
2019-07-11T23:06:57.484Z,1,6,false
2019-07-11T23:07:07.494Z,1,7,false
2019-07-11T23:07:16.934Z,1,8,false
2019-07-11T23:07:25.471Z,1,9,false
2019-07-11T23:08:05.341Z,1,1,false
2019-07-11T23:08:13.320Z,1,2,false
2019-07-11T23:08:22.643Z,1,3,false
2019-07-11T23:08:33.231Z,1,4,false
2019-07-11T23:08:43.362Z,1,5,false
2019-07-11T23:08:53.688Z,1,6,false
2019-07-11T23:09:03.150Z,1,7,false
2019-07-11T23:09:12.830Z,1,8,false
2019-07-11T23:09:22.398Z,1,9,false
2019-07-11T23:10:02.093Z,1,1,false
2019-07-11T23:10:10.998Z,1,2,false
2019-07-11T23:10:18.629Z,1,3,false
2019-07-11T23:10:34.874Z,1,4,false
2019-07-11T23:10:45.457Z,1,5,false
2019-07-11T23:10:53.697Z,1,6,false
2019-07-11T23:11:03.762Z,1,7,false
2019-07-11T23:11:13.404Z,1,8,false
2019-07-11T23:11:23.450Z,1,9,false
2019-07-11T23:12:02.660Z,1,1,false
2019-07-11T23:12:10.503Z,1,2,false
2019-07-11T23:12:19.724Z,1,3,false
2019-07-11T23:12:30.241Z,1,4,false
2019-07-11T23:12:40.876Z,1,5,false
2019-07-11T23:12:51.182Z,1,6,false
2019-07-11T23:13:01.057Z,1,7,false
2019-07-11T23:13:10.544Z,1,8,false
2019-07-11T23:13:20.590Z,1,9,false
2019-07-11T23:14:00.849Z,1,1,false
2019-07-11T23:14:08.766Z,1,2,false
2019-07-11T23:14:16.377Z,1,3,false
2019-07-11T23:14:26.864Z,1,4,false
2019-07-11T23:14:37.621Z,1,5,false
2019-07-11T23:14:47.763Z,1,6,false
2019-07-11T23:14:57.794Z,1,7,false
2019-07-11T23:15:06.336Z,1,8,false
2019-07-11T23:15:16.478Z,1,9,false
2019-07-11T23:15:56.378Z,1,1,false
2019-07-11T23:16:04.306Z,1,2,false
2019-07-11T23:16:13.296Z,1,3,false
2019-07-11T23:16:23.882Z,1,4,false
2019-07-11T23:16:33.810Z,1,5,false
2019-07-11T23:16:44.048Z,1,6,false
2019-07-11T23:16:54.236Z,1,7,false
2019-07-11T23:17:03.496Z,1,8,false
2019-07-11T23:17:13.481Z,1,9,false
2019-07-11T23:17:53.733Z,1,1,false
2019-07-11T23:18:01.609Z,1,2,false
2019-07-11T23:18:09.228Z,1,3,false
2019-07-11T23:18:19.772Z,1,4,false
2019-07-11T23:18:30.688Z,1,5,false
2019-07-11T23:18:39.991Z,1,6,false
2019-07-11T23:18:50.321Z,1,7,false
2019-07-11T23:19:00.272Z,1,8,false
2019-07-11T23:19:10.745Z,1,9,false
2019-07-11T23:19:50.930Z,1,1,false
2019-07-11T23:19:58.895Z,1,2,false
2019-07-11T23:20:06.496Z,1,3,false
2019-07-11T23:20:17.127Z,1,4,false
2019-07-11T23:20:28.160Z,1,5,false
2019-07-11T23:20:38.589Z,1,6,false
2019-07-11T23:20:49.208Z,1,7,false
2019-07-11T23:20:59.301Z,1,8,false
2019-07-11T23:21:09.716Z,1,9,false
2019-07-11T23:21:48.946Z,1,1,false
2019-07-11T23:21:56.758Z,1,2,false
2019-07-11T23:22:04.594Z,1,3,false
2019-07-11T23:22:14.937Z,1,4,false
2019-07-11T23:22:25.694Z,1,5,false
2019-07-11T23:22:35.212Z,1,6,false
2019-07-11T23:22:45.777Z,1,7,false
2019-07-11T23:22:55.628Z,1,8,false
2019-07-11T23:23:05.230Z,1,9,false
2019-07-11T23:23:45.546Z,1,1,false
2019-07-11T23:23:55.003Z,1,2,false
2019-07-11T23:24:02.596Z,1,3,false
2019-07-11T23:24:12.288Z,1,4,false
2019-07-11T23:24:21.314Z,1,5,false
2019-07-11T23:24:30.590Z,1,6,false
2019-07-11T23:24:40.249Z,1,7,false
2019-07-11T23:24:50.134Z,1,8,false
2019-07-11T23:25:00.541Z,1,9,false
2019-07-11T23:25:40.948Z,1,1,false
2019-07-11T23:25:48.816Z,1,2,false
2019-07-11T23:25:56.441Z,1,3,false
2019-07-11T23:26:05.131Z,1,4,false
2019-07-11T23:26:16.056Z,1,5,false
2019-07-11T23:26:25.821Z,1,6,false
2019-07-11T23:26:36.420Z,1,7,false
2019-07-11T23:26:46.625Z,1,8,false
2019-07-11T23:26:57.156Z,1,9,false
2019-07-11T23:27:37.524Z,1,1,false
2019-07-11T23:27:47.255Z,1,2,false
2019-07-11T23:27:54.862Z,1,3,false
2019-07-11T23:28:03.155Z,1,4,false
2019-07-11T23:28:13.431Z,1,5,false
2019-07-11T23:28:23.760Z,1,6,false
2019-07-11T23:28:32.260Z,1,7,false
2019-07-11T23:28:42.195Z,1,8,false
2019-07-11T23:28:52.585Z,1,9,false
2019-07-11T23:29:32.140Z,1,1,false
2019-07-11T23:29:40.755Z,1,2,false
2019-07-11T23:29:48.399Z,1,3,false
2019-07-11T23:29:56.667Z,1,4,false
2019-07-11T23:30:06.742Z,1,5,false
2019-07-11T23:30:16.410Z,1,6,false
2019-07-11T23:30:26.523Z,1,7,false
2019-07-11T23:30:36.328Z,1,8,false
2019-07-11T23:30:46.759Z,1,9,false
2019-07-11T23:31:26.535Z,1,1,false
2019-07-11T23:31:34.444Z,1,2,false
2019-07-11T23:31:43.030Z,1,3,false
2019-07-11T23:31:51.354Z,1,4,false
2019-07-11T23:31:59.862Z,1,5,false
2019-07-11T23:32:09.763Z,1,6,false
2019-07-11T23:32:20.022Z,1,7,false
2019-07-11T23:32:30.248Z,1,8,false
2019-07-11T23:32:40.616Z,1,9,false
2019-07-11T23:33:20.873Z,1,1,false
2019-07-11T23:33:30.442Z,1,2,false
2019-07-11T23:33:37.987Z,1,3,false
2019-07-11T23:33:47.591Z,1,4,false
2019-07-11T23:33:56.071Z,1,5,false
2019-07-11T23:34:05.934Z,1,6,false
2019-07-11T23:34:16.470Z,1,7,false
2019-07-11T23:34:25.776Z,1,8,false
2019-07-11T23:34:35.233Z,1,9,false
2019-07-11T23:35:14.302Z,1,1,false
2019-07-11T23:35:23.734Z,1,2,false
2019-07-11T23:35:31.388Z,1,3,false
2019-07-11T23:35:39.659Z,1,4,false
2019-07-11T23:35:48.505Z,1,5,false
2019-07-11T23:35:58.198Z,1,6,false
2019-07-11T23:36:08.538Z,1,7,false
2019-07-11T23:36:17.996Z,1,8,false
2019-07-11T23:36:28.110Z,1,9,false
2019-07-11T23:37:07.778Z,1,1,false
2019-07-11T23:37:17.932Z,1,2,false
2019-07-11T23:37:27.142Z,1,3,false
2019-07-11T23:37:37.170Z,1,4,false
2019-07-11T23:37:47.226Z,1,5,false
2019-07-11T23:37:57.372Z,1,6,false
2019-07-11T23:38:07.892Z,1,7,false
2019-07-11T23:38:17.948Z,1,8,false
2019-07-11T23:38:28.036Z,1,9,false
2019-07-11T23:39:07.677Z,1,1,false
2019-07-11T23:39:17.733Z,1,2,false
2019-07-11T23:39:25.483Z,1,3,false
2019-07-11T23:39:33.758Z,1,4,false
2019-07-11T23:39:42.321Z,1,5,false
2019-07-11T23:39:51.535Z,1,6,false
2019-07-11T23:40:01.868Z,1,7,false
2019-07-11T23:40:12.002Z,1,8,false
2019-07-11T23:40:22.435Z,1,9,false
2019-07-11T23:41:02.635Z,1,1,false
2019-07-11T23:41:11.916Z,1,2,false
2019-07-11T23:41:19.920Z,1,3,false
2019-07-11T23:41:29.816Z,1,4,false
2019-07-11T23:41:38.310Z,1,5,false
2019-07-11T23:41:47.594Z,1,6,false
2019-07-11T23:41:57.979Z,1,7,false
2019-07-11T23:42:08.158Z,1,8,false
2019-07-11T23:42:18.558Z,1,9,false
2019-07-11T23:42:58.332Z,1,1,false
2019-07-11T23:43:07.908Z,1,2,false
2019-07-11T23:43:17.921Z,1,3,false
2019-07-11T23:43:26.240Z,1,4,false
2019-07-11T23:43:34.763Z,1,5,false
2019-07-11T23:43:42.848Z,1,6,false
2019-07-11T23:43:52.709Z,1,7,false
2019-07-11T23:44:02.600Z,1,8,false
2019-07-11T23:44:12.819Z,1,9,false
2019-07-11T23:44:52.502Z,1,1,false
2019-07-11T23:45:02.562Z,1,2,false
2019-07-11T23:45:11.622Z,1,3,false
2019-07-11T23:45:19.986Z,1,4,false
2019-07-11T23:45:29.100Z,1,5,false
2019-07-11T23:45:37.127Z,1,6,false
2019-07-11T23:45:46.964Z,1,7,false
2019-07-11T23:45:56.801Z,1,8,false
2019-07-11T23:46:07.101Z,1,9,false
2019-07-11T23:46:47.207Z,1,1,false
2019-07-11T23:46:56.773Z,1,2,false
2019-07-11T23:47:06.335Z,1,3,false
2019-07-11T23:47:16.078Z,1,4,false
2019-07-11T23:47:24.530Z,1,5,false
2019-07-11T23:47:32.576Z,1,6,false
2019-07-11T23:47:40.790Z,1,7,false
2019-07-11T23:47:51.000Z,1,8,false
2019-07-11T23:48:01.516Z,1,9,false
2019-07-11T23:48:41.896Z,1,1,false
2019-07-11T23:48:52.157Z,1,2,false
2019-07-11T23:49:02.136Z,1,3,false
2019-07-11T23:49:12.803Z,1,4,false
2019-07-11T23:49:21.300Z,1,5,false
2019-07-11T23:49:29.344Z,1,6,false
2019-07-11T23:49:39.141Z,1,7,false
2019-07-11T23:49:49.076Z,1,8,false
2019-07-11T23:49:59.528Z,1,9,false
2019-07-11T23:50:38.139Z,1,1,false
2019-07-11T23:50:48.396Z,1,2,false
2019-07-11T23:50:58.244Z,1,3,false
2019-07-11T23:51:08.412Z,1,4,false
2019-07-11T23:51:17.903Z,1,5,false
2019-07-11T23:51:25.943Z,1,6,false
2019-07-11T23:51:34.090Z,1,7,false
2019-07-11T23:51:41.901Z,1,8,false
2019-07-11T23:51:52.299Z,1,9,false
2019-07-11T23:52:32.336Z,1,1,false
2019-07-11T23:52:42.407Z,1,2,false
2019-07-11T23:52:51.696Z,1,3,false
2019-07-11T23:53:01.231Z,1,4,false
2019-07-11T23:53:10.922Z,1,5,false
2019-07-11T23:53:18.960Z,1,6,false
2019-07-11T23:53:27.151Z,1,7,false
2019-07-11T23:53:34.842Z,1,8,false
2019-07-11T23:53:45.036Z,1,9,false
2019-07-11T23:54:25.384Z,1,1,false
2019-07-11T23:54:35.696Z,1,2,false
2019-07-11T23:54:45.548Z,1,3,false
2019-07-11T23:54:55.888Z,1,4,false
2019-07-11T23:55:06.043Z,1,5,false
2019-07-11T23:55:15.648Z,1,6,false
2019-07-11T23:55:23.929Z,1,7,false
2019-07-11T23:55:31.674Z,1,8,false
2019-07-11T23:55:41.400Z,1,9,false
2019-07-11T23:56:21.031Z,1,1,false
2019-07-11T23:56:31.150Z,1,2,false
2019-07-11T23:56:40.973Z,1,3,false
2019-07-11T23:56:51.578Z,1,4,false
2019-07-11T23:57:01.671Z,1,5,false
2019-07-11T23:57:11.166Z,1,6,false
2019-07-11T23:57:19.353Z,1,7,false
2019-07-11T23:57:28.811Z,1,8,false
2019-07-11T23:57:36.979Z,1,9,false
2019-07-11T23:58:17.100Z,1,1,false
2019-07-11T23:58:26.495Z,1,2,false
2019-07-11T23:58:36.291Z,1,3,false
2019-07-11T23:58:46.380Z,1,4,false
2019-07-11T23:58:56.587Z,1,5,false
2019-07-11T23:59:06.817Z,1,6,false
2019-07-11T23:59:17.309Z,1,7,false
2019-07-11T23:59:37.866Z,1,8,false
2019-07-11T23:59:54.185Z,1,9,false
2019-07-12T00:00:34.959Z,1,1,false
2019-07-12T00:00:45.443Z,1,2,false
2019-07-12T00:00:55.661Z,1,3,false
2019-07-12T00:01:06.275Z,1,4,false
2019-07-12T00:01:17.277Z,1,5,false
2019-07-12T00:01:27.005Z,1,6,false
2019-07-12T00:01:37.612Z,1,7,false
2019-07-12T00:01:47.868Z,1,8,false
2019-07-12T00:01:56.005Z,1,9,false
2019-07-12T00:02:34.144Z,1,1,false
2019-07-12T00:02:44.292Z,1,2,false
2019-07-12T00:02:53.042Z,1,3,false
2019-07-12T00:03:03.383Z,1,4,false
2019-07-12T00:03:14.153Z,1,5,false
2019-07-12T00:03:23.314Z,1,6,false
2019-07-12T00:03:33.550Z,1,7,false
2019-07-12T00:03:41.731Z,1,8,false
2019-07-12T00:03:51.912Z,1,9,false
2019-07-12T00:04:31.666Z,1,1,false
2019-07-12T00:04:41.480Z,1,2,false
2019-07-12T00:04:51.153Z,1,3,false
2019-07-12T00:05:01.100Z,1,4,false
2019-07-12T00:05:09.923Z,1,5,false
2019-07-12T00:05:19.678Z,1,6,false
2019-07-12T00:05:30.270Z,1,7,false
2019-07-12T00:05:40.219Z,1,8,false
2019-07-12T00:05:48.500Z,1,9,false
2019-07-12T00:06:26.568Z,1,1,false
2019-07-12T00:06:36.727Z,1,2,false
2019-07-12T00:06:46.762Z,1,3,false
2019-07-12T00:06:57.474Z,1,4,false
2019-07-12T00:07:07.559Z,1,5,false
2019-07-12T00:07:17.951Z,1,6,false
2019-07-12T00:07:28.212Z,1,7,false
2019-07-12T00:07:37.717Z,1,8,false
2019-07-12T00:07:47.310Z,1,9,false
2019-07-12T00:08:25.346Z,1,1,false
2019-07-12T00:08:34.882Z,1,2,false
2019-07-12T00:08:44.358Z,1,3,false
2019-07-12T00:08:53.525Z,1,4,false
2019-07-12T00:09:03.948Z,1,5,false
2019-07-12T00:09:14.399Z,1,6,false
2019-07-12T00:09:24.388Z,1,7,false
2019-07-12T00:09:33.787Z,1,8,false
2019-07-12T00:09:44.089Z,1,9,false
2019-07-12T00:10:22.169Z,1,1,false
2019-07-12T00:10:31.188Z,1,2,false
2019-07-12T00:10:40.751Z,1,3,false
2019-07-12T00:10:50.744Z,1,4,false
2019-07-12T00:11:01.393Z,1,5,false
2019-07-12T00:11:10.197Z,1,6,false
2019-07-12T00:11:21.492Z,1,7,false
2019-07-12T00:11:31.102Z,1,8,false
2019-07-12T00:11:39.269Z,1,9,false
2019-07-12T00:12:18.095Z,1,1,false
2019-07-12T00:12:27.375Z,1,2,false
2019-07-12T00:12:36.987Z,1,3,false
2019-07-12T00:12:47.753Z,1,4,false
2019-07-12T00:12:58.560Z,1,5,false
2019-07-12T00:13:08.398Z,1,6,false
2019-07-12T00:13:18.514Z,1,7,false
2019-07-12T00:13:26.370Z,1,8,false
2019-07-12T00:13:35.620Z,1,9,false
2019-07-12T00:14:16.030Z,1,1,false
2019-07-12T00:14:25.827Z,1,2,false
2019-07-12T00:14:34.293Z,1,3,false
2019-07-12T00:14:44.308Z,1,4,false
2019-07-12T00:14:54.163Z,1,5,false
2019-07-12T00:15:03.864Z,1,6,false
2019-07-12T00:15:13.852Z,1,7,false
2019-07-12T00:15:23.287Z,1,8,false
2019-07-12T00:15:33.078Z,1,9,false
2019-07-12T00:16:12.683Z,1,1,false
2019-07-12T00:16:22.183Z,1,2,false
2019-07-12T00:16:32.188Z,1,3,false
2019-07-12T00:16:42.220Z,1,4,false
2019-07-12T00:16:52.630Z,1,5,false
2019-07-12T00:17:02.387Z,1,6,false
2019-07-12T00:17:12.062Z,1,7,false
2019-07-12T00:17:21.684Z,1,8,false
2019-07-12T00:17:29.848Z,1,9,false
2019-07-12T00:18:09.150Z,1,1,false
2019-07-12T00:18:19.489Z,1,2,false
2019-07-12T00:18:27.690Z,1,3,false
2019-07-12T00:18:37.476Z,1,4,false
2019-07-12T00:18:48.388Z,1,5,false
2019-07-12T00:18:58.661Z,1,6,false
2019-07-12T00:19:08.581Z,1,7,false
2019-07-12T00:19:18.299Z,1,8,false
2019-07-12T00:19:27.511Z,1,9,false
2019-07-12T00:20:07.271Z,1,1,false
2019-07-12T00:20:17.348Z,1,2,false
2019-07-12T00:20:26.844Z,1,3,false
2019-07-12T00:20:36.729Z,1,4,false
2019-07-12T00:20:47.847Z,1,5,false
2019-07-12T00:20:57.975Z,1,6,false
2019-07-12T00:21:07.979Z,1,7,false
2019-07-12T00:21:16.155Z,1,8,false
2019-07-12T00:21:25.172Z,1,9,false
2019-07-12T00:22:03.596Z,1,1,false
2019-07-12T00:22:12.895Z,1,2,false
2019-07-12T00:22:22.641Z,1,3,false
2019-07-12T00:22:32.129Z,1,4,false
2019-07-12T00:22:42.826Z,1,5,false
2019-07-12T00:22:52.836Z,1,6,false
2019-07-12T00:23:01.986Z,1,7,false
2019-07-12T00:23:11.798Z,1,8,false
2019-07-12T00:23:19.958Z,1,9,false
2019-07-12T00:23:58.074Z,1,1,false
2019-07-12T00:24:08.184Z,1,2,false
2019-07-12T00:24:16.953Z,1,3,false
2019-07-12T00:24:27.336Z,1,4,false
2019-07-12T00:24:37.885Z,1,5,false
2019-07-12T00:24:47.551Z,1,6,false
2019-07-12T00:24:57.617Z,1,7,false
2019-07-12T00:25:07.564Z,1,8,false
2019-07-12T00:25:15.711Z,1,9,false
2019-07-12T00:25:55.313Z,1,1,false
2019-07-12T00:26:04.846Z,1,2,false
2019-07-12T00:26:14.408Z,1,3,false
2019-07-12T00:26:23.429Z,1,4,false
2019-07-12T00:26:33.587Z,1,5,false
2019-07-12T00:26:43.497Z,1,6,false
2019-07-12T00:26:53.219Z,1,7,false
2019-07-12T00:27:02.324Z,1,8,false
2019-07-12T00:27:11.971Z,1,9,false
2019-07-12T00:27:50.062Z,1,1,false
2019-07-12T00:27:59.565Z,1,2,false
2019-07-12T00:28:08.832Z,1,3,false
2019-07-12T00:28:19.647Z,1,4,false
2019-07-12T00:28:30.080Z,1,5,false
2019-07-12T00:28:39.941Z,1,6,false
2019-07-12T00:28:49.004Z,1,7,false
2019-07-12T00:28:58.449Z,1,8,false
2019-07-12T00:29:08.998Z,1,9,false
2019-07-12T00:29:48.399Z,1,1,false
2019-07-12T00:29:57.752Z,1,2,false
2019-07-12T00:30:06.717Z,1,3,false
2019-07-12T00:30:17.149Z,1,4,false
2019-07-12T00:30:27.283Z,1,5,false
2019-07-12T00:30:37.074Z,1,6,false
2019-07-12T00:30:47.641Z,1,7,false
2019-07-12T00:30:57.562Z,1,8,false
2019-07-12T00:31:07.520Z,1,9,false
2019-07-12T00:31:46.734Z,1,1,false
2019-07-12T00:31:56.008Z,1,2,false
2019-07-12T00:32:05.728Z,1,3,false
2019-07-12T00:32:15.278Z,1,4,false
2019-07-12T00:32:25.395Z,1,5,false
2019-07-12T00:32:34.453Z,1,6,false
2019-07-12T00:32:45.008Z,1,7,false
2019-07-12T00:32:54.474Z,1,8,false
2019-07-12T00:33:04.530Z,1,9,false
2019-07-12T00:33:43.710Z,1,1,false
2019-07-12T00:33:53.208Z,1,2,false
2019-07-12T00:34:01.428Z,1,3,false
2019-07-12T00:34:12.095Z,1,4,false
2019-07-12T00:34:22.282Z,1,5,false
2019-07-12T00:34:32.046Z,1,6,false
2019-07-12T00:34:41.956Z,1,7,false
2019-07-12T00:34:51.459Z,1,8,false
2019-07-12T00:35:01.789Z,1,9,false
2019-07-12T00:35:42.235Z,1,1,false
2019-07-12T00:35:52.103Z,1,2,false
2019-07-12T00:36:01.751Z,1,3,false
2019-07-12T00:36:11.853Z,1,4,false
2019-07-12T00:36:21.583Z,1,5,false
2019-07-12T00:36:31.393Z,1,6,false
2019-07-12T00:36:41.512Z,1,7,false
2019-07-12T00:36:51.132Z,1,8,false
2019-07-12T00:37:01.338Z,1,9,false
2019-07-12T00:37:41.158Z,1,1,false
2019-07-12T00:37:49.061Z,1,2,false
2019-07-12T00:37:58.380Z,1,3,false
2019-07-12T00:38:08.291Z,1,4,false
2019-07-12T00:38:18.552Z,1,5,false
2019-07-12T00:38:28.232Z,1,6,false
2019-07-12T00:38:38.606Z,1,7,false
2019-07-12T00:38:48.891Z,1,8,false
2019-07-12T00:38:58.647Z,1,9,false
2019-07-12T00:39:38.811Z,1,1,false
2019-07-12T00:39:47.808Z,1,2,false
2019-07-12T00:39:57.940Z,1,3,false
2019-07-12T00:40:08.772Z,1,4,false
2019-07-12T00:40:19.761Z,1,5,false
2019-07-12T00:40:29.495Z,1,6,false
2019-07-12T00:40:39.299Z,1,7,false
2019-07-12T00:40:49.530Z,1,8,false
2019-07-12T00:40:59.770Z,1,9,false
2019-07-12T00:41:40.184Z,1,1,false
2019-07-12T00:41:48.472Z,1,2,false
2019-07-12T00:41:58.409Z,1,3,false
2019-07-12T00:42:09.170Z,1,4,false
2019-07-12T00:42:19.738Z,1,5,false
2019-07-12T00:42:30.269Z,1,6,false
2019-07-12T00:42:40.875Z,1,7,false
2019-07-12T00:42:51.094Z,1,8,false
2019-07-12T00:43:01.663Z,1,9,false
2019-07-12T00:43:42.090Z,1,1,false
2019-07-12T00:43:51.580Z,1,2,false
2019-07-12T00:44:00.920Z,1,3,false
2019-07-12T00:44:11.496Z,1,4,false
2019-07-12T00:44:22.353Z,1,5,false
2019-07-12T00:44:32.782Z,1,6,false
2019-07-12T00:44:42.488Z,1,7,false
2019-07-12T00:44:51.761Z,1,8,false
2019-07-12T00:45:01.768Z,1,9,false
2019-07-12T00:45:41.087Z,1,1,false
2019-07-12T00:45:50.572Z,1,2,false
2019-07-12T00:45:58.230Z,1,3,false
2019-07-12T00:46:08.206Z,1,4,false
2019-07-12T00:46:18.445Z,1,5,false
2019-07-12T00:46:28.504Z,1,6,false
2019-07-12T00:46:36.996Z,1,7,false
2019-07-12T00:46:46.992Z,1,8,false
2019-07-12T00:46:57.277Z,1,9,false
2019-07-12T00:47:37.332Z,1,1,false
2019-07-12T00:47:47.241Z,1,2,false
2019-07-12T00:47:54.867Z,1,3,false
2019-07-12T00:48:05.103Z,1,4,false
2019-07-12T00:48:15.150Z,1,5,false
2019-07-12T00:48:24.596Z,1,6,false
2019-07-12T00:48:34.624Z,1,7,false
2019-07-12T00:48:44.022Z,1,8,false
2019-07-12T00:48:53.991Z,1,9,false
2019-07-12T00:49:33.208Z,1,1,false
2019-07-12T00:49:41.963Z,1,2,false
2019-07-12T00:49:49.564Z,1,3,false
2019-07-12T00:49:59.826Z,1,4,false
2019-07-12T00:50:10.324Z,1,5,false
2019-07-12T00:50:20.198Z,1,6,false
2019-07-12T00:50:29.504Z,1,7,false
2019-07-12T00:50:39.193Z,1,8,false
2019-07-12T00:50:49.608Z,1,9,false
2019-07-12T00:51:29.875Z,1,1,false
2019-07-12T00:51:39.395Z,1,2,false
2019-07-12T00:51:49.130Z,1,3,false
2019-07-12T00:51:59.877Z,1,4,false
2019-07-12T00:52:10.635Z,1,5,false
2019-07-12T00:52:21.001Z,1,6,false
2019-07-12T00:52:31.579Z,1,7,false
2019-07-12T00:52:41.140Z,1,8,false
2019-07-12T00:52:51.231Z,1,9,false
2019-07-12T00:53:31.529Z,1,1,false
2019-07-12T00:53:39.446Z,1,2,false
2019-07-12T00:53:48.178Z,1,3,false
2019-07-12T00:53:58.247Z,1,4,false
2019-07-12T00:54:08.412Z,1,5,false
2019-07-12T00:54:18.063Z,1,6,false
2019-07-12T00:54:27.742Z,1,7,false
2019-07-12T00:54:36.889Z,1,8,false
2019-07-12T00:54:46.937Z,1,9,false
2019-07-12T00:55:26.905Z,1,1,false
2019-07-12T00:55:34.798Z,1,2,false
2019-07-12T00:55:44.504Z,1,3,false
2019-07-12T00:55:54.942Z,1,4,false
2019-07-12T00:56:05.617Z,1,5,false
2019-07-12T00:56:15.859Z,1,6,false
2019-07-12T00:56:25.579Z,1,7,false
2019-07-12T00:56:35.034Z,1,8,false
2019-07-12T00:56:45.639Z,1,9,false
2019-07-12T00:57:25.393Z,1,1,false
2019-07-12T00:57:33.282Z,1,2,false
2019-07-12T00:57:40.923Z,1,3,false
2019-07-12T00:57:51.795Z,1,4,false
2019-07-12T00:58:02.735Z,1,5,false
2019-07-12T00:58:13.335Z,1,6,false
2019-07-12T00:58:23.993Z,1,7,false
2019-07-12T00:58:33.637Z,1,8,false
2019-07-12T00:58:43.361Z,1,9,false
2019-07-12T00:59:23.405Z,1,1,false
2019-07-12T00:59:31.273Z,1,2,false
2019-07-12T00:59:40.498Z,1,3,false
2019-07-12T00:59:49.572Z,1,4,false
2019-07-12T01:00:00.392Z,1,5,false
2019-07-12T01:00:10.723Z,1,6,false
2019-07-12T01:00:20.691Z,1,7,false
2019-07-12T01:00:28.972Z,1,8,false
2019-07-12T01:00:37.841Z,1,9,false
2019-07-12T01:01:17.486Z,1,1,false
2019-07-12T01:01:27.023Z,1,2,false
2019-07-12T01:01:34.671Z,1,3,false
2019-07-12T01:01:43.039Z,1,4,false
2019-07-12T01:01:54.141Z,1,5,false
2019-07-12T01:02:03.906Z,1,6,false
2019-07-12T01:02:14.508Z,1,7,false
2019-07-12T01:02:24.039Z,1,8,false
2019-07-12T01:02:34.439Z,1,9,false
2019-07-12T01:03:14.925Z,1,1,false
2019-07-12T01:03:22.819Z,1,2,false
2019-07-12T01:03:30.486Z,1,3,false
2019-07-12T01:03:40.490Z,1,4,false
2019-07-12T01:03:51.546Z,1,5,false
2019-07-12T01:04:01.990Z,1,6,false
2019-07-12T01:04:12.10Z,1,7,false
2019-07-12T01:04:22.330Z,1,8,false
2019-07-12T01:04:32.954Z,1,9,false
2019-07-12T01:05:13.420Z,1,1,false
2019-07-12T01:05:22.231Z,1,2,false
2019-07-12T01:05:30.568Z,1,3,false
2019-07-12T01:05:38.913Z,1,4,false
2019-07-12T01:05:49.929Z,1,5,false
2019-07-12T01:06:00.521Z,1,6,false
2019-07-12T01:06:11.203Z,1,7,false
2019-07-12T01:06:21.477Z,1,8,false
2019-07-12T01:06:31.673Z,1,9,false
2019-07-12T01:07:11.654Z,1,1,false
2019-07-12T01:07:21.146Z,1,2,false
2019-07-12T01:07:30.331Z,1,3,false
2019-07-12T01:07:39.902Z,1,4,false
2019-07-12T01:07:50.921Z,1,5,false
2019-07-12T01:08:00.786Z,1,6,false
2019-07-12T01:08:11.474Z,1,7,false
2019-07-12T01:08:21.712Z,1,8,false
2019-07-12T01:08:31.989Z,1,9,false
2019-07-12T01:09:12.406Z,1,1,false
2019-07-12T01:09:20.273Z,1,2,false
2019-07-12T01:09:27.919Z,1,3,false
2019-07-12T01:09:36.256Z,1,4,false
2019-07-12T01:09:46.588Z,1,5,false
2019-07-12T01:09:56.644Z,1,6,false
2019-07-12T01:10:07.448Z,1,7,false
2019-07-12T01:10:17.364Z,1,8,false
2019-07-12T01:10:27.515Z,1,9,false
2019-07-12T01:11:07.508Z,1,1,false
2019-07-12T01:11:15.415Z,1,2,false
2019-07-12T01:11:23.060Z,1,3,false
2019-07-12T01:11:31.430Z,1,4,false
2019-07-12T01:11:39.955Z,1,5,false
2019-07-12T01:11:50.312Z,1,6,false
2019-07-12T01:12:00.696Z,1,7,false
2019-07-12T01:12:10.852Z,1,8,false
2019-07-12T01:12:20.699Z,1,9,false
2019-07-12T01:13:01.144Z,1,1,false
2019-07-12T01:13:09.830Z,1,2,false
2019-07-12T01:13:17.454Z,1,3,false
2019-07-12T01:13:25.723Z,1,4,false
2019-07-12T01:13:35.956Z,1,5,false
2019-07-12T01:13:46.484Z,1,6,false
2019-07-12T01:13:56.584Z,1,7,false
2019-07-12T01:14:06.102Z,1,8,false
2019-07-12T01:14:16.163Z,1,9,false
2019-07-12T01:14:56.256Z,1,1,false
2019-07-12T01:15:06.082Z,1,2,false
2019-07-12T01:15:15.399Z,1,3,false
2019-07-12T01:15:24.996Z,1,4,false
2019-07-12T01:15:34.777Z,1,5,false
2019-07-12T01:15:44.921Z,1,6,false
2019-07-12T01:15:55.205Z,1,7,false
2019-07-12T01:16:04.995Z,1,8,false
2019-07-12T01:16:13.844Z,1,9,false
2019-07-12T01:16:53.421Z,1,1,false
2019-07-12T01:17:01.716Z,1,2,false
2019-07-12T01:17:09.316Z,1,3,false
2019-07-12T01:17:18.649Z,1,4,false
2019-07-12T01:17:27.205Z,1,5,false
2019-07-12T01:17:37.698Z,1,6,false
2019-07-12T01:17:48.378Z,1,7,false
2019-07-12T01:17:58.694Z,1,8,false
2019-07-12T01:18:09.052Z,1,9,false
2019-07-12T01:18:48.778Z,1,1,false
2019-07-12T01:18:58.263Z,1,2,false
2019-07-12T01:19:07.534Z,1,3,false
2019-07-12T01:19:15.852Z,1,4,false
2019-07-12T01:19:25.873Z,1,5,false
2019-07-12T01:19:33.951Z,1,6,false
2019-07-12T01:19:43.508Z,1,7,false
2019-07-12T01:19:52.946Z,1,8,false
2019-07-12T01:20:02.746Z,1,9,false
2019-07-12T01:20:42.780Z,1,1,false
2019-07-12T01:20:52.875Z,1,2,false
2019-07-12T01:21:00.578Z,1,3,false
2019-07-12T01:21:10.080Z,1,4,false
2019-07-12T01:21:18.625Z,1,5,false
2019-07-12T01:21:26.705Z,1,6,false
2019-07-12T01:21:36.703Z,1,7,false
2019-07-12T01:21:46.768Z,1,8,false
2019-07-12T01:21:56.551Z,1,9,false
2019-07-12T01:22:36.701Z,1,1,false
2019-07-12T01:22:46.208Z,1,2,false
2019-07-12T01:22:55.724Z,1,3,false
2019-07-12T01:23:04.599Z,1,4,false
2019-07-12T01:23:13.118Z,1,5,false
2019-07-12T01:23:21.194Z,1,6,false
2019-07-12T01:23:30.864Z,1,7,false
2019-07-12T01:23:40.679Z,1,8,false
2019-07-12T01:23:51.077Z,1,9,false
2019-07-12T01:24:31.508Z,1,1,false
2019-07-12T01:24:41.821Z,1,2,false
2019-07-12T01:24:51.654Z,1,3,false
2019-07-12T01:24:59.956Z,1,4,false
2019-07-12T01:25:08.450Z,1,5,false
2019-07-12T01:25:16.510Z,1,6,false
2019-07-12T01:25:26.372Z,1,7,false
2019-07-12T01:25:36.429Z,1,8,false
2019-07-12T01:25:46.841Z,1,9,false
2019-07-12T01:26:26.657Z,1,1,false
2019-07-12T01:26:36.276Z,1,2,false
2019-07-12T01:26:45.880Z,1,3,false
2019-07-12T01:26:54.713Z,1,4,false
2019-07-12T01:27:04.918Z,1,5,false
2019-07-12T01:27:12.960Z,1,6,false
2019-07-12T01:27:22.918Z,1,7,false
2019-07-12T01:27:32.10Z,1,8,false
2019-07-12T01:27:42.426Z,1,9,false
2019-07-12T01:28:22.711Z,1,1,false
2019-07-12T01:28:31.966Z,1,2,false
2019-07-12T01:28:41.821Z,1,3,false
2019-07-12T01:28:51.829Z,1,4,false
2019-07-12T01:29:00.851Z,1,5,false
2019-07-12T01:29:08.959Z,1,6,false
2019-07-12T01:29:18.820Z,1,7,false
2019-07-12T01:29:28.309Z,1,8,false
2019-07-12T01:29:38.110Z,1,9,false
2019-07-12T01:30:18.135Z,1,1,false
2019-07-12T01:30:27.262Z,1,2,false
2019-07-12T01:30:36.726Z,1,3,false
2019-07-12T01:30:47.141Z,1,4,false
2019-07-12T01:30:55.615Z,1,5,false
2019-07-12T01:31:03.736Z,1,6,false
2019-07-12T01:31:11.962Z,1,7,false
2019-07-12T01:31:21.648Z,1,8,false
2019-07-12T01:31:32.095Z,1,9,false
2019-07-12T01:32:12.174Z,1,1,false
2019-07-12T01:32:22.101Z,1,2,false
2019-07-12T01:32:32.129Z,1,3,false
2019-07-12T01:32:42.781Z,1,4,false
2019-07-12T01:32:51.336Z,1,5,false
2019-07-12T01:33:00.060Z,1,6,false
2019-07-12T01:33:08.328Z,1,7,false
2019-07-12T01:33:17.344Z,1,8,false
2019-07-12T01:33:25.832Z,1,9,false
2019-07-12T01:34:05.863Z,1,1,false
2019-07-12T01:34:15.975Z,1,2,false
2019-07-12T01:34:25.449Z,1,3,false
2019-07-12T01:34:35.190Z,1,4,false
2019-07-12T01:34:45.708Z,1,5,false
2019-07-12T01:34:53.801Z,1,6,false
2019-07-12T01:35:03.751Z,1,7,false
2019-07-12T01:35:11.538Z,1,8,false
2019-07-12T01:35:21.887Z,1,9,false
2019-07-12T01:36:02.111Z,1,1,false
2019-07-12T01:36:11.375Z,1,2,false
2019-07-12T01:36:21.297Z,1,3,false
2019-07-12T01:36:31.525Z,1,4,false
2019-07-12T01:36:41.441Z,1,5,false
2019-07-12T01:36:49.483Z,1,6,false
2019-07-12T01:36:57.786Z,1,7,false
2019-07-12T01:37:07.042Z,1,8,false
2019-07-12T01:37:16.597Z,1,9,false
2019-07-12T01:37:56.743Z,1,1,false
2019-07-12T01:38:07.141Z,1,2,false
2019-07-12T01:38:16.683Z,1,3,false
2019-07-12T01:38:26.901Z,1,4,false
2019-07-12T01:38:37.908Z,1,5,false
2019-07-12T01:38:47.481Z,1,6,false
2019-07-12T01:38:55.774Z,1,7,false
2019-07-12T01:39:03.611Z,1,8,false
2019-07-12T01:39:14.045Z,1,9,false
2019-07-12T01:39:53.889Z,1,1,false
2019-07-12T01:40:03.390Z,1,2,false
2019-07-12T01:40:12.648Z,1,3,false
2019-07-12T01:40:23.059Z,1,4,false
2019-07-12T01:40:31.678Z,1,5,false
2019-07-12T01:40:39.718Z,1,6,false
2019-07-12T01:40:48.552Z,1,7,false
2019-07-12T01:40:57.987Z,1,8,false
2019-07-12T01:41:08.613Z,1,9,false
2019-07-12T01:41:49.318Z,1,1,false
2019-07-12T01:41:59.633Z,1,2,false
2019-07-12T01:42:09.709Z,1,3,false
2019-07-12T01:42:19.694Z,1,4,false
2019-07-12T01:42:30.006Z,1,5,false
2019-07-12T01:42:38.108Z,1,6,false
2019-07-12T01:42:47.521Z,1,7,false
2019-07-12T01:42:55.311Z,1,8,false
2019-07-12T01:43:05.264Z,1,9,false
2019-07-12T01:43:45.247Z,1,1,false
2019-07-12T01:43:55.438Z,1,2,false
2019-07-12T01:44:05.474Z,1,3,false
2019-07-12T01:44:15.522Z,1,4,false
2019-07-12T01:44:25.624Z,1,5,false
2019-07-12T01:44:33.695Z,1,6,false
2019-07-12T01:44:41.951Z,1,7,false
2019-07-12T01:44:49.794Z,1,8,false
2019-07-12T01:44:58.293Z,1,9,false
2019-07-12T01:45:38.817Z,1,1,false
2019-07-12T01:45:47.945Z,1,2,false
2019-07-12T01:45:57.018Z,1,3,false
2019-07-12T01:46:07.297Z,1,4,false
2019-07-12T01:46:17.500Z,1,5,false
2019-07-12T01:46:26.695Z,1,6,false
2019-07-12T01:46:34.909Z,1,7,false
2019-07-12T01:46:42.734Z,1,8,false
2019-07-12T01:46:50.854Z,1,9,false
2019-07-12T01:47:31.162Z,1,1,false
2019-07-12T01:47:40.893Z,1,2,false
2019-07-12T01:47:50.156Z,1,3,false
2019-07-12T01:48:00.595Z,1,4,false
2019-07-12T01:48:09.732Z,1,5,false
2019-07-12T01:48:18.052Z,1,6,false
2019-07-12T01:48:26.243Z,1,7,false
2019-07-12T01:48:34.165Z,1,8,false
2019-07-12T01:48:42.285Z,1,9,false
2019-07-12T01:49:22.330Z,1,1,false
2019-07-12T01:49:32.704Z,1,2,false
2019-07-12T01:49:42.820Z,1,3,false
2019-07-12T01:49:53.451Z,1,4,false
2019-07-12T01:50:04.012Z,1,5,false
2019-07-12T01:50:13.751Z,1,6,false
2019-07-12T01:50:23.397Z,1,7,false
2019-07-12T01:50:32.140Z,1,8,false
2019-07-12T01:50:40.232Z,1,9,false
2019-07-12T01:51:20.230Z,1,1,false
2019-07-12T01:51:30.238Z,1,2,false
2019-07-12T01:51:40.094Z,1,3,false
2019-07-12T01:51:50.510Z,1,4,false
2019-07-12T01:52:01.109Z,1,5,false
2019-07-12T01:52:10.805Z,1,6,false
2019-07-12T01:52:18.997Z,1,7,false
2019-07-12T01:52:28.449Z,1,8,false
2019-07-12T01:52:36.599Z,1,9,false
2019-07-12T01:53:16.927Z,1,1,false
2019-07-12T01:53:26.492Z,1,2,false
2019-07-12T01:53:36.418Z,1,3,false
2019-07-12T01:53:47.050Z,1,4,false
2019-07-12T01:53:57.669Z,1,5,false
2019-07-12T01:54:07.381Z,1,6,false
2019-07-12T01:54:16.550Z,1,7,false
2019-07-12T01:54:24.361Z,1,8,false
2019-07-12T01:54:32.505Z,1,9,false
2019-07-12T01:55:12.736Z,1,1,false
2019-07-12T01:55:22.093Z,1,2,false
2019-07-12T01:55:32.180Z,1,3,false
2019-07-12T01:55:42.182Z,1,4,false
2019-07-12T01:55:52.993Z,1,5,false
2019-07-12T01:56:02.058Z,1,6,false
2019-07-12T01:56:10.274Z,1,7,false
2019-07-12T01:56:19.720Z,1,8,false
2019-07-12T01:56:27.843Z,1,9,false
2019-07-12T01:57:08.415Z,1,1,false
2019-07-12T01:57:18.302Z,1,2,false
2019-07-12T01:57:28.109Z,1,3,false
2019-07-12T01:57:38.910Z,1,4,false
2019-07-12T01:57:49.932Z,1,5,false
2019-07-12T01:58:00.301Z,1,6,false
2019-07-12T01:58:08.503Z,1,7,false
2019-07-12T01:58:16.333Z,1,8,false
2019-07-12T01:58:24.444Z,1,9,false
2019-07-12T01:59:02.520Z,1,1,false
2019-07-12T01:59:12.088Z,1,2,false
2019-07-12T01:59:21.193Z,1,3,false
2019-07-12T01:59:31.708Z,1,4,false
2019-07-12T01:59:42.156Z,1,5,false
2019-07-12T01:59:51.967Z,1,6,false
2019-07-12T02:00:01.887Z,1,7,false
2019-07-12T02:00:09.714Z,1,8,false
2019-07-12T02:00:17.877Z,1,9,false
2019-07-12T02:00:55.901Z,1,1,false
2019-07-12T02:01:05.327Z,1,2,false
2019-07-12T02:01:14.614Z,1,3,false
2019-07-12T02:01:24.649Z,1,4,false
2019-07-12T02:01:34.976Z,1,5,false
2019-07-12T02:01:45.328Z,1,6,false
2019-07-12T02:01:55.643Z,1,7,false
2019-07-12T02:02:05.082Z,1,8,false
2019-07-12T02:02:13.152Z,1,9,false
2019-07-12T02:02:51.172Z,1,1,false
2019-07-12T02:03:00.785Z,1,2,false
2019-07-12T02:03:10.103Z,1,3,false
2019-07-12T02:03:19.168Z,1,4,false
2019-07-12T02:03:29.246Z,1,5,false
2019-07-12T02:03:39.026Z,1,6,false
2019-07-12T02:03:48.054Z,1,7,false
2019-07-12T02:03:55.858Z,1,8,false
2019-07-12T02:04:03.996Z,1,9,false
2019-07-12T02:04:42.069Z,1,1,false
2019-07-12T02:04:51.877Z,1,2,false
2019-07-12T02:05:01.743Z,1,3,false
2019-07-12T02:05:11.731Z,1,4,false
2019-07-12T02:05:21.784Z,1,5,false
2019-07-12T02:05:31.853Z,1,6,false
2019-07-12T02:05:41.068Z,1,7,false
2019-07-12T02:05:48.949Z,1,8,false
2019-07-12T02:05:57.095Z,1,9,false
2019-07-12T02:06:35.670Z,1,1,false
2019-07-12T02:06:45.858Z,1,2,false
2019-07-12T02:06:55.161Z,1,3,false
2019-07-12T02:07:05.373Z,1,4,false
2019-07-12T02:07:15.854Z,1,5,false
2019-07-12T02:07:26.001Z,1,6,false
2019-07-12T02:07:35.525Z,1,7,false
2019-07-12T02:07:43.547Z,1,8,false
2019-07-12T02:07:51.711Z,1,9,false
2019-07-12T02:08:29.749Z,1,1,false
2019-07-12T02:08:40.068Z,1,2,false
2019-07-12T02:08:50.155Z,1,3,false
2019-07-12T02:09:00.929Z,1,4,false
2019-07-12T02:09:11.601Z,1,5,false
2019-07-12T02:09:22.101Z,1,6,false
2019-07-12T02:09:32.804Z,1,7,false
2019-07-12T02:09:42.047Z,1,8,false
2019-07-12T02:09:51.897Z,1,9,false
2019-07-12T02:10:30.009Z,1,1,false
2019-07-12T02:10:39.707Z,1,2,false
2019-07-12T02:10:49.112Z,1,3,false
2019-07-12T02:10:59.368Z,1,4,false
2019-07-12T02:11:10.038Z,1,5,false
2019-07-12T02:11:20.450Z,1,6,false
2019-07-12T02:11:30.440Z,1,7,false
2019-07-12T02:11:39.936Z,1,8,false
2019-07-12T02:11:48.533Z,1,9,false
2019-07-12T02:12:26.630Z,1,1,false
2019-07-12T02:12:36.421Z,1,2,false
2019-07-12T02:12:46.528Z,1,3,false
2019-07-12T02:12:57.185Z,1,4,false
2019-07-12T02:13:08.198Z,1,5,false
2019-07-12T02:13:18.103Z,1,6,false
2019-07-12T02:13:26.862Z,1,7,false
2019-07-12T02:13:35.836Z,1,8,false
2019-07-12T02:13:44.781Z,1,9,false
2019-07-12T02:14:22.818Z,1,1,false
2019-07-12T02:14:32.126Z,1,2,false
2019-07-12T02:14:40.761Z,1,3,false
2019-07-12T02:14:50.439Z,1,4,false
2019-07-12T02:14:59.951Z,1,5,false
2019-07-12T02:15:09.843Z,1,6,false
2019-07-12T02:15:19.171Z,1,7,false
2019-07-12T02:15:27.003Z,1,8,false
2019-07-12T02:15:36.777Z,1,9,false
2019-07-12T02:16:16.754Z,1,1,false
2019-07-12T02:16:26.947Z,1,2,false
2019-07-12T02:16:35.703Z,1,3,false
2019-07-12T02:16:45.877Z,1,4,false
2019-07-12T02:16:55.046Z,1,5,false
2019-07-12T02:17:04.960Z,1,6,false
2019-07-12T02:17:14.289Z,1,7,false
2019-07-12T02:17:22.107Z,1,8,false
2019-07-12T02:17:31.913Z,1,9,false
2019-07-12T02:18:10.027Z,1,1,false
2019-07-12T02:18:19.286Z,1,2,false
2019-07-12T02:18:28.042Z,1,3,false
2019-07-12T02:18:38.656Z,1,4,false
2019-07-12T02:18:48.587Z,1,5,false
2019-07-12T02:18:58.227Z,1,6,false
2019-07-12T02:19:06.942Z,1,7,false
2019-07-12T02:19:15.391Z,1,8,false
2019-07-12T02:19:25.118Z,1,9,false
2019-07-12T02:20:03.162Z,1,1,false
2019-07-12T02:20:11.392Z,1,2,false
2019-07-12T02:20:21.177Z,1,3,false
2019-07-12T02:20:31.237Z,1,4,false
2019-07-12T02:20:40.012Z,1,5,false
2019-07-12T02:20:50.368Z,1,6,false
2019-07-12T02:21:00.528Z,1,7,false
2019-07-12T02:21:08.536Z,1,8,false
2019-07-12T02:21:16.638Z,1,9,false
2019-07-12T02:21:56.209Z,1,1,false
2019-07-12T02:22:05.607Z,1,2,false
2019-07-12T02:22:14.883Z,1,3,false
2019-07-12T02:22:25.107Z,1,4,false
2019-07-12T02:22:35.204Z,1,5,false
2019-07-12T02:22:45.622Z,1,6,false
2019-07-12T02:22:55.306Z,1,7,false
2019-07-12T02:23:03.110Z,1,8,false
2019-07-12T02:23:12.827Z,1,9,false
2019-07-12T02:23:50.872Z,1,1,false
2019-07-12T02:23:59.833Z,1,2,false
2019-07-12T02:24:09.790Z,1,3,false
2019-07-12T02:24:19.741Z,1,4,false
2019-07-12T02:24:29.808Z,1,5,false
2019-07-12T02:24:39.671Z,1,6,false
2019-07-12T02:24:48.292Z,1,7,false
2019-07-12T02:24:56.142Z,1,8,false
2019-07-12T02:25:04.402Z,1,9,false
2019-07-12T02:25:42.499Z,1,1,false
2019-07-12T02:25:52.280Z,1,2,false
2019-07-12T02:26:01.535Z,1,3,false
2019-07-12T02:26:11.791Z,1,4,false
2019-07-12T02:26:22.521Z,1,5,false
2019-07-12T02:26:31.681Z,1,6,false
2019-07-12T02:26:41.936Z,1,7,false
2019-07-12T02:26:50.701Z,1,8,false
2019-07-12T02:26:58.831Z,1,9,false
2019-07-12T02:27:37.277Z,1,1,false
2019-07-12T02:27:47.622Z,1,2,false
2019-07-12T02:27:57.679Z,1,3,false
2019-07-12T02:28:08.501Z,1,4,false
2019-07-12T02:28:19.566Z,1,5,false
2019-07-12T02:28:30.117Z,1,6,false
2019-07-12T02:28:40.700Z,1,7,false
2019-07-12T02:28:48.678Z,1,8,false
2019-07-12T02:28:57.260Z,1,9,false
2019-07-12T02:29:36.475Z,1,1,false
2019-07-12T02:29:46.821Z,1,2,false
2019-07-12T02:29:56.944Z,1,3,false
2019-07-12T02:30:07.053Z,1,4,false
2019-07-12T02:30:17.124Z,1,5,false
2019-07-12T02:30:27.237Z,1,6,false
2019-07-12T02:30:37.371Z,1,7,false
2019-07-12T02:30:47.068Z,1,8,false
2019-07-12T02:30:55.198Z,1,9,false
2019-07-12T02:31:33.341Z,1,1,false
2019-07-12T02:31:43.203Z,1,2,false
2019-07-12T02:31:52.464Z,1,3,false
2019-07-12T02:32:03.034Z,1,4,false
2019-07-12T02:32:13.274Z,1,5,false
2019-07-12T02:32:22.395Z,1,6,false
2019-07-12T02:32:31.965Z,1,7,false
2019-07-12T02:32:39.796Z,1,8,false
2019-07-12T02:32:48.778Z,1,9,false
2019-07-12T02:33:28.462Z,1,1,false
2019-07-12T02:33:36.400Z,1,2,false
2019-07-12T02:33:46.295Z,1,3,false
2019-07-12T02:33:55.553Z,1,4,false
2019-07-12T02:34:05.792Z,1,5,false
2019-07-12T02:34:15.752Z,1,6,false
2019-07-12T02:34:24.090Z,1,7,false
2019-07-12T02:34:31.916Z,1,8,false
2019-07-12T02:34:41.687Z,1,9,false
2019-07-12T02:35:19.777Z,1,1,false
2019-07-12T02:35:29.322Z,1,2,false
2019-07-12T02:35:39.283Z,1,3,false
2019-07-12T02:35:49.578Z,1,4,false
2019-07-12T02:35:59.774Z,1,5,false
2019-07-12T02:36:08.955Z,1,6,false
2019-07-12T02:36:18.572Z,1,7,false
2019-07-12T02:36:26.413Z,1,8,false
2019-07-12T02:36:34.630Z,1,9,false
2019-07-12T02:37:12.711Z,1,1,false
2019-07-12T02:37:23.049Z,1,2,false
2019-07-12T02:37:33.187Z,1,3,false
2019-07-12T02:37:43.894Z,1,4,false
2019-07-12T02:37:54.892Z,1,5,false
2019-07-12T02:38:05.346Z,1,6,false
2019-07-12T02:38:15.159Z,1,7,false
2019-07-12T02:38:23.031Z,1,8,false
2019-07-12T02:38:31.191Z,1,9,false
2019-07-12T02:39:10.914Z,1,1,false
2019-07-12T02:39:21.063Z,1,2,false
2019-07-12T02:39:30.293Z,1,3,false
2019-07-12T02:39:40.114Z,1,4,false
2019-07-12T02:39:50.636Z,1,5,false
2019-07-12T02:40:00.334Z,1,6,false
2019-07-12T02:40:10.000Z,1,7,false
2019-07-12T02:40:17.919Z,1,8,false
2019-07-12T02:40:25.997Z,1,9,false
2019-07-12T02:41:05.248Z,1,1,false
2019-07-12T02:41:14.499Z,1,2,false
2019-07-12T02:41:23.930Z,1,3,false
2019-07-12T02:41:34.999Z,1,4,false
2019-07-12T02:41:45.059Z,1,5,false
2019-07-12T02:41:55.619Z,1,6,false
2019-07-12T02:42:05.731Z,1,7,false
2019-07-12T02:42:14.243Z,1,8,false
2019-07-12T02:42:22.426Z,1,9,false
2019-07-12T02:43:00.499Z,1,1,false
2019-07-12T02:43:10.336Z,1,2,false
2019-07-12T02:43:19.411Z,1,3,false
2019-07-12T02:43:29.616Z,1,4,false
2019-07-12T02:43:38.221Z,1,5,false
2019-07-12T02:43:48.526Z,1,6,false
2019-07-12T02:43:58.412Z,1,7,false
2019-07-12T02:44:07.306Z,1,8,false
2019-07-12T02:44:15.486Z,1,9,false
2019-07-12T02:44:53.565Z,1,1,false
2019-07-12T02:45:02.279Z,1,2,false
2019-07-12T02:45:11.781Z,1,3,false
2019-07-12T02:45:22.312Z,1,4,false
2019-07-12T02:45:31.347Z,1,5,false
2019-07-12T02:45:41.284Z,1,6,false
2019-07-12T02:45:50.816Z,1,7,false
2019-07-12T02:46:00.308Z,1,8,false
2019-07-12T02:46:08.485Z,1,9,false
2019-07-12T02:46:46.545Z,1,1,false
2019-07-12T02:46:56.336Z,1,2,false
2019-07-12T02:47:05.995Z,1,3,false
2019-07-12T02:47:16.111Z,1,4,false
2019-07-12T02:47:26.362Z,1,5,false
2019-07-12T02:47:36.478Z,1,6,false
2019-07-12T02:47:47.166Z,1,7,false
2019-07-12T02:47:57.014Z,1,8,false
2019-07-12T02:48:07.221Z,1,9,false
2019-07-12T02:48:45.249Z,1,1,false
2019-07-12T02:48:55.241Z,1,2,false
2019-07-12T02:49:04.390Z,1,3,false
2019-07-12T02:49:13.746Z,1,4,false
2019-07-12T02:49:24.548Z,1,5,false
2019-07-12T02:49:32.989Z,1,6,false
2019-07-12T02:49:43.377Z,1,7,false
2019-07-12T02:49:52.380Z,1,8,false
2019-07-12T02:50:02.160Z,1,9,false
2019-07-12T02:50:40.252Z,1,1,false
2019-07-12T02:50:49.861Z,1,2,false
2019-07-12T02:50:59.864Z,1,3,false
2019-07-12T02:51:10.248Z,1,4,false
2019-07-12T02:51:21.181Z,1,5,false
2019-07-12T02:51:31.183Z,1,6,false
2019-07-12T02:51:41.249Z,1,7,false
2019-07-12T02:51:50.814Z,1,8,false
2019-07-12T02:51:58.985Z,1,9,false
2019-07-12T02:52:37.096Z,1,1,false
2019-07-12T02:52:47.174Z,1,2,false
2019-07-12T02:52:56.620Z,1,3,false
2019-07-12T02:53:07.186Z,1,4,false
2019-07-12T02:53:17.467Z,1,5,false
2019-07-12T02:53:27.966Z,1,6,false
2019-07-12T02:53:38.655Z,1,7,false
2019-07-12T02:53:48.953Z,1,8,false
2019-07-12T02:53:57.085Z,1,9,false
2019-07-12T02:54:36.732Z,1,1,false
2019-07-12T02:54:46.854Z,1,2,false
2019-07-12T02:54:56.813Z,1,3,false
2019-07-12T02:55:07.115Z,1,4,false
2019-07-12T02:55:18.061Z,1,5,false
2019-07-12T02:55:28.491Z,1,6,false
2019-07-12T02:55:38.501Z,1,7,false
2019-07-12T02:55:47.827Z,1,8,false
2019-07-12T02:55:56.022Z,1,9,false
2019-07-12T02:56:34.150Z,1,1,false
2019-07-12T02:56:44.300Z,1,2,false
2019-07-12T02:56:54.427Z,1,3,false
2019-07-12T02:57:05.331Z,1,4,false
2019-07-12T02:57:16.315Z,1,5,false
2019-07-12T02:57:26.954Z,1,6,false
2019-07-12T02:57:37.599Z,1,7,false
2019-07-12T02:57:48.037Z,1,8,false
2019-07-12T02:57:57.805Z,1,9,false
2019-07-12T02:58:37.507Z,1,1,false
2019-07-12T02:58:47.566Z,1,2,false
2019-07-12T02:58:57.660Z,1,3,false
2019-07-12T02:59:08.557Z,1,4,false
2019-07-12T02:59:18.921Z,1,5,false
2019-07-12T02:59:28.703Z,1,6,false
2019-07-12T02:59:39.445Z,1,7,false
2019-07-12T02:59:49.807Z,1,8,false
2019-07-12T02:59:57.922Z,1,9,false
2019-07-12T03:00:37.606Z,1,1,false
2019-07-12T03:00:47.800Z,1,2,false
2019-07-12T03:00:57.569Z,1,3,false
2019-07-12T03:01:08.782Z,1,4,false
2019-07-12T03:01:18.730Z,1,5,false
2019-07-12T03:01:28.725Z,1,6,false
2019-07-12T03:01:38.838Z,1,7,false
2019-07-12T03:01:47.788Z,1,8,false
2019-07-12T03:01:55.942Z,1,9,false
2019-07-12T03:02:33.985Z,1,1,false
2019-07-12T03:02:44.165Z,1,2,false
2019-07-12T03:02:52.459Z,1,3,false
2019-07-12T03:03:02.879Z,1,4,false
2019-07-12T03:03:13.043Z,1,5,false
2019-07-12T03:03:23.033Z,1,6,false
2019-07-12T03:03:32.163Z,1,7,false
2019-07-12T03:03:40.303Z,1,8,false
2019-07-12T03:03:50.012Z,1,9,false
2019-07-12T03:04:29.703Z,1,1,false
2019-07-12T03:04:39.442Z,1,2,false
2019-07-12T03:04:48.859Z,1,3,false
2019-07-12T03:04:59.621Z,1,4,false
2019-07-12T03:05:09.230Z,1,5,false
2019-07-12T03:05:19.567Z,1,6,false
2019-07-12T03:05:29.940Z,1,7,false
2019-07-12T03:05:38.570Z,1,8,false
2019-07-12T03:05:47.902Z,1,9,false
2019-07-12T03:06:25.967Z,1,1,false
2019-07-12T03:06:35.365Z,1,2,false
2019-07-12T03:06:45.511Z,1,3,false
2019-07-12T03:06:55.417Z,1,4,false
2019-07-12T03:07:04.966Z,1,5,false
2019-07-12T03:07:15.347Z,1,6,false
2019-07-12T03:07:25.481Z,1,7,false
2019-07-12T03:07:33.311Z,1,8,false
2019-07-12T03:07:42.716Z,1,9,false
2019-07-12T03:08:20.876Z,1,1,false
2019-07-12T03:08:30.818Z,1,2,false
2019-07-12T03:08:40.739Z,1,3,false
2019-07-12T03:08:50.094Z,1,4,false
2019-07-12T03:08:59.473Z,1,5,false
2019-07-12T03:09:09.252Z,1,6,false
2019-07-12T03:09:19.245Z,1,7,false
2019-07-12T03:09:27.327Z,1,8,false
2019-07-12T03:09:35.530Z,1,9,false
2019-07-12T03:10:14.004Z,1,1,false
2019-07-12T03:10:23.481Z,1,2,false
2019-07-12T03:10:33.120Z,1,3,false
2019-07-12T03:10:42.087Z,1,4,false
2019-07-12T03:10:52.325Z,1,5,false
2019-07-12T03:11:02.246Z,1,6,false
2019-07-12T03:11:12.377Z,1,7,false
2019-07-12T03:11:22.354Z,1,8,false
2019-07-12T03:11:30.470Z,1,9,false
2019-07-12T03:12:08.606Z,1,1,false
2019-07-12T03:12:18.629Z,1,2,false
2019-07-12T03:12:28.351Z,1,3,false
2019-07-12T03:12:39.424Z,1,4,false
2019-07-12T03:12:50.413Z,1,5,false
2019-07-12T03:12:59.730Z,1,6,false
2019-07-12T03:13:09.994Z,1,7,false
2019-07-12T03:13:19.455Z,1,8,false
2019-07-12T03:13:27.580Z,1,9,false
2019-07-12T03:14:05.636Z,1,1,false
2019-07-12T03:14:15.739Z,1,2,false
2019-07-12T03:14:25.477Z,1,3,false
2019-07-12T03:14:36.572Z,1,4,false
2019-07-12T03:14:47.228Z,1,5,false
2019-07-12T03:14:57.208Z,1,6,false
2019-07-12T03:15:07.046Z,1,7,false
2019-07-12T03:15:15.713Z,1,8,false
2019-07-12T03:15:25.481Z,1,9,false
2019-07-12T03:16:03.594Z,1,1,false
2019-07-12T03:16:13.748Z,1,2,false
2019-07-12T03:16:22.330Z,1,3,false
2019-07-12T03:16:31.716Z,1,4,false
2019-07-12T03:16:42.012Z,1,5,false
2019-07-12T03:16:51.280Z,1,6,false
2019-07-12T03:16:59.796Z,1,7,false
2019-07-12T03:17:08.631Z,1,8,false
2019-07-12T03:17:16.735Z,1,9,false
2019-07-12T03:17:56.410Z,1,1,false
2019-07-12T03:18:06.464Z,1,2,false
2019-07-12T03:18:15.149Z,1,3,false
2019-07-12T03:18:23.980Z,1,4,false
2019-07-12T03:18:34.132Z,1,5,false
2019-07-12T03:18:43.812Z,1,6,false
2019-07-12T03:18:53.855Z,1,7,false
2019-07-12T03:19:03.267Z,1,8,false
2019-07-12T03:19:11.429Z,1,9,false
2019-07-12T03:19:49.478Z,1,1,false
2019-07-12T03:19:59.584Z,1,2,false
2019-07-12T03:20:09.466Z,1,3,false
2019-07-12T03:20:20.916Z,1,4,false
2019-07-12T03:20:29.483Z,1,5,false
2019-07-12T03:20:39.494Z,1,6,false
2019-07-12T03:20:50.007Z,1,7,false
2019-07-12T03:20:57.835Z,1,8,false
2019-07-12T03:21:07.594Z,1,9,false
2019-07-12T03:21:45.940Z,1,1,false
2019-07-12T03:21:55.649Z,1,2,false
2019-07-12T03:22:04.769Z,1,3,false
2019-07-12T03:22:14.640Z,1,4,false
2019-07-12T03:22:24.945Z,1,5,false
2019-07-12T03:22:34.327Z,1,6,false
2019-07-12T03:22:44.814Z,1,7,false
2019-07-12T03:22:52.890Z,1,8,false
2019-07-12T03:23:01.008Z,1,9,false
2019-07-12T03:23:39.027Z,1,1,false
2019-07-12T03:23:48.967Z,1,2,false
2019-07-12T03:23:58.479Z,1,3,false
2019-07-12T03:24:07.767Z,1,4,false
2019-07-12T03:24:16.673Z,1,5,false
2019-07-12T03:24:26.557Z,1,6,false
2019-07-12T03:24:36.879Z,1,7,false
2019-07-12T03:24:46.684Z,1,8,false
2019-07-12T03:24:54.879Z,1,9,false
2019-07-12T03:25:32.941Z,1,1,false
2019-07-12T03:25:42.882Z,1,2,false
2019-07-12T03:25:52.235Z,1,3,false
2019-07-12T03:26:02.821Z,1,4,false
2019-07-12T03:26:12.662Z,1,5,false
2019-07-12T03:26:22.727Z,1,6,false
2019-07-12T03:26:32.725Z,1,7,false
2019-07-12T03:26:41.571Z,1,8,false
2019-07-12T03:26:51.329Z,1,9,false
2019-07-12T03:27:30.372Z,1,1,false
2019-07-12T03:27:40.540Z,1,2,false
2019-07-12T03:27:50.556Z,1,3,false
2019-07-12T03:28:00.440Z,1,4,false
2019-07-12T03:28:10.877Z,1,5,false
2019-07-12T03:28:20.882Z,1,6,false
2019-07-12T03:28:30.931Z,1,7,false
2019-07-12T03:28:38.756Z,1,8,false
2019-07-12T03:28:47.990Z,1,9,false
2019-07-12T03:29:26.097Z,1,1,false
2019-07-12T03:29:35.694Z,1,2,false
2019-07-12T03:29:45.515Z,1,3,false
2019-07-12T03:29:53.992Z,1,4,false
2019-07-12T03:30:04.728Z,1,5,false
2019-07-12T03:30:13.126Z,1,6,false
2019-07-12T03:30:23.335Z,1,7,false
2019-07-12T03:30:33.326Z,1,8,false
2019-07-12T03:30:42.333Z,1,9,false
2019-07-12T03:31:20.406Z,1,1,false
2019-07-12T03:31:30.453Z,1,2,false
2019-07-12T03:31:40.504Z,1,3,false
2019-07-12T03:31:51.210Z,1,4,false
2019-07-12T03:32:01.746Z,1,5,false
2019-07-12T03:32:11.656Z,1,6,false
2019-07-12T03:32:22.046Z,1,7,false
2019-07-12T03:32:31.923Z,1,8,false
2019-07-12T03:32:40.091Z,1,9,false
2019-07-12T03:33:18.993Z,1,1,false
2019-07-12T03:33:29.175Z,1,2,false
2019-07-12T03:33:38.478Z,1,3,false
2019-07-12T03:33:48.639Z,1,4,false
2019-07-12T03:33:59.315Z,1,5,false
2019-07-12T03:34:09.777Z,1,6,false
2019-07-12T03:34:20.165Z,1,7,false
2019-07-12T03:34:29.382Z,1,8,false
2019-07-12T03:34:38.693Z,1,9,false
2019-07-12T03:35:17.946Z,1,1,false
2019-07-12T03:35:28.206Z,1,2,false
2019-07-12T03:35:37.415Z,1,3,false
2019-07-12T03:35:48.167Z,1,4,false
2019-07-12T03:35:58.906Z,1,5,false
2019-07-12T03:36:08.966Z,1,6,false
2019-07-12T03:36:19.190Z,1,7,false
2019-07-12T03:36:27.273Z,1,8,false
2019-07-12T03:36:35.972Z,1,9,false
2019-07-12T03:37:14.993Z,1,1,false
2019-07-12T03:37:24.436Z,1,2,false
2019-07-12T03:37:33.769Z,1,3,false
2019-07-12T03:37:43.963Z,1,4,false
2019-07-12T03:37:53.740Z,1,5,false
2019-07-12T03:38:03.610Z,1,6,false
2019-07-12T03:38:13.126Z,1,7,false
2019-07-12T03:38:22.002Z,1,8,false
2019-07-12T03:38:30.093Z,1,9,false
2019-07-12T03:39:08.139Z,1,1,false
2019-07-12T03:39:17.768Z,1,2,false
2019-07-12T03:39:27.652Z,1,3,false
2019-07-12T03:39:38.183Z,1,4,false
2019-07-12T03:39:49.077Z,1,5,false
2019-07-12T03:39:59.538Z,1,6,false
2019-07-12T03:40:09.804Z,1,7,false
2019-07-12T03:40:19.256Z,1,8,false
2019-07-12T03:40:27.376Z,1,9,false
2019-07-12T03:41:07.023Z,1,1,false
2019-07-12T03:41:17.145Z,1,2,false
2019-07-12T03:41:27.189Z,1,3,false
2019-07-12T03:41:37.021Z,1,4,false
2019-07-12T03:41:47.401Z,1,5,false
2019-07-12T03:41:57.132Z,1,6,false
2019-07-12T03:42:07.392Z,1,7,false
2019-07-12T03:42:16.416Z,1,8,false
2019-07-12T03:42:26.094Z,1,9,false
2019-07-12T03:43:04.155Z,1,1,false
2019-07-12T03:43:14.129Z,1,2,false
2019-07-12T03:43:22.665Z,1,3,false
2019-07-12T03:43:32.688Z,1,4,false
2019-07-12T03:43:41.226Z,1,5,false
2019-07-12T03:43:50.596Z,1,6,false
2019-07-12T03:44:00.327Z,1,7,false
2019-07-12T03:44:10.316Z,1,8,false
2019-07-12T03:44:18.436Z,1,9,false
2019-07-12T03:44:58.142Z,1,1,false
2019-07-12T03:45:08.474Z,1,2,false
2019-07-12T03:45:17.974Z,1,3,false
2019-07-12T03:45:28.189Z,1,4,false
2019-07-12T03:45:38.858Z,1,5,false
2019-07-12T03:45:49.384Z,1,6,false
2019-07-12T03:45:58.744Z,1,7,false
2019-07-12T03:46:08.919Z,1,8,false
2019-07-12T03:46:17.072Z,1,9,false
2019-07-12T03:46:55.193Z,1,1,false
2019-07-12T03:47:04.425Z,1,2,false
2019-07-12T03:47:12.943Z,1,3,false
2019-07-12T03:47:23.116Z,1,4,false
2019-07-12T03:47:32.426Z,1,5,false
2019-07-12T03:47:42.389Z,1,6,false
2019-07-12T03:47:52.822Z,1,7,false
2019-07-12T03:48:02.641Z,1,8,false
2019-07-12T03:48:11.131Z,1,9,false
2019-07-12T03:48:49.199Z,1,1,false
2019-07-12T03:48:59.345Z,1,2,false
2019-07-12T03:49:09.386Z,1,3,false
2019-07-12T03:49:20.071Z,1,4,false
2019-07-12T03:49:30.888Z,1,5,false
2019-07-12T03:49:40.674Z,1,6,false
2019-07-12T03:49:50.682Z,1,7,false
2019-07-12T03:50:00.808Z,1,8,false
2019-07-12T03:50:10.989Z,1,9,false
2019-07-12T03:50:49.090Z,1,1,false
2019-07-12T03:50:59.436Z,1,2,false
2019-07-12T03:51:09.449Z,1,3,false
2019-07-12T03:51:20.167Z,1,4,false
2019-07-12T03:51:31.141Z,1,5,false
2019-07-12T03:51:41.743Z,1,6,false
2019-07-12T03:51:51.922Z,1,7,false
2019-07-12T03:52:02.178Z,1,8,false
2019-07-12T03:52:12.707Z,1,9,false
2019-07-12T03:52:50.781Z,1,1,false
2019-07-12T03:53:01.006Z,1,2,false
2019-07-12T03:53:11.003Z,1,3,false
2019-07-12T03:53:21.365Z,1,4,false
2019-07-12T03:53:31.887Z,1,5,false
2019-07-12T03:53:42.476Z,1,6,false
2019-07-12T03:53:52.669Z,1,7,false
2019-07-12T03:54:02.637Z,1,8,false
2019-07-12T03:54:12.860Z,1,9,false
2019-07-12T03:54:52.340Z,1,1,false
2019-07-12T03:55:02.581Z,1,2,false
2019-07-12T03:55:11.827Z,1,3,false
2019-07-12T03:55:22.600Z,1,4,false
2019-07-12T03:55:31.919Z,1,5,false
2019-07-12T03:55:41.918Z,1,6,false
2019-07-12T03:55:51.792Z,1,7,false
2019-07-12T03:56:01.386Z,1,8,false
2019-07-12T03:56:11.259Z,1,9,false
2019-07-12T03:56:51.562Z,1,1,false
2019-07-12T03:57:01.216Z,1,2,false
2019-07-12T03:57:09.923Z,1,3,false
2019-07-12T03:57:19.169Z,1,4,false
2019-07-12T03:57:27.970Z,1,5,false
2019-07-12T03:57:37.652Z,1,6,false
2019-07-12T03:57:47.511Z,1,7,false
2019-07-12T03:57:57.436Z,1,8,false
2019-07-12T03:58:06.877Z,1,9,false
2019-07-12T03:58:46.476Z,1,1,false
2019-07-12T03:58:55.091Z,1,2,false
2019-07-12T03:59:03.284Z,1,3,false
2019-07-12T03:59:13.531Z,1,4,false
2019-07-12T03:59:23.931Z,1,5,false
2019-07-12T03:59:33.747Z,1,6,false
2019-07-12T03:59:44.295Z,1,7,false
2019-07-12T03:59:54.105Z,1,8,false
2019-07-12T04:00:04.187Z,1,9,false
2019-07-12T04:00:44.157Z,1,1,false
2019-07-12T04:00:53.831Z,1,2,false
2019-07-12T04:01:01.925Z,1,3,false
2019-07-12T04:01:12.112Z,1,4,false
2019-07-12T04:01:21.809Z,1,5,false
2019-07-12T04:01:31.999Z,1,6,false
2019-07-12T04:01:42.729Z,1,7,false
2019-07-12T04:01:52.206Z,1,8,false
2019-07-12T04:02:02.493Z,1,9,false
2019-07-12T04:02:42.841Z,1,1,false
2019-07-12T04:02:52.353Z,1,2,false
2019-07-12T04:03:01.653Z,1,3,false
2019-07-12T04:03:12.469Z,1,4,false
2019-07-12T04:03:23.377Z,1,5,false
2019-07-12T04:03:33.065Z,1,6,false
2019-07-12T04:03:43.408Z,1,7,false
2019-07-12T04:03:53.187Z,1,8,false
2019-07-12T04:04:03.305Z,1,9,false
2019-07-12T04:04:43.624Z,1,1,false
2019-07-12T04:04:52.604Z,1,2,false
2019-07-12T04:05:02.516Z,1,3,false
2019-07-12T04:05:12.715Z,1,4,false
2019-07-12T04:05:23.237Z,1,5,false
2019-07-12T04:05:33.590Z,1,6,false
2019-07-12T04:05:43.643Z,1,7,false
2019-07-12T04:05:53.696Z,1,8,false
2019-07-12T04:06:02.592Z,1,9,false
2019-07-12T04:06:41.016Z,1,1,false
2019-07-12T04:06:50.722Z,1,2,false
2019-07-12T04:07:00.504Z,1,3,false
2019-07-12T04:07:10.721Z,1,4,false
2019-07-12T04:07:20.834Z,1,5,false
2019-07-12T04:07:30.926Z,1,6,false
2019-07-12T04:07:39.816Z,1,7,false
2019-07-12T04:07:49.230Z,1,8,false
2019-07-12T04:07:59.428Z,1,9,false
2019-07-12T04:08:39.947Z,1,1,false
2019-07-12T04:08:50.279Z,1,2,false
2019-07-12T04:08:59.772Z,1,3,false
2019-07-12T04:09:10.190Z,1,4,false
2019-07-12T04:09:20.365Z,1,5,false
2019-07-12T04:09:30.828Z,1,6,false
2019-07-12T04:09:41.025Z,1,7,false
2019-07-12T04:09:51.125Z,1,8,false
2019-07-12T04:10:00.881Z,1,9,false
2019-07-12T04:10:41.123Z,1,1,false
2019-07-12T04:10:50.792Z,1,2,false
2019-07-12T04:11:00.833Z,1,3,false
2019-07-12T04:11:11.384Z,1,4,false
2019-07-12T04:11:21.628Z,1,5,false
2019-07-12T04:11:32.014Z,1,6,false
2019-07-12T04:11:42.014Z,1,7,false
2019-07-12T04:11:51.510Z,1,8,false
2019-07-12T04:12:01.953Z,1,9,false
2019-07-12T04:12:42.455Z,1,1,false
2019-07-12T04:12:52.703Z,1,2,false
2019-07-12T04:13:02.753Z,1,3,false
2019-07-12T04:13:13.474Z,1,4,false
2019-07-12T04:13:24.480Z,1,5,false
2019-07-12T04:13:35.009Z,1,6,false
2019-07-12T04:13:45.638Z,1,7,false
2019-07-12T04:13:55.243Z,1,8,false
2019-07-12T04:14:05.621Z,1,9,false
2019-07-12T04:14:45.690Z,1,1,false
2019-07-12T04:14:55.136Z,1,2,false
2019-07-12T04:15:04.358Z,1,3,false
2019-07-12T04:15:14.771Z,1,4,false
2019-07-12T04:15:25.204Z,1,5,false
2019-07-12T04:15:33.590Z,1,6,false
2019-07-12T04:15:43.776Z,1,7,false
2019-07-12T04:15:53.308Z,1,8,false
2019-07-12T04:16:03.710Z,1,9,false
2019-07-12T04:16:43.744Z,1,1,false
2019-07-12T04:16:53.498Z,1,2,false
2019-07-12T04:17:02.811Z,1,3,false
2019-07-12T04:17:12.817Z,1,4,false
2019-07-12T04:17:23.228Z,1,5,false
2019-07-12T04:17:33.107Z,1,6,false
2019-07-12T04:17:43.487Z,1,7,false
2019-07-12T04:17:52.953Z,1,8,false
2019-07-12T04:18:02.772Z,1,9,false
2019-07-12T04:18:41.059Z,1,1,false
2019-07-12T04:18:51.226Z,1,2,false
2019-07-12T04:19:01.050Z,1,3,false
2019-07-12T04:19:11.243Z,1,4,false
2019-07-12T04:19:21.846Z,1,5,false
2019-07-12T04:19:32.214Z,1,6,false
2019-07-12T04:19:42.407Z,1,7,false
2019-07-12T04:19:51.838Z,1,8,false
2019-07-12T04:20:02.089Z,1,9,false
2019-07-12T04:20:42.305Z,1,1,false
2019-07-12T04:20:52.451Z,1,2,false
2019-07-12T04:21:01.162Z,1,3,false
2019-07-12T04:21:11.670Z,1,4,false
2019-07-12T04:21:22.479Z,1,5,false
2019-07-12T04:21:32.318Z,1,6,false
2019-07-12T04:21:41.973Z,1,7,false
2019-07-12T04:21:51.542Z,1,8,false
2019-07-12T04:22:01.898Z,1,9,false
2019-07-12T04:22:42.201Z,1,1,false
2019-07-12T04:22:52.518Z,1,2,false
2019-07-12T04:23:01.764Z,1,3,false
2019-07-12T04:23:12.334Z,1,4,false
2019-07-12T04:23:22.395Z,1,5,false
2019-07-12T04:23:32.110Z,1,6,false
2019-07-12T04:23:42.405Z,1,7,false
2019-07-12T04:23:52.227Z,1,8,false
2019-07-12T04:24:02.471Z,1,9,false
2019-07-12T04:24:42.191Z,1,1,false
2019-07-12T04:24:51.698Z,1,2,false
2019-07-12T04:25:00.521Z,1,3,false
2019-07-12T04:25:10.888Z,1,4,false
2019-07-12T04:25:21.421Z,1,5,false
2019-07-12T04:25:31.446Z,1,6,false
2019-07-12T04:25:41.730Z,1,7,false
2019-07-12T04:25:51.222Z,1,8,false
2019-07-12T04:26:01.248Z,1,9,false
2019-07-12T04:26:41.364Z,1,1,false
2019-07-12T04:26:51.340Z,1,2,false
2019-07-12T04:27:00.738Z,1,3,false
2019-07-12T04:27:10.891Z,1,4,false
2019-07-12T04:27:21.801Z,1,5,false
2019-07-12T04:27:32.151Z,1,6,false
2019-07-12T04:27:42.165Z,1,7,false
2019-07-12T04:27:51.829Z,1,8,false
2019-07-12T04:28:02.066Z,1,9,false
2019-07-12T04:28:42.585Z,1,1,false
2019-07-12T04:28:52.089Z,1,2,false
2019-07-12T04:29:01.346Z,1,3,false
2019-07-12T04:29:11.637Z,1,4,false
2019-07-12T04:29:22.020Z,1,5,false
2019-07-12T04:29:32.076Z,1,6,false
2019-07-12T04:29:42.417Z,1,7,false
2019-07-12T04:29:51.516Z,1,8,false
2019-07-12T04:30:02.011Z,1,9,false
2019-07-12T04:30:41.948Z,1,1,false
2019-07-12T04:30:51.953Z,1,2,false
2019-07-12T04:31:01.160Z,1,3,false
2019-07-12T04:31:11.265Z,1,4,false
2019-07-12T04:31:20.205Z,1,5,false
2019-07-12T04:31:30.477Z,1,6,false
2019-07-12T04:31:40.569Z,1,7,false
2019-07-12T04:31:50.392Z,1,8,false
2019-07-12T04:31:58.681Z,1,9,false
2019-07-12T04:32:38.742Z,1,1,false
2019-07-12T04:32:48.551Z,1,2,false
2019-07-12T04:32:57.848Z,1,3,false
2019-07-12T04:33:07.936Z,1,4,false
2019-07-12T04:33:18.777Z,1,5,false
2019-07-12T04:33:28.459Z,1,6,false
2019-07-12T04:33:39.460Z,1,7,false
2019-07-12T04:33:49.545Z,1,8,false
2019-07-12T04:33:59.020Z,1,9,false
2019-07-12T04:34:37.081Z,1,1,false
2019-07-12T04:34:47.045Z,1,2,false
2019-07-12T04:34:56.309Z,1,3,false
2019-07-12T04:35:06.620Z,1,4,false
2019-07-12T04:35:16.395Z,1,5,false
2019-07-12T04:35:25.708Z,1,6,false
2019-07-12T04:35:35.557Z,1,7,false
2019-07-12T04:35:45.230Z,1,8,false
2019-07-12T04:35:54.415Z,1,9,false
2019-07-12T04:36:32.826Z,1,1,false
2019-07-12T04:36:40.948Z,1,2,false
2019-07-12T04:36:50.831Z,1,3,false
2019-07-12T04:37:01.343Z,1,4,false
2019-07-12T04:37:11.529Z,1,5,false
2019-07-12T04:37:21.679Z,1,6,false
2019-07-12T04:37:32.074Z,1,7,false
2019-07-12T04:37:40.586Z,1,8,false
2019-07-12T04:37:50.781Z,1,9,false
2019-07-12T04:38:29.157Z,1,1,false
2019-07-12T04:38:38.600Z,1,2,false
2019-07-12T04:38:48.426Z,1,3,false
2019-07-12T04:38:57.845Z,1,4,false
2019-07-12T04:39:07.157Z,1,5,false
2019-07-12T04:39:17.232Z,1,6,false
2019-07-12T04:39:25.512Z,1,7,false
2019-07-12T04:39:35.489Z,1,8,false
2019-07-12T04:39:45.915Z,1,9,false
2019-07-12T04:40:25.042Z,1,1,false
2019-07-12T04:40:34.433Z,1,2,false
2019-07-12T04:40:43.559Z,1,3,false
2019-07-12T04:40:53.719Z,1,4,false
2019-07-12T04:41:04.544Z,1,5,false
2019-07-12T04:41:14.242Z,1,6,false
2019-07-12T04:41:24.379Z,1,7,false
2019-07-12T04:41:34.462Z,1,8,false
2019-07-12T04:41:44.872Z,1,9,false
2019-07-12T04:42:24.813Z,1,1,false
2019-07-12T04:42:33.929Z,1,2,false
2019-07-12T04:42:43.429Z,1,3,false
2019-07-12T04:42:53.696Z,1,4,false
2019-07-12T04:43:03.824Z,1,5,false
2019-07-12T04:43:13.873Z,1,6,false
2019-07-12T04:43:24.035Z,1,7,false
2019-07-12T04:43:33.795Z,1,8,false
2019-07-12T04:43:44.319Z,1,9,false
2019-07-12T04:44:24.668Z,1,1,false
2019-07-12T04:44:34.678Z,1,2,false
2019-07-12T04:44:44.565Z,1,3,false
2019-07-12T04:44:54.781Z,1,4,false
2019-07-12T04:45:05.122Z,1,5,false
2019-07-12T04:45:15.316Z,1,6,false
2019-07-12T04:45:25.371Z,1,7,false
2019-07-12T04:45:34.829Z,1,8,false
2019-07-12T04:45:44.978Z,1,9,false
2019-07-12T04:46:23.285Z,1,1,false
2019-07-12T04:46:33.317Z,1,2,false
2019-07-12T04:46:43.029Z,1,3,false
2019-07-12T04:46:52.782Z,1,4,false
2019-07-12T04:47:02.582Z,1,5,false
2019-07-12T04:47:11.815Z,1,6,false
2019-07-12T04:47:22.239Z,1,7,false
2019-07-12T04:47:31.678Z,1,8,false
2019-07-12T04:47:41.800Z,1,9,false
2019-07-12T04:48:21.534Z,1,1,false
2019-07-12T04:48:31.544Z,1,2,false
2019-07-12T04:48:40.792Z,1,3,false
2019-07-12T04:48:50.836Z,1,4,false
2019-07-12T04:49:01.041Z,1,5,false
2019-07-12T04:49:11.178Z,1,6,false
2019-07-12T04:49:21.462Z,1,7,false
2019-07-12T04:49:31.680Z,1,8,false
2019-07-12T04:49:41.937Z,1,9,false
2019-07-12T04:50:21.727Z,1,1,false
2019-07-12T04:50:31.613Z,1,2,false
2019-07-12T04:50:41.447Z,1,3,false
2019-07-12T04:50:50.120Z,1,4,false
2019-07-12T04:51:00.745Z,1,5,false
2019-07-12T04:51:10.633Z,1,6,false
2019-07-12T04:51:20.179Z,1,7,false
2019-07-12T04:51:29.638Z,1,8,false
2019-07-12T04:51:39.477Z,1,9,false
2019-07-12T04:52:18.455Z,1,1,false
2019-07-12T04:52:28.433Z,1,2,false
2019-07-12T04:52:37.730Z,1,3,false
2019-07-12T04:52:48.253Z,1,4,false
2019-07-12T04:52:58.877Z,1,5,false
2019-07-12T04:53:08.914Z,1,6,false
2019-07-12T04:53:19.492Z,1,7,false
2019-07-12T04:53:29.410Z,1,8,false
2019-07-12T04:53:39.627Z,1,9,false
2019-07-12T04:54:20.152Z,1,1,false
2019-07-12T04:54:30.230Z,1,2,false
2019-07-12T04:54:39.372Z,1,3,false
2019-07-12T04:54:50.152Z,1,4,false
2019-07-12T04:55:00.546Z,1,5,false
2019-07-12T04:55:10.842Z,1,6,false
2019-07-12T04:55:21.331Z,1,7,false
2019-07-12T04:55:30.798Z,1,8,false
2019-07-12T04:55:40.925Z,1,9,false
2019-07-12T04:56:20.694Z,1,1,false
2019-07-12T04:56:30.081Z,1,2,false
2019-07-12T04:56:39.338Z,1,3,false
2019-07-12T04:56:50.017Z,1,4,false
2019-07-12T04:57:00.746Z,1,5,false
2019-07-12T04:57:10.153Z,1,6,false
2019-07-12T04:57:20.263Z,1,7,false
2019-07-12T04:57:29.728Z,1,8,false
2019-07-12T04:57:39.10Z,1,9,false
2019-07-12T04:58:18.650Z,1,1,false
2019-07-12T04:58:27.608Z,1,2,false
2019-07-12T04:58:36.856Z,1,3,false
2019-07-12T04:58:47.001Z,1,4,false
2019-07-12T04:58:57.106Z,1,5,false
2019-07-12T04:59:06.825Z,1,6,false
2019-07-12T04:59:16.868Z,1,7,false
2019-07-12T04:59:25.977Z,1,8,false
2019-07-12T04:59:36.347Z,1,9,false
2019-07-12T05:00:16.327Z,1,1,false
2019-07-12T05:00:24.745Z,1,2,false
2019-07-12T05:00:32.810Z,1,3,false
2019-07-12T05:00:42.530Z,1,4,false
2019-07-12T05:00:52.482Z,1,5,false
2019-07-12T05:01:02.136Z,1,6,false
2019-07-12T05:01:12.081Z,1,7,false
2019-07-12T05:01:20.240Z,1,8,false
2019-07-12T05:01:30.331Z,1,9,false
2019-07-12T05:02:10.458Z,1,1,false
2019-07-12T05:02:20.172Z,1,2,false
2019-07-12T05:02:29.313Z,1,3,false
2019-07-12T05:02:39.390Z,1,4,false
2019-07-12T05:02:50.027Z,1,5,false
2019-07-12T05:02:59.690Z,1,6,false
2019-07-12T05:03:09.549Z,1,7,false
2019-07-12T05:03:17.733Z,1,8,false
2019-07-12T05:03:27.138Z,1,9,false
2019-07-12T05:04:06.915Z,1,1,false
2019-07-12T05:04:16.360Z,1,2,false
2019-07-12T05:04:25.538Z,1,3,false
2019-07-12T05:04:36.261Z,1,4,false
2019-07-12T05:04:46.570Z,1,5,false
2019-07-12T05:04:56.334Z,1,6,false
2019-07-12T05:05:05.802Z,1,7,false
2019-07-12T05:05:15.529Z,1,8,false
2019-07-12T05:05:24.638Z,1,9,false
2019-07-12T05:06:03.668Z,1,1,false
2019-07-12T05:06:13.023Z,1,2,false
2019-07-12T05:06:21.950Z,1,3,false
2019-07-12T05:06:32.226Z,1,4,false
2019-07-12T05:06:42.584Z,1,5,false
2019-07-12T05:06:52.330Z,1,6,false
2019-07-12T05:07:02.258Z,1,7,false
2019-07-12T05:07:10.658Z,1,8,false
2019-07-12T05:07:20.786Z,1,9,false
2019-07-12T05:08:01.147Z,1,1,false
2019-07-12T05:08:10.487Z,1,2,false
2019-07-12T05:08:19.900Z,1,3,false
2019-07-12T05:08:30.483Z,1,4,false
2019-07-12T05:08:41.129Z,1,5,false
2019-07-12T05:08:50.963Z,1,6,false
2019-07-12T05:09:01.600Z,1,7,false
2019-07-12T05:09:11.790Z,1,8,false
2019-07-12T05:09:22.027Z,1,9,false
2019-07-12T05:10:02.462Z,1,1,false
2019-07-12T05:10:12.732Z,1,2,false
2019-07-12T05:10:22.057Z,1,3,false
2019-07-12T05:10:32.941Z,1,4,false
2019-07-12T05:10:43.211Z,1,5,false
2019-07-12T05:10:53.652Z,1,6,false
2019-07-12T05:11:03.768Z,1,7,false
2019-07-12T05:11:13.813Z,1,8,false
2019-07-12T05:11:24.161Z,1,9,false
2019-07-12T05:12:04.237Z,1,1,false
2019-07-12T05:12:14.067Z,1,2,false
2019-07-12T05:12:23.330Z,1,3,false
2019-07-12T05:12:33.168Z,1,4,false
2019-07-12T05:12:42.743Z,1,5,false
2019-07-12T05:12:52.457Z,1,6,false
2019-07-12T05:13:02.439Z,1,7,false
2019-07-12T05:13:12.067Z,1,8,false
2019-07-12T05:13:22.134Z,1,9,false
2019-07-12T05:14:02.048Z,1,1,false
2019-07-12T05:14:12.256Z,1,2,false
2019-07-12T05:14:21.898Z,1,3,false
2019-07-12T05:14:32.211Z,1,4,false
2019-07-12T05:14:42.948Z,1,5,false
2019-07-12T05:14:52.755Z,1,6,false
2019-07-12T05:15:02.859Z,1,7,false
2019-07-12T05:15:11.498Z,1,8,false
2019-07-12T05:15:21.443Z,1,9,false
2019-07-12T05:16:01.371Z,1,1,false
2019-07-12T05:16:10.259Z,1,2,false
2019-07-12T05:16:19.144Z,1,3,false
2019-07-12T05:16:28.258Z,1,4,false
2019-07-12T05:16:37.762Z,1,5,false
2019-07-12T05:16:47.826Z,1,6,false
2019-07-12T05:16:56.724Z,1,7,false
2019-07-12T05:17:06.350Z,1,8,false
2019-07-12T05:17:16.340Z,1,9,false
2019-07-12T05:17:55.830Z,1,1,false
2019-07-12T05:18:05.310Z,1,2,false
2019-07-12T05:18:14.581Z,1,3,false
2019-07-12T05:18:24.786Z,1,4,false
2019-07-12T05:18:34.981Z,1,5,false
2019-07-12T05:18:44.214Z,1,6,false
2019-07-12T05:18:54.723Z,1,7,false
2019-07-12T05:19:04.103Z,1,8,false
2019-07-12T05:19:13.014Z,1,9,false
2019-07-12T05:19:51.285Z,1,1,false
2019-07-12T05:20:01.396Z,1,2,false
2019-07-12T05:20:10.659Z,1,3,false
2019-07-12T05:20:20.500Z,1,4,false
2019-07-12T05:20:30.719Z,1,5,false
2019-07-12T05:20:40.660Z,1,6,false
2019-07-12T05:20:50.377Z,1,7,false
2019-07-12T05:20:59.293Z,1,8,false
2019-07-12T05:21:08.718Z,1,9,false
2019-07-12T05:21:46.860Z,1,1,false
2019-07-12T05:21:56.687Z,1,2,false
2019-07-12T05:22:05.892Z,1,3,false
2019-07-12T05:22:15.983Z,1,4,false
2019-07-12T05:22:25.587Z,1,5,false
2019-07-12T05:22:35.233Z,1,6,false
2019-07-12T05:22:45.734Z,1,7,false
2019-07-12T05:22:55.591Z,1,8,false
2019-07-12T05:23:05.411Z,1,9,false
2019-07-12T05:23:43.826Z,1,1,false
2019-07-12T05:23:53.795Z,1,2,false
2019-07-12T05:24:03.577Z,1,3,false
2019-07-12T05:24:14.570Z,1,4,false
2019-07-12T05:24:24.194Z,1,5,false
2019-07-12T05:24:33.917Z,1,6,false
2019-07-12T05:24:44.300Z,1,7,false
2019-07-12T05:24:54.063Z,1,8,false
2019-07-12T05:25:03.363Z,1,9,false
2019-07-12T05:25:41.575Z,1,1,false
2019-07-12T05:25:51.054Z,1,2,false
2019-07-12T05:26:00.297Z,1,3,false
2019-07-12T05:26:10.005Z,1,4,false
2019-07-12T05:26:20.198Z,1,5,false
2019-07-12T05:26:29.046Z,1,6,false
2019-07-12T05:26:39.130Z,1,7,false
2019-07-12T05:26:49.192Z,1,8,false
2019-07-12T05:26:58.876Z,1,9,false
2019-07-12T05:27:36.929Z,1,1,false
2019-07-12T05:27:46.144Z,1,2,false
2019-07-12T05:27:55.355Z,1,3,false
2019-07-12T05:28:05.679Z,1,4,false
2019-07-12T05:28:16.107Z,1,5,false
2019-07-12T05:28:25.756Z,1,6,false
2019-07-12T05:28:35.756Z,1,7,false
2019-07-12T05:28:43.847Z,1,8,false
2019-07-12T05:28:53.524Z,1,9,false
2019-07-12T05:29:33.848Z,1,1,false
2019-07-12T05:29:43.970Z,1,2,false
2019-07-12T05:29:53.927Z,1,3,false
2019-07-12T05:30:04.359Z,1,4,false
2019-07-12T05:30:15.389Z,1,5,false
2019-07-12T05:30:25.687Z,1,6,false
2019-07-12T05:30:34.802Z,1,7,false
2019-07-12T05:30:43.350Z,1,8,false
2019-07-12T05:30:53.651Z,1,9,false
2019-07-12T05:31:33.402Z,1,1,false
2019-07-12T05:31:43.042Z,1,2,false
2019-07-12T05:31:52.157Z,1,3,false
2019-07-12T05:32:02.252Z,1,4,false
2019-07-12T05:32:12.480Z,1,5,false
2019-07-12T05:32:21.473Z,1,6,false
2019-07-12T05:32:31.913Z,1,7,false
2019-07-12T05:32:41.447Z,1,8,false
2019-07-12T05:32:50.903Z,1,9,false
2019-07-12T05:33:30.612Z,1,1,false
2019-07-12T05:33:38.466Z,1,2,false
2019-07-12T05:33:48.027Z,1,3,false
2019-07-12T05:33:56.726Z,1,4,false
2019-07-12T05:34:07.357Z,1,5,false
2019-07-12T05:34:17.398Z,1,6,false
2019-07-12T05:34:27.267Z,1,7,false
2019-07-12T05:34:36.698Z,1,8,false
2019-07-12T05:34:47.147Z,1,9,false
2019-07-12T05:35:27.477Z,1,1,false
2019-07-12T05:35:36.955Z,1,2,false
2019-07-12T05:35:46.620Z,1,3,false
2019-07-12T05:35:56.079Z,1,4,false
2019-07-12T05:36:06.707Z,1,5,false
2019-07-12T05:36:16.435Z,1,6,false
2019-07-12T05:36:27.114Z,1,7,false
2019-07-12T05:36:36.499Z,1,8,false
2019-07-12T05:36:46.979Z,1,9,false
2019-07-12T05:37:26.683Z,1,1,false
2019-07-12T05:37:36.143Z,1,2,false
2019-07-12T05:37:45.398Z,1,3,false
2019-07-12T05:37:54.297Z,1,4,false
2019-07-12T05:38:04.594Z,1,5,false
2019-07-12T05:38:14.518Z,1,6,false
2019-07-12T05:38:24.509Z,1,7,false
2019-07-12T05:38:32.807Z,1,8,false
2019-07-12T05:38:41.315Z,1,9,false
2019-07-12T05:39:21.088Z,1,1,false
2019-07-12T05:39:31.151Z,1,2,false
2019-07-12T05:39:40.363Z,1,3,false
2019-07-12T05:39:51.035Z,1,4,false
2019-07-12T05:40:01.236Z,1,5,false
2019-07-12T05:40:11.599Z,1,6,false
2019-07-12T05:40:21.749Z,1,7,false
2019-07-12T05:40:31.773Z,1,8,false
2019-07-12T05:40:41.916Z,1,9,false
2019-07-12T05:41:22.434Z,1,1,false
2019-07-12T05:41:32.564Z,1,2,false
2019-07-12T05:41:42.209Z,1,3,false
2019-07-12T05:41:52.033Z,1,4,false
2019-07-12T05:42:02.348Z,1,5,false
2019-07-12T05:42:12.847Z,1,6,false
2019-07-12T05:42:23.072Z,1,7,false
2019-07-12T05:42:32.936Z,1,8,false
2019-07-12T05:42:43.049Z,1,9,false
2019-07-12T05:43:23.452Z,1,1,false
2019-07-12T05:43:33.719Z,1,2,false
2019-07-12T05:43:42.991Z,1,3,false
2019-07-12T05:43:52.980Z,1,4,false
2019-07-12T05:44:03.381Z,1,5,false
2019-07-12T05:44:13.636Z,1,6,false
2019-07-12T05:44:22.703Z,1,7,false
2019-07-12T05:44:31.224Z,1,8,false
2019-07-12T05:44:41.450Z,1,9,false
2019-07-12T05:45:20.909Z,1,1,false
2019-07-12T05:45:29.248Z,1,2,false
2019-07-12T05:45:39.105Z,1,3,false
2019-07-12T05:45:48.549Z,1,4,false
2019-07-12T05:45:59.171Z,1,5,false
2019-07-12T05:46:07.752Z,1,6,false
2019-07-12T05:46:17.564Z,1,7,false
2019-07-12T05:46:26.646Z,1,8,false
2019-07-12T05:46:36.791Z,1,9,false
2019-07-12T05:47:17.092Z,1,1,false
2019-07-12T05:47:27.046Z,1,2,false
2019-07-12T05:47:36.294Z,1,3,false
2019-07-12T05:47:46.596Z,1,4,false
2019-07-12T05:47:56.597Z,1,5,false
2019-07-12T05:48:06.165Z,1,6,false
2019-07-12T05:48:16.348Z,1,7,false
2019-07-12T05:48:26.227Z,1,8,false
2019-07-12T05:48:34.829Z,1,9,false
2019-07-12T05:49:14.873Z,1,1,false
2019-07-12T05:49:22.726Z,1,2,false
2019-07-12T05:49:31.970Z,1,3,false
2019-07-12T05:49:42.029Z,1,4,false
2019-07-12T05:49:51.692Z,1,5,false
2019-07-12T05:50:02.098Z,1,6,false
2019-07-12T05:50:12.354Z,1,7,false
2019-07-12T05:50:21.795Z,1,8,false
2019-07-12T05:50:31.846Z,1,9,false
2019-07-12T05:51:12.004Z,1,1,false
2019-07-12T05:51:21.278Z,1,2,false
2019-07-12T05:51:30.550Z,1,3,false
2019-07-12T05:51:40.488Z,1,4,false
2019-07-12T05:51:50.814Z,1,5,false
2019-07-12T05:52:00.570Z,1,6,false
2019-07-12T05:52:10.376Z,1,7,false
2019-07-12T05:52:19.909Z,1,8,false
2019-07-12T05:52:30.050Z,1,9,false
2019-07-12T05:53:10.292Z,1,1,false
2019-07-12T05:53:19.845Z,1,2,false
2019-07-12T05:53:29.678Z,1,3,false
2019-07-12T05:53:39.529Z,1,4,false
2019-07-12T05:53:50.347Z,1,5,false
2019-07-12T05:54:00.401Z,1,6,false
2019-07-12T05:54:10.667Z,1,7,false
2019-07-12T05:54:20.840Z,1,8,false
2019-07-12T05:54:30.685Z,1,9,false
2019-07-12T05:55:10.809Z,1,1,false
2019-07-12T05:55:20.811Z,1,2,false
2019-07-12T05:55:30.211Z,1,3,false
2019-07-12T05:55:40.550Z,1,4,false
2019-07-12T05:55:50.897Z,1,5,false
2019-07-12T05:56:01.013Z,1,6,false
2019-07-12T05:56:11.275Z,1,7,false
2019-07-12T05:56:20.113Z,1,8,false
2019-07-12T05:56:30.382Z,1,9,false
2019-07-12T05:57:10.832Z,1,1,false
2019-07-12T05:57:21.126Z,1,2,false
2019-07-12T05:57:30.993Z,1,3,false
2019-07-12T05:57:41.513Z,1,4,false
2019-07-12T05:57:51.580Z,1,5,false
2019-07-12T05:58:01.636Z,1,6,false
2019-07-12T05:58:11.695Z,1,7,false
2019-07-12T05:58:21.247Z,1,8,false
2019-07-12T05:58:30.494Z,1,9,false
2019-07-12T05:59:10.648Z,1,1,false
2019-07-12T05:59:20.116Z,1,2,false
2019-07-12T05:59:29.434Z,1,3,false
2019-07-12T05:59:39.452Z,1,4,false
2019-07-12T05:59:49.387Z,1,5,false
2019-07-12T05:59:59.119Z,1,6,false
2019-07-12T06:00:09.186Z,1,7,false
2019-07-12T06:00:18.863Z,1,8,false
2019-07-12T06:00:29.012Z,1,9,false
2019-07-12T06:01:08.751Z,1,1,false
2019-07-12T06:01:17.361Z,1,2,false
2019-07-12T06:01:27.163Z,1,3,false
2019-07-12T06:01:35.707Z,1,4,false
2019-07-12T06:01:46.566Z,1,5,false
2019-07-12T06:01:56.955Z,1,6,false
2019-07-12T06:02:07.086Z,1,7,false
2019-07-12T06:02:16.559Z,1,8,false
2019-07-12T06:02:26.576Z,1,9,false
2019-07-12T06:03:04.846Z,1,1,false
2019-07-12T06:03:14.837Z,1,2,false
2019-07-12T06:03:23.038Z,1,3,false
2019-07-12T06:03:33.303Z,1,4,false
2019-07-12T06:03:44.231Z,1,5,false
2019-07-12T06:03:54.613Z,1,6,false
2019-07-12T06:04:04.945Z,1,7,false
2019-07-12T06:04:14.162Z,1,8,false
2019-07-12T06:04:24.315Z,1,9,false
2019-07-12T06:05:04.601Z,1,1,false
2019-07-12T06:05:14.845Z,1,2,false
2019-07-12T06:05:24.850Z,1,3,false
2019-07-12T06:05:35.411Z,1,4,false
2019-07-12T06:05:46.412Z,1,5,false
2019-07-12T06:05:56.129Z,1,6,false
2019-07-12T06:06:06.569Z,1,7,false
2019-07-12T06:06:16.642Z,1,8,false
2019-07-12T06:06:26.855Z,1,9,false
2019-07-12T06:07:05.218Z,1,1,false
2019-07-12T06:07:15.045Z,1,2,false
2019-07-12T06:07:24.307Z,1,3,false
2019-07-12T06:07:34.091Z,1,4,false
2019-07-12T06:07:43.066Z,1,5,false
2019-07-12T06:07:52.787Z,1,6,false
2019-07-12T06:08:02.832Z,1,7,false
2019-07-12T06:08:12.150Z,1,8,false
2019-07-12T06:08:20.353Z,1,9,false
2019-07-12T06:09:00.421Z,1,1,false
2019-07-12T06:09:10.412Z,1,2,false
2019-07-12T06:09:19.671Z,1,3,false
2019-07-12T06:09:28.300Z,1,4,false
2019-07-12T06:09:38.553Z,1,5,false
2019-07-12T06:09:48.998Z,1,6,false
2019-07-12T06:09:59.267Z,1,7,false
2019-07-12T06:10:09.269Z,1,8,false
2019-07-12T06:10:19.577Z,1,9,false
2019-07-12T06:10:59.795Z,1,1,false
2019-07-12T06:11:10.082Z,1,2,false
2019-07-12T06:11:19.634Z,1,3,false
2019-07-12T06:11:30.099Z,1,4,false
2019-07-12T06:11:40.863Z,1,5,false
2019-07-12T06:11:51.204Z,1,6,false
2019-07-12T06:12:01.150Z,1,7,false
2019-07-12T06:12:10.832Z,1,8,false
2019-07-12T06:12:20.605Z,1,9,false
2019-07-12T06:13:00.302Z,1,1,false
2019-07-12T06:13:09.830Z,1,2,false
2019-07-12T06:13:19.101Z,1,3,false
2019-07-12T06:13:29.379Z,1,4,false
2019-07-12T06:13:39.629Z,1,5,false
2019-07-12T06:13:49.582Z,1,6,false
2019-07-12T06:13:58.687Z,1,7,false
2019-07-12T06:14:07.258Z,1,8,false
2019-07-12T06:14:17.543Z,1,9,false
2019-07-12T06:14:55.943Z,1,1,false
2019-07-12T06:15:05.299Z,1,2,false
2019-07-12T06:15:14.590Z,1,3,false
2019-07-12T06:15:25.048Z,1,4,false
2019-07-12T06:15:36.032Z,1,5,false
2019-07-12T06:15:46.563Z,1,6,false
2019-07-12T06:15:56.839Z,1,7,false
2019-07-12T06:16:06.864Z,1,8,false
2019-07-12T06:16:17.304Z,1,9,false
2019-07-12T06:16:57.593Z,1,1,false
2019-07-12T06:17:06.975Z,1,2,false
2019-07-12T06:17:16.249Z,1,3,false
2019-07-12T06:17:26.617Z,1,4,false
2019-07-12T06:17:36.923Z,1,5,false
2019-07-12T06:17:47.051Z,1,6,false
2019-07-12T06:17:57.407Z,1,7,false
2019-07-12T06:18:06.533Z,1,8,false
2019-07-12T06:18:16.331Z,1,9,false
2019-07-12T06:18:56.072Z,1,1,false
2019-07-12T06:19:06.202Z,1,2,false
2019-07-12T06:19:15.468Z,1,3,false
2019-07-12T06:19:25.327Z,1,4,false
2019-07-12T06:19:34.729Z,1,5,false
2019-07-12T06:19:44.491Z,1,6,false
2019-07-12T06:19:54.665Z,1,7,false
2019-07-12T06:20:03.356Z,1,8,false
2019-07-12T06:20:13.206Z,1,9,false
2019-07-12T06:20:53.293Z,1,1,false
2019-07-12T06:21:02.289Z,1,2,false
2019-07-12T06:21:11.516Z,1,3,false
2019-07-12T06:21:22.235Z,1,4,false
2019-07-12T06:21:32.601Z,1,5,false
2019-07-12T06:21:42.849Z,1,6,false
2019-07-12T06:21:53.077Z,1,7,false
2019-07-12T06:22:02.735Z,1,8,false
2019-07-12T06:22:12.667Z,1,9,false
2019-07-12T06:22:52.379Z,1,1,false
2019-07-12T06:23:01.697Z,1,2,false
2019-07-12T06:23:11.703Z,1,3,false
2019-07-12T06:23:22.336Z,1,4,false
2019-07-12T06:23:31.976Z,1,5,false
2019-07-12T06:23:42.265Z,1,6,false
2019-07-12T06:23:52.046Z,1,7,false
2019-07-12T06:24:00.551Z,1,8,false
2019-07-12T06:24:09.893Z,1,9,false
2019-07-12T06:24:48.071Z,1,1,false
2019-07-12T06:24:57.098Z,1,2,false
2019-07-12T06:25:06.807Z,1,3,false
2019-07-12T06:25:16.161Z,1,4,false
2019-07-12T06:25:26.554Z,1,5,false
2019-07-12T06:25:34.945Z,1,6,false
2019-07-12T06:25:45.661Z,1,7,false
2019-07-12T06:25:55.037Z,1,8,false
2019-07-12T06:26:05.245Z,1,9,false
2019-07-12T06:26:45.233Z,1,1,false
2019-07-12T06:26:55.294Z,1,2,false
2019-07-12T06:27:04.844Z,1,3,false
2019-07-12T06:27:15.041Z,1,4,false
2019-07-12T06:27:25.385Z,1,5,false
2019-07-12T06:27:35.608Z,1,6,false
2019-07-12T06:27:45.262Z,1,7,false
2019-07-12T06:27:54.495Z,1,8,false
2019-07-12T06:28:04.793Z,1,9,false
2019-07-12T06:28:43.685Z,1,1,false
2019-07-12T06:28:52.792Z,1,2,false
2019-07-12T06:29:02.214Z,1,3,false
2019-07-12T06:29:12.183Z,1,4,false
2019-07-12T06:29:22.418Z,1,5,false
2019-07-12T06:29:32.156Z,1,6,false
2019-07-12T06:29:42.471Z,1,7,false
2019-07-12T06:29:51.912Z,1,8,false
2019-07-12T06:30:01.604Z,1,9,false
2019-07-12T06:30:41.842Z,1,1,false
2019-07-12T06:30:51.349Z,1,2,false
2019-07-12T06:31:00.676Z,1,3,false
2019-07-12T06:31:11.145Z,1,4,false
2019-07-12T06:31:22.043Z,1,5,false
2019-07-12T06:31:32.467Z,1,6,false
2019-07-12T06:31:42.957Z,1,7,false
2019-07-12T06:31:52.418Z,1,8,false
2019-07-12T06:32:02.480Z,1,9,false
2019-07-12T06:32:42.330Z,1,1,false
2019-07-12T06:32:51.308Z,1,2,false
2019-07-12T06:32:59.992Z,1,3,false
2019-07-12T06:33:11.447Z,1,4,false
2019-07-12T06:33:20.740Z,1,5,false
2019-07-12T06:33:29.976Z,1,6,false
2019-07-12T06:33:40.149Z,1,7,false
2019-07-12T06:33:49.562Z,1,8,false
2019-07-12T06:33:58.059Z,1,9,false
2019-07-12T06:34:37.798Z,1,1,false
2019-07-12T06:34:47.650Z,1,2,false
2019-07-12T06:34:56.900Z,1,3,false
2019-07-12T06:35:07.503Z,1,4,false
2019-07-12T06:35:16.946Z,1,5,false
2019-07-12T06:35:26.569Z,1,6,false
2019-07-12T06:35:34.819Z,1,7,false
2019-07-12T06:35:44.166Z,1,8,false
2019-07-12T06:35:54.285Z,1,9,false
2019-07-12T06:36:34.006Z,1,1,false
2019-07-12T06:36:43.313Z,1,2,false
2019-07-12T06:36:52.248Z,1,3,false
2019-07-12T06:37:02.485Z,1,4,false
2019-07-12T06:37:13.305Z,1,5,false
2019-07-12T06:37:22.715Z,1,6,false
2019-07-12T06:37:33.155Z,1,7,false
2019-07-12T06:37:42.670Z,1,8,false
2019-07-12T06:37:51.921Z,1,9,false
2019-07-12T06:38:32.084Z,1,1,false
2019-07-12T06:38:42.194Z,1,2,false
2019-07-12T06:38:51.450Z,1,3,false
2019-07-12T06:39:01.763Z,1,4,false
2019-07-12T06:39:12.619Z,1,5,false
2019-07-12T06:39:22.262Z,1,6,false
2019-07-12T06:39:32.790Z,1,7,false
2019-07-12T06:39:43.049Z,1,8,false
2019-07-12T06:39:53.299Z,1,9,false
2019-07-12T06:40:31.302Z,1,1,false
2019-07-12T06:40:39.651Z,1,2,false
2019-07-12T06:40:49.491Z,1,3,false
2019-07-12T06:40:59.963Z,1,4,false
2019-07-12T06:41:10.303Z,1,5,false
2019-07-12T06:41:19.982Z,1,6,false
2019-07-12T06:41:30.139Z,1,7,false
2019-07-12T06:41:39.940Z,1,8,false
2019-07-12T06:41:50.418Z,1,9,false
2019-07-12T06:42:28.584Z,1,1,false
2019-07-12T06:42:38.350Z,1,2,false
2019-07-12T06:42:48.100Z,1,3,false
2019-07-12T06:42:57.933Z,1,4,false
2019-07-12T06:43:08.060Z,1,5,false
2019-07-12T06:43:16.888Z,1,6,false
2019-07-12T06:43:27.147Z,1,7,false
2019-07-12T06:43:36.001Z,1,8,false
2019-07-12T06:43:46.422Z,1,9,false
2019-07-12T06:44:25.952Z,1,1,false
2019-07-12T06:44:35.427Z,1,2,false
2019-07-12T06:44:45.152Z,1,3,false
2019-07-12T06:44:54.504Z,1,4,false
2019-07-12T06:45:05.307Z,1,5,false
2019-07-12T06:45:14.715Z,1,6,false
2019-07-12T06:45:25.259Z,1,7,false
2019-07-12T06:45:34.951Z,1,8,false
2019-07-12T06:45:44.217Z,1,9,false
2019-07-12T06:46:22.507Z,1,1,false
2019-07-12T06:46:31.935Z,1,2,false
2019-07-12T06:46:41.442Z,1,3,false
2019-07-12T06:46:51.281Z,1,4,false
2019-07-12T06:47:01.446Z,1,5,false
2019-07-12T06:47:11.059Z,1,6,false
2019-07-12T06:47:20.910Z,1,7,false
2019-07-12T06:47:30.381Z,1,8,false
2019-07-12T06:47:40.845Z,1,9,false
2019-07-12T06:48:20.528Z,1,1,false
2019-07-12T06:48:29.938Z,1,2,false
2019-07-12T06:48:39.111Z,1,3,false
2019-07-12T06:48:49.590Z,1,4,false
2019-07-12T06:48:58.938Z,1,5,false
2019-07-12T06:49:08.248Z,1,6,false
2019-07-12T06:49:18.022Z,1,7,false
2019-07-12T06:49:26.142Z,1,8,false
2019-07-12T06:49:36.192Z,1,9,false
2019-07-12T06:50:15.529Z,1,1,false
2019-07-12T06:50:25.022Z,1,2,false
2019-07-12T06:50:34.287Z,1,3,false
2019-07-12T06:50:44.934Z,1,4,false
2019-07-12T06:50:55.498Z,1,5,false
2019-07-12T06:51:05.805Z,1,6,false
2019-07-12T06:51:15.203Z,1,7,false
2019-07-12T06:51:25.224Z,1,8,false
2019-07-12T06:51:35.524Z,1,9,false
2019-07-12T06:52:15.939Z,1,1,false
2019-07-12T06:52:25.900Z,1,2,false
2019-07-12T06:52:35.444Z,1,3,false
2019-07-12T06:52:46.035Z,1,4,false
2019-07-12T06:52:56.405Z,1,5,false
2019-07-12T06:53:06.049Z,1,6,false
2019-07-12T06:53:15.918Z,1,7,false
2019-07-12T06:53:25.167Z,1,8,false
2019-07-12T06:53:35.255Z,1,9,false
2019-07-12T06:54:14.077Z,1,1,false
2019-07-12T06:54:23.945Z,1,2,false
2019-07-12T06:54:33.778Z,1,3,false
2019-07-12T06:54:44.067Z,1,4,false
2019-07-12T06:54:54.330Z,1,5,false
2019-07-12T06:55:03.539Z,1,6,false
2019-07-12T06:55:13.264Z,1,7,false
2019-07-12T06:55:22.900Z,1,8,false
2019-07-12T06:55:31.800Z,1,9,false
2019-07-12T06:56:11.436Z,1,1,false
2019-07-12T06:56:20.146Z,1,2,false
2019-07-12T06:56:29.501Z,1,3,false
2019-07-12T06:56:39.451Z,1,4,false
2019-07-12T06:56:48.897Z,1,5,false
2019-07-12T06:56:58.988Z,1,6,false
2019-07-12T06:57:09.448Z,1,7,false
2019-07-12T06:57:19.397Z,1,8,false
2019-07-12T06:57:29.445Z,1,9,false
2019-07-12T06:58:08.098Z,1,1,false
2019-07-12T06:58:17.609Z,1,2,false
2019-07-12T06:58:26.823Z,1,3,false
2019-07-12T06:58:36.809Z,1,4,false
2019-07-12T06:58:47.644Z,1,5,false
2019-07-12T06:58:57.493Z,1,6,false
2019-07-12T06:59:07.409Z,1,7,false
2019-07-12T06:59:17.110Z,1,8,false
2019-07-12T06:59:26.587Z,1,9,false
2019-07-12T07:00:05.805Z,1,1,false
2019-07-12T07:00:15.369Z,1,2,false
2019-07-12T07:00:24.609Z,1,3,false
2019-07-12T07:00:33.912Z,1,4,false
2019-07-12T07:00:42.606Z,1,5,false
2019-07-12T07:00:52.305Z,1,6,false
2019-07-12T07:01:02.335Z,1,7,false
2019-07-12T07:01:10.434Z,1,8,false
2019-07-12T07:01:20.539Z,1,9,false
2019-07-12T07:02:00.259Z,1,1,false
2019-07-12T07:02:10.176Z,1,2,false
2019-07-12T07:02:19.919Z,1,3,false
2019-07-12T07:02:29.008Z,1,4,false
2019-07-12T07:02:39.250Z,1,5,false
2019-07-12T07:02:48.981Z,1,6,false
2019-07-12T07:02:58.488Z,1,7,false
2019-07-12T07:03:07.919Z,1,8,false
2019-07-12T07:03:17.788Z,1,9,false
2019-07-12T07:03:57.754Z,1,1,false
2019-07-12T07:04:07.130Z,1,2,false
2019-07-12T07:04:15.100Z,1,3,false
2019-07-12T07:04:25.552Z,1,4,false
2019-07-12T07:04:35.960Z,1,5,false
2019-07-12T07:04:46.373Z,1,6,false
2019-07-12T07:04:56.418Z,1,7,false
2019-07-12T07:05:06.200Z,1,8,false
2019-07-12T07:05:16.269Z,1,9,false
2019-07-12T07:05:55.980Z,1,1,false
2019-07-12T07:06:05.484Z,1,2,false
2019-07-12T07:06:15.380Z,1,3,false
2019-07-12T07:06:25.690Z,1,4,false
2019-07-12T07:06:35.142Z,1,5,false
2019-07-12T07:06:45.548Z,1,6,false
2019-07-12T07:06:55.491Z,1,7,false
2019-07-12T07:07:04.774Z,1,8,false
2019-07-12T07:07:14.528Z,1,9,false
2019-07-12T07:07:54.638Z,1,1,false
2019-07-12T07:08:04.142Z,1,2,false
2019-07-12T07:08:12.839Z,1,3,false
2019-07-12T07:08:23.215Z,1,4,false
2019-07-12T07:08:34.092Z,1,5,false
2019-07-12T07:08:44.265Z,1,6,false
2019-07-12T07:08:54.441Z,1,7,false
2019-07-12T07:09:03.954Z,1,8,false
2019-07-12T07:09:12.400Z,1,9,false
2019-07-12T07:09:52.546Z,1,1,false
2019-07-12T07:10:02.659Z,1,2,false
2019-07-12T07:10:12.128Z,1,3,false
2019-07-12T07:10:22.203Z,1,4,false
2019-07-12T07:10:32.530Z,1,5,false
2019-07-12T07:10:42.589Z,1,6,false
2019-07-12T07:10:52.909Z,1,7,false
2019-07-12T07:11:01.588Z,1,8,false
2019-07-12T07:11:11.445Z,1,9,false
2019-07-12T07:11:51.132Z,1,1,false
2019-07-12T07:12:01.002Z,1,2,false
2019-07-12T07:12:08.603Z,1,3,false
2019-07-12T07:12:17.794Z,1,4,false
2019-07-12T07:12:27.829Z,1,5,false
2019-07-12T07:12:37.421Z,1,6,false
2019-07-12T07:12:47.580Z,1,7,false
2019-07-12T07:12:56.972Z,1,8,false
2019-07-12T07:13:06.857Z,1,9,false
2019-07-12T07:13:46.623Z,1,1,false
2019-07-12T07:13:56.479Z,1,2,false
2019-07-12T07:14:05.753Z,1,3,false
2019-07-12T07:14:15.878Z,1,4,false
2019-07-12T07:14:26.368Z,1,5,false
2019-07-12T07:14:35.019Z,1,6,false
2019-07-12T07:14:43.951Z,1,7,false
2019-07-12T07:14:53.802Z,1,8,false
2019-07-12T07:15:03.897Z,1,9,false
2019-07-12T07:15:43.347Z,1,1,false
2019-07-12T07:15:52.456Z,1,2,false
2019-07-12T07:16:01.749Z,1,3,false
2019-07-12T07:16:11.788Z,1,4,false
2019-07-12T07:16:21.926Z,1,5,false
2019-07-12T07:16:31.034Z,1,6,false
2019-07-12T07:16:41.334Z,1,7,false
2019-07-12T07:16:51.242Z,1,8,false
2019-07-12T07:17:00.348Z,1,9,false
2019-07-12T07:17:38.606Z,1,1,false
2019-07-12T07:17:48.578Z,1,2,false
2019-07-12T07:17:57.122Z,1,3,false
2019-07-12T07:18:07.265Z,1,4,false
2019-07-12T07:18:17.395Z,1,5,false
2019-07-12T07:18:26.505Z,1,6,false
2019-07-12T07:18:35.940Z,1,7,false
2019-07-12T07:18:45.990Z,1,8,false
2019-07-12T07:18:56.117Z,1,9,false
2019-07-12T07:19:34.624Z,1,1,false
2019-07-12T07:19:44.683Z,1,2,false
2019-07-12T07:19:54.352Z,1,3,false
2019-07-12T07:20:04.400Z,1,4,false
2019-07-12T07:20:13.635Z,1,5,false
2019-07-12T07:20:23.351Z,1,6,false
2019-07-12T07:20:32.322Z,1,7,false
2019-07-12T07:20:41.173Z,1,8,false
2019-07-12T07:20:51.057Z,1,9,false
2019-07-12T07:21:30.517Z,1,1,false
2019-07-12T07:21:40.291Z,1,2,false
2019-07-12T07:21:50.020Z,1,3,false
2019-07-12T07:21:59.439Z,1,4,false
2019-07-12T07:22:09.469Z,1,5,false
2019-07-12T07:22:18.560Z,1,6,false
2019-07-12T07:22:27.793Z,1,7,false
2019-07-12T07:22:36.375Z,1,8,false
2019-07-12T07:22:46.000Z,1,9,false
2019-07-12T07:23:25.402Z,1,1,false
2019-07-12T07:23:34.840Z,1,2,false
2019-07-12T07:23:44.077Z,1,3,false
2019-07-12T07:23:54.272Z,1,4,false
2019-07-12T07:24:04.646Z,1,5,false
2019-07-12T07:24:12.954Z,1,6,false
2019-07-12T07:24:23.376Z,1,7,false
2019-07-12T07:24:33.234Z,1,8,false
2019-07-12T07:24:43.412Z,1,9,false
2019-07-12T07:25:23.486Z,1,1,false
2019-07-12T07:25:33.459Z,1,2,false
2019-07-12T07:25:42.553Z,1,3,false
2019-07-12T07:25:52.493Z,1,4,false
2019-07-12T07:26:02.459Z,1,5,false
2019-07-12T07:26:11.733Z,1,6,false
2019-07-12T07:26:21.693Z,1,7,false
2019-07-12T07:26:31.770Z,1,8,false
2019-07-12T07:26:40.972Z,1,9,false
2019-07-12T07:27:20.775Z,1,1,false
2019-07-12T07:27:30.324Z,1,2,false
2019-07-12T07:27:39.870Z,1,3,false
2019-07-12T07:27:49.982Z,1,4,false
2019-07-12T07:28:00.202Z,1,5,false
2019-07-12T07:28:09.979Z,1,6,false
2019-07-12T07:28:20.135Z,1,7,false
2019-07-12T07:28:28.175Z,1,8,false
2019-07-12T07:28:38.598Z,1,9,false
2019-07-12T07:29:17.909Z,1,1,false
2019-07-12T07:29:27.694Z,1,2,false
2019-07-12T07:29:36.396Z,1,3,false
2019-07-12T07:29:46.376Z,1,4,false
2019-07-12T07:29:56.631Z,1,5,false
2019-07-12T07:30:05.760Z,1,6,false
2019-07-12T07:30:15.601Z,1,7,false
2019-07-12T07:30:25.031Z,1,8,false
2019-07-12T07:30:35.465Z,1,9,false
2019-07-12T07:31:15.953Z,1,1,false
2019-07-12T07:31:26.028Z,1,2,false
2019-07-12T07:31:35.664Z,1,3,false
2019-07-12T07:31:44.652Z,1,4,false
2019-07-12T07:31:54.921Z,1,5,false
2019-07-12T07:32:04.885Z,1,6,false
2019-07-12T07:32:15.037Z,1,7,false
2019-07-12T07:32:24.413Z,1,8,false
2019-07-12T07:32:34.517Z,1,9,false
2019-07-12T07:33:14.809Z,1,1,false
2019-07-12T07:33:22.926Z,1,2,false
2019-07-12T07:33:31.121Z,1,3,false
2019-07-12T07:33:41.278Z,1,4,false
2019-07-12T07:33:51.493Z,1,5,false
2019-07-12T07:34:01.962Z,1,6,false
2019-07-12T07:34:12.189Z,1,7,false
2019-07-12T07:34:21.701Z,1,8,false
2019-07-12T07:34:32.058Z,1,9,false
2019-07-12T07:35:11.611Z,1,1,false
2019-07-12T07:35:21.845Z,1,2,false
2019-07-12T07:35:31.805Z,1,3,false
2019-07-12T07:35:42.324Z,1,4,false
2019-07-12T07:35:52.574Z,1,5,false
2019-07-12T07:36:02.915Z,1,6,false
2019-07-12T07:36:13.138Z,1,7,false
2019-07-12T07:36:22.528Z,1,8,false
2019-07-12T07:36:32.783Z,1,9,false
2019-07-12T07:37:12.409Z,1,1,false
2019-07-12T07:37:21.887Z,1,2,false
2019-07-12T07:37:31.135Z,1,3,false
2019-07-12T07:37:41.607Z,1,4,false
2019-07-12T07:37:52.568Z,1,5,false
2019-07-12T07:38:03.045Z,1,6,false
2019-07-12T07:38:13.698Z,1,7,false
2019-07-12T07:38:23.654Z,1,8,false
2019-07-12T07:38:33.107Z,1,9,false
2019-07-12T07:39:11.406Z,1,1,false
2019-07-12T07:39:20.981Z,1,2,false
2019-07-12T07:39:30.835Z,1,3,false
2019-07-12T07:39:41.041Z,1,4,false
2019-07-12T07:39:51.255Z,1,5,false
2019-07-12T07:40:01.697Z,1,6,false
2019-07-12T07:40:11.536Z,1,7,false
2019-07-12T07:40:20.700Z,1,8,false
2019-07-12T07:40:30.754Z,1,9,false
2019-07-12T07:41:11.006Z,1,1,false
2019-07-12T07:41:20.483Z,1,2,false
2019-07-12T07:41:30.290Z,1,3,false
2019-07-12T07:41:40.170Z,1,4,false
2019-07-12T07:41:50.563Z,1,5,false
2019-07-12T07:42:00.607Z,1,6,false
2019-07-12T07:42:10.541Z,1,7,false
2019-07-12T07:42:19.920Z,1,8,false
2019-07-12T07:42:28.240Z,1,9,false
2019-07-12T07:43:08.269Z,1,1,false
2019-07-12T07:43:18.251Z,1,2,false
2019-07-12T07:43:27.028Z,1,3,false
2019-07-12T07:43:37.605Z,1,4,false
2019-07-12T07:43:47.701Z,1,5,false
2019-07-12T07:43:56.371Z,1,6,false
2019-07-12T07:44:06.270Z,1,7,false
2019-07-12T07:44:15.643Z,1,8,false
2019-07-12T07:44:26.042Z,1,9,false
2019-07-12T07:45:04.091Z,1,1,false
2019-07-12T07:45:13.061Z,1,2,false
2019-07-12T07:45:21.026Z,1,3,false
2019-07-12T07:45:31.262Z,1,4,false
2019-07-12T07:45:40.152Z,1,5,false
2019-07-12T07:45:48.740Z,1,6,false
2019-07-12T07:45:58.882Z,1,7,false
2019-07-12T07:46:08.704Z,1,8,false
2019-07-12T07:46:18.628Z,1,9,false
2019-07-12T07:46:58.330Z,1,1,false
2019-07-12T07:47:08.262Z,1,2,false
2019-07-12T07:47:17.877Z,1,3,false
2019-07-12T07:47:28.167Z,1,4,false
2019-07-12T07:47:38.687Z,1,5,false
2019-07-12T07:47:48.462Z,1,6,false
2019-07-12T07:47:57.135Z,1,7,false
2019-07-12T07:48:06.980Z,1,8,false
2019-07-12T07:48:16.740Z,1,9,false
2019-07-12T07:48:54.921Z,1,1,false
2019-07-12T07:49:04.640Z,1,2,false
2019-07-12T07:49:13.582Z,1,3,false
2019-07-12T07:49:23.356Z,1,4,false
2019-07-12T07:49:33.426Z,1,5,false
2019-07-12T07:49:43.696Z,1,6,false
2019-07-12T07:49:53.277Z,1,7,false
2019-07-12T07:50:03.139Z,1,8,false
2019-07-12T07:50:13.347Z,1,9,false
2019-07-12T07:50:53.702Z,1,1,false
2019-07-12T07:51:03.885Z,1,2,false
2019-07-12T07:51:13.186Z,1,3,false
2019-07-12T07:51:23.620Z,1,4,false
2019-07-12T07:51:33.763Z,1,5,false
2019-07-12T07:51:43.756Z,1,6,false
2019-07-12T07:51:54.315Z,1,7,false
2019-07-12T07:52:04.583Z,1,8,false
2019-07-12T07:52:15.076Z,1,9,false
2019-07-12T07:52:55.633Z,1,1,false
2019-07-12T07:53:05.894Z,1,2,false
2019-07-12T07:53:15.924Z,1,3,false
2019-07-12T07:53:26.508Z,1,4,false
2019-07-12T07:53:37.384Z,1,5,false
2019-07-12T07:53:47.671Z,1,6,false
2019-07-12T07:53:57.999Z,1,7,false
2019-07-12T07:54:08.164Z,1,8,false
2019-07-12T07:54:17.970Z,1,9,false
2019-07-12T07:54:58.562Z,1,1,false
2019-07-12T07:55:08.237Z,1,2,false
2019-07-12T07:55:18.183Z,1,3,false
2019-07-12T07:55:28.858Z,1,4,false
2019-07-12T07:55:39.734Z,1,5,false
2019-07-12T07:55:50.144Z,1,6,false
2019-07-12T07:56:00.599Z,1,7,false
2019-07-12T07:56:09.952Z,1,8,false
2019-07-12T07:56:18.542Z,1,9,false
2019-07-12T07:56:58.047Z,1,1,false
2019-07-12T07:57:07.738Z,1,2,false
2019-07-12T07:57:17.602Z,1,3,false
2019-07-12T07:57:27.969Z,1,4,false
2019-07-12T07:57:38.702Z,1,5,false
2019-07-12T07:57:48.439Z,1,6,false
2019-07-12T07:57:57.909Z,1,7,false
2019-07-12T07:58:06.484Z,1,8,false
2019-07-12T07:58:16.532Z,1,9,false
2019-07-12T07:58:56.690Z,1,1,false
2019-07-12T07:59:05.088Z,1,2,false
2019-07-12T07:59:13.543Z,1,3,false
2019-07-12T07:59:23.706Z,1,4,false
2019-07-12T07:59:34.133Z,1,5,false
2019-07-12T07:59:43.793Z,1,6,false
2019-07-12T07:59:53.945Z,1,7,false
2019-07-12T08:00:03.807Z,1,8,false
2019-07-12T08:00:13.372Z,1,9,false
2019-07-12T08:00:52.234Z,1,1,false
2019-07-12T08:01:00.883Z,1,2,false
2019-07-12T08:01:10.119Z,1,3,false
2019-07-12T08:01:20.062Z,1,4,false
2019-07-12T08:01:30.252Z,1,5,false
2019-07-12T08:01:40.267Z,1,6,false
2019-07-12T08:01:50.505Z,1,7,false
2019-07-12T08:01:59.767Z,1,8,false
2019-07-12T08:02:08.101Z,1,9,false
2019-07-12T08:02:46.658Z,1,1,false
2019-07-12T08:02:56.664Z,1,2,false
2019-07-12T08:03:05.933Z,1,3,false
2019-07-12T08:03:15.620Z,1,4,false
2019-07-12T08:03:25.970Z,1,5,false
2019-07-12T08:03:35.333Z,1,6,false
2019-07-12T08:03:45.826Z,1,7,false
2019-07-12T08:03:54.091Z,1,8,false
2019-07-12T08:04:03.990Z,1,9,false
2019-07-12T08:04:44.131Z,1,1,false
2019-07-12T08:04:54.359Z,1,2,false
2019-07-12T08:05:04.173Z,1,3,false
2019-07-12T08:05:14.376Z,1,4,false
2019-07-12T08:05:24.737Z,1,5,false
2019-07-12T08:05:35.060Z,1,6,false
2019-07-12T08:05:45.641Z,1,7,false
2019-07-12T08:05:55.535Z,1,8,false
2019-07-12T08:06:05.402Z,1,9,false
2019-07-12T08:06:45.733Z,1,1,false
2019-07-12T08:06:55.235Z,1,2,false
2019-07-12T08:07:04.810Z,1,3,false
2019-07-12T08:07:13.810Z,1,4,false
2019-07-12T08:07:23.998Z,1,5,false
2019-07-12T08:07:32.912Z,1,6,false
2019-07-12T08:07:43.308Z,1,7,false
2019-07-12T08:07:52.899Z,1,8,false
2019-07-12T08:08:02.371Z,1,9,false
2019-07-12T08:08:42.061Z,1,1,false
2019-07-12T08:08:51.516Z,1,2,false
2019-07-12T08:09:00.847Z,1,3,false
2019-07-12T08:09:10.994Z,1,4,false
2019-07-12T08:09:21.253Z,1,5,false
2019-07-12T08:09:30.936Z,1,6,false
2019-07-12T08:09:41.158Z,1,7,false
2019-07-12T08:09:50.598Z,1,8,false
2019-07-12T08:10:00.339Z,1,9,false
2019-07-12T08:10:40.005Z,1,1,false
2019-07-12T08:10:49.433Z,1,2,false
2019-07-12T08:10:59.017Z,1,3,false
2019-07-12T08:11:09.240Z,1,4,false
2019-07-12T08:11:19.500Z,1,5,false
2019-07-12T08:11:28.615Z,1,6,false
2019-07-12T08:11:39.124Z,1,7,false
2019-07-12T08:11:48.629Z,1,8,false
2019-07-12T08:11:56.993Z,1,9,false
2019-07-12T08:12:36.839Z,1,1,false
2019-07-12T08:12:46.884Z,1,2,false
2019-07-12T08:12:56.142Z,1,3,false
2019-07-12T08:13:07.699Z,1,4,false
2019-07-12T08:13:18.458Z,1,5,false
2019-07-12T08:13:28.867Z,1,6,false
2019-07-12T08:13:38.253Z,1,7,false
2019-07-12T08:13:47.933Z,1,8,false
2019-07-12T08:13:56.959Z,1,9,false
2019-07-12T08:14:36.257Z,1,1,false
2019-07-12T08:14:46.320Z,1,2,false
2019-07-12T08:14:55.836Z,1,3,false
2019-07-12T08:15:06.146Z,1,4,false
2019-07-12T08:15:16.413Z,1,5,false
2019-07-12T08:15:26.467Z,1,6,false
2019-07-12T08:15:36.396Z,1,7,false
2019-07-12T08:15:44.856Z,1,8,false
2019-07-12T08:15:54.376Z,1,9,false
2019-07-12T08:16:32.412Z,1,1,false
2019-07-12T08:16:42.474Z,1,2,false
2019-07-12T08:16:51.719Z,1,3,false
2019-07-12T08:17:01.911Z,1,4,false
2019-07-12T08:17:12.110Z,1,5,false
2019-07-12T08:17:21.616Z,1,6,false
2019-07-12T08:17:30.358Z,1,7,false
2019-07-12T08:17:40.377Z,1,8,false
2019-07-12T08:17:50.551Z,1,9,false
2019-07-12T08:18:30.472Z,1,1,false
2019-07-12T08:18:40.566Z,1,2,false
2019-07-12T08:18:49.701Z,1,3,false
2019-07-12T08:18:59.927Z,1,4,false
2019-07-12T08:19:10.258Z,1,5,false
2019-07-12T08:19:20.748Z,1,6,false
2019-07-12T08:19:31.441Z,1,7,false
2019-07-12T08:19:41.005Z,1,8,false
2019-07-12T08:19:51.505Z,1,9,false
2019-07-12T08:20:31.931Z,1,1,false
2019-07-12T08:20:42.253Z,1,2,false
2019-07-12T08:20:52.377Z,1,3,false
2019-07-12T08:21:03.086Z,1,4,false
2019-07-12T08:21:13.562Z,1,5,false
2019-07-12T08:21:23.251Z,1,6,false
2019-07-12T08:21:33.048Z,1,7,false
2019-07-12T08:21:43.244Z,1,8,false
2019-07-12T08:21:53.604Z,1,9,false
2019-07-12T08:22:33.331Z,1,1,false
2019-07-12T08:22:42.922Z,1,2,false
2019-07-12T08:22:52.824Z,1,3,false
2019-07-12T08:23:03.382Z,1,4,false
2019-07-12T08:23:13.648Z,1,5,false
2019-07-12T08:23:23.328Z,1,6,false
2019-07-12T08:23:33.320Z,1,7,false
2019-07-12T08:23:42.106Z,1,8,false
2019-07-12T08:23:51.552Z,1,9,false
2019-07-12T08:24:31.902Z,1,1,false
2019-07-12T08:24:41.081Z,1,2,false
2019-07-12T08:24:50.749Z,1,3,false
2019-07-12T08:25:01.060Z,1,4,false
2019-07-12T08:25:11.211Z,1,5,false
2019-07-12T08:25:19.839Z,1,6,false
2019-07-12T08:25:29.514Z,1,7,false
2019-07-12T08:25:38.903Z,1,8,false
2019-07-12T08:25:48.687Z,1,9,false
2019-07-12T08:26:26.964Z,1,1,false
2019-07-12T08:26:36.422Z,1,2,false
2019-07-12T08:26:45.991Z,1,3,false
2019-07-12T08:26:55.640Z,1,4,false
2019-07-12T08:27:05.961Z,1,5,false
2019-07-12T08:27:14.819Z,1,6,false
2019-07-12T08:27:24.099Z,1,7,false
2019-07-12T08:27:34.135Z,1,8,false
2019-07-12T08:27:44.104Z,1,9,false
2019-07-12T08:28:22.262Z,1,1,false
2019-07-12T08:28:30.995Z,1,2,false
2019-07-12T08:28:40.753Z,1,3,false
2019-07-12T08:28:51.345Z,1,4,false
2019-07-12T08:29:01.216Z,1,5,false
2019-07-12T08:29:10.945Z,1,6,false
2019-07-12T08:29:21.113Z,1,7,false
2019-07-12T08:29:30.727Z,1,8,false
2019-07-12T08:29:41.134Z,1,9,false
2019-07-12T08:30:20.932Z,1,1,false
2019-07-12T08:30:31.191Z,1,2,false
2019-07-12T08:30:40.894Z,1,3,false
2019-07-12T08:30:51.056Z,1,4,false
2019-07-12T08:31:02.061Z,1,5,false
2019-07-12T08:31:12.576Z,1,6,false
2019-07-12T08:31:23.225Z,1,7,false
2019-07-12T08:31:33.364Z,1,8,false
2019-07-12T08:31:43.760Z,1,9,false
2019-07-12T08:32:24.046Z,1,1,false
2019-07-12T08:32:33.566Z,1,2,false
2019-07-12T08:32:42.867Z,1,3,false
2019-07-12T08:32:53.406Z,1,4,false
2019-07-12T08:33:03.719Z,1,5,false
2019-07-12T08:33:13.588Z,1,6,false
2019-07-12T08:33:23.218Z,1,7,false
2019-07-12T08:33:32.988Z,1,8,false
2019-07-12T08:33:42.800Z,1,9,false
2019-07-12T08:34:22.949Z,1,1,false
2019-07-12T08:34:32.389Z,1,2,false
2019-07-12T08:34:41.828Z,1,3,false
2019-07-12T08:34:51.805Z,1,4,false
2019-07-12T08:35:02.029Z,1,5,false
2019-07-12T08:35:11.737Z,1,6,false
2019-07-12T08:35:22.146Z,1,7,false
2019-07-12T08:35:31.559Z,1,8,false
2019-07-12T08:35:41.355Z,1,9,false
2019-07-12T08:36:21.087Z,1,1,false
2019-07-12T08:36:31.150Z,1,2,false
2019-07-12T08:36:40.479Z,1,3,false
2019-07-12T08:36:51.275Z,1,4,false
2019-07-12T08:37:02.140Z,1,5,false
2019-07-12T08:37:12.741Z,1,6,false
2019-07-12T08:37:23.329Z,1,7,false
2019-07-12T08:37:33.567Z,1,8,false
2019-07-12T08:37:44.140Z,1,9,false
2019-07-12T08:38:24.634Z,1,1,false
2019-07-12T08:38:34.362Z,1,2,false
2019-07-12T08:38:43.074Z,1,3,false
2019-07-12T08:38:53.775Z,1,4,false
2019-07-12T08:39:04.716Z,1,5,false
2019-07-12T08:39:15.065Z,1,6,false
2019-07-12T08:39:25.812Z,1,7,false
2019-07-12T08:39:35.883Z,1,8,false
2019-07-12T08:39:46.349Z,1,9,false
2019-07-12T08:40:26.828Z,1,1,false
2019-07-12T08:40:34.705Z,1,2,false
2019-07-12T08:40:44.605Z,1,3,false
2019-07-12T08:40:54.015Z,1,4,false
2019-07-12T08:41:02.769Z,1,5,false
2019-07-12T08:41:12.244Z,1,6,false
2019-07-12T08:41:22.328Z,1,7,false
2019-07-12T08:41:31.593Z,1,8,false
2019-07-12T08:41:41.332Z,1,9,false
2019-07-12T08:42:21.075Z,1,1,false
2019-07-12T08:42:29.145Z,1,2,false
2019-07-12T08:42:38.265Z,1,3,false
2019-07-12T08:42:48.032Z,1,4,false
2019-07-12T08:42:58.513Z,1,5,false
2019-07-12T08:43:08.826Z,1,6,false
2019-07-12T08:43:19.316Z,1,7,false
2019-07-12T08:43:29.453Z,1,8,false
2019-07-12T08:43:39.436Z,1,9,false
2019-07-12T08:44:19.878Z,1,1,false
2019-07-12T08:44:27.988Z,1,2,false
2019-07-12T08:44:37.584Z,1,3,false
2019-07-12T08:44:48.189Z,1,4,false
2019-07-12T08:44:59.079Z,1,5,false
2019-07-12T08:45:08.160Z,1,6,false
2019-07-12T08:45:18.262Z,1,7,false
2019-07-12T08:45:27.952Z,1,8,false
2019-07-12T08:45:37.591Z,1,9,false
2019-07-12T08:46:18.146Z,1,1,false
2019-07-12T08:46:26.286Z,1,2,false
2019-07-12T08:46:35.377Z,1,3,false
2019-07-12T08:46:45.968Z,1,4,false
2019-07-12T08:46:55.867Z,1,5,false
2019-07-12T08:47:05.540Z,1,6,false
2019-07-12T08:47:15.546Z,1,7,false
2019-07-12T08:47:25.555Z,1,8,false
2019-07-12T08:47:33.992Z,1,9,false
2019-07-12T08:48:14.386Z,1,1,false
2019-07-12T08:48:22.222Z,1,2,false
2019-07-12T08:48:30.907Z,1,3,false
2019-07-12T08:48:40.817Z,1,4,false
2019-07-12T08:48:51.424Z,1,5,false
2019-07-12T08:49:01.403Z,1,6,false
2019-07-12T08:49:10.556Z,1,7,false
2019-07-12T08:49:19.430Z,1,8,false
2019-07-12T08:49:28.899Z,1,9,false
2019-07-12T08:50:08.668Z,1,1,false
2019-07-12T08:50:18.216Z,1,2,false
2019-07-12T08:50:27.464Z,1,3,false
2019-07-12T08:50:37.371Z,1,4,false
2019-07-12T08:50:47.951Z,1,5,false
2019-07-12T08:50:57.269Z,1,6,false
2019-07-12T08:51:07.144Z,1,7,false
2019-07-12T08:51:16.718Z,1,8,false
2019-07-12T08:51:26.753Z,1,9,false
2019-07-12T08:52:05.245Z,1,1,false
2019-07-12T08:52:14.486Z,1,2,false
2019-07-12T08:52:23.878Z,1,3,false
2019-07-12T08:52:33.858Z,1,4,false
2019-07-12T08:52:44.642Z,1,5,false
2019-07-12T08:52:54.396Z,1,6,false
2019-07-12T08:53:04.923Z,1,7,false
2019-07-12T08:53:13.831Z,1,8,false
2019-07-12T08:53:24.007Z,1,9,false
2019-07-12T08:54:04.035Z,1,1,false
2019-07-12T08:54:11.935Z,1,2,false
2019-07-12T08:54:20.871Z,1,3,false
2019-07-12T08:54:30.481Z,1,4,false
2019-07-12T08:54:39.245Z,1,5,false
2019-07-12T08:54:48.288Z,1,6,false
2019-07-12T08:54:58.745Z,1,7,false
2019-07-12T08:55:08.517Z,1,8,false
2019-07-12T08:55:18.520Z,1,9,false
2019-07-12T08:55:58.337Z,1,1,false
2019-07-12T08:56:08.324Z,1,2,false
2019-07-12T08:56:18.025Z,1,3,false
2019-07-12T08:56:28.125Z,1,4,false
2019-07-12T08:56:38.279Z,1,5,false
2019-07-12T08:56:48.432Z,1,6,false
2019-07-12T08:56:56.688Z,1,7,false
2019-07-12T08:57:06.024Z,1,8,false
2019-07-12T08:57:16.092Z,1,9,false
2019-07-12T08:57:56.044Z,1,1,false
2019-07-12T08:58:04.467Z,1,2,false
2019-07-12T08:58:13.535Z,1,3,false
2019-07-12T08:58:23.158Z,1,4,false
2019-07-12T08:58:33.437Z,1,5,false
2019-07-12T08:58:41.469Z,1,6,false
2019-07-12T08:58:51.633Z,1,7,false
2019-07-12T08:59:00.057Z,1,8,false
2019-07-12T08:59:09.368Z,1,9,false
2019-07-12T08:59:49.638Z,1,1,false
2019-07-12T08:59:57.506Z,1,2,false
2019-07-12T09:00:07.534Z,1,3,false
2019-07-12T09:00:17.314Z,1,4,false
2019-07-12T09:00:27.618Z,1,5,false
2019-07-12T09:00:37.296Z,1,6,false
2019-07-12T09:00:47.418Z,1,7,false
2019-07-12T09:00:56.588Z,1,8,false
2019-07-12T09:01:06.900Z,1,9,false
2019-07-12T09:01:47.216Z,1,1,false
2019-07-12T09:01:57.050Z,1,2,false
2019-07-12T09:02:05.034Z,1,3,false
2019-07-12T09:02:15.006Z,1,4,false
2019-07-12T09:02:25.784Z,1,5,false
2019-07-12T09:02:35.667Z,1,6,false
2019-07-12T09:02:44.770Z,1,7,false
2019-07-12T09:02:54.660Z,1,8,false
2019-07-12T09:03:03.129Z,1,9,false
2019-07-12T09:03:43.173Z,1,1,false
2019-07-12T09:03:51.040Z,1,2,false
2019-07-12T09:04:00.998Z,1,3,false
2019-07-12T09:04:11.370Z,1,4,false
2019-07-12T09:04:22.301Z,1,5,false
2019-07-12T09:04:32.386Z,1,6,false
2019-07-12T09:04:41.172Z,1,7,false
2019-07-12T09:04:50.906Z,1,8,false
2019-07-12T09:05:01.035Z,1,9,false
2019-07-12T09:05:41.128Z,1,1,false
2019-07-12T09:05:49.129Z,1,2,false
2019-07-12T09:05:58.238Z,1,3,false
2019-07-12T09:06:07.622Z,1,4,false
2019-07-12T09:06:16.890Z,1,5,false
2019-07-12T09:06:24.924Z,1,6,false
2019-07-12T09:06:34.866Z,1,7,false
2019-07-12T09:06:44.270Z,1,8,false
2019-07-12T09:06:54.281Z,1,9,false
2019-07-12T09:07:34.135Z,1,1,false
2019-07-12T09:07:41.943Z,1,2,false
2019-07-12T09:07:51.977Z,1,3,false
2019-07-12T09:08:02.650Z,1,4,false
2019-07-12T09:08:13.413Z,1,5,false
2019-07-12T09:08:23.243Z,1,6,false
2019-07-12T09:08:33.627Z,1,7,false
2019-07-12T09:08:43.680Z,1,8,false
2019-07-12T09:08:53.807Z,1,9,false
2019-07-12T09:09:34.229Z,1,1,false
2019-07-12T09:09:42.054Z,1,2,false
2019-07-12T09:09:52.081Z,1,3,false
2019-07-12T09:10:02.014Z,1,4,false
2019-07-12T09:10:12.468Z,1,5,false
2019-07-12T09:10:22.902Z,1,6,false
2019-07-12T09:10:33.530Z,1,7,false
2019-07-12T09:10:43.760Z,1,8,false
2019-07-12T09:10:53.987Z,1,9,false
2019-07-12T09:11:34.175Z,1,1,false
2019-07-12T09:11:42.033Z,1,2,false
2019-07-12T09:11:52.176Z,1,3,false
2019-07-12T09:12:02.236Z,1,4,false
2019-07-12T09:12:12.871Z,1,5,false
2019-07-12T09:12:23.338Z,1,6,false
2019-07-12T09:12:33.093Z,1,7,false
2019-07-12T09:12:43.340Z,1,8,false
2019-07-12T09:12:53.728Z,1,9,false
2019-07-12T09:13:34.049Z,1,1,false
2019-07-12T09:13:41.904Z,1,2,false
2019-07-12T09:13:51.791Z,1,3,false
2019-07-12T09:14:01.732Z,1,4,false
2019-07-12T09:14:12.320Z,1,5,false
2019-07-12T09:14:22.714Z,1,6,false
2019-07-12T09:14:32.950Z,1,7,false
2019-07-12T09:14:42.951Z,1,8,false
2019-07-12T09:14:51.434Z,1,9,false
2019-07-12T09:15:29.935Z,1,1,false
2019-07-12T09:15:37.807Z,1,2,false
2019-07-12T09:15:47.428Z,1,3,false
2019-07-12T09:15:57.829Z,1,4,false
2019-07-12T09:16:08.351Z,1,5,false
2019-07-12T09:16:18.071Z,1,6,false
2019-07-12T09:16:28.047Z,1,7,false
2019-07-12T09:16:37.886Z,1,8,false
2019-07-12T09:16:48.268Z,1,9,false
2019-07-12T09:17:26.697Z,1,1,false
2019-07-12T09:17:34.540Z,1,2,false
2019-07-12T09:17:44.533Z,1,3,false
2019-07-12T09:17:54.889Z,1,4,false
2019-07-12T09:18:05.720Z,1,5,false
2019-07-12T09:18:16.095Z,1,6,false
2019-07-12T09:18:26.419Z,1,7,false
2019-07-12T09:18:36.771Z,1,8,false
2019-07-12T09:18:47.282Z,1,9,false
2019-07-12T09:19:27.022Z,1,1,false
2019-07-12T09:19:34.844Z,1,2,false
2019-07-12T09:19:45.031Z,1,3,false
2019-07-12T09:19:55.777Z,1,4,false
2019-07-12T09:20:06.688Z,1,5,false
2019-07-12T09:20:17.151Z,1,6,false
2019-07-12T09:20:27.822Z,1,7,false
2019-07-12T09:20:37.446Z,1,8,false
2019-07-12T09:20:47.760Z,1,9,false
2019-07-12T09:21:27.330Z,1,1,false
2019-07-12T09:21:35.160Z,1,2,false
2019-07-12T09:21:44.871Z,1,3,false
2019-07-12T09:21:55.300Z,1,4,false
2019-07-12T09:22:05.890Z,1,5,false
2019-07-12T09:22:15.037Z,1,6,false
2019-07-12T09:22:25.127Z,1,7,false
2019-07-12T09:22:34.593Z,1,8,false
2019-07-12T09:22:43.694Z,1,9,false
2019-07-12T09:23:23.357Z,1,1,false
2019-07-12T09:23:31.208Z,1,2,false
2019-07-12T09:23:38.804Z,1,3,false
2019-07-12T09:23:49.436Z,1,4,false
2019-07-12T09:23:59.683Z,1,5,false
2019-07-12T09:24:10.218Z,1,6,false
2019-07-12T09:24:20.397Z,1,7,false
2019-07-12T09:24:30.205Z,1,8,false
2019-07-12T09:24:40.301Z,1,9,false
2019-07-12T09:25:20.537Z,1,1,false
2019-07-12T09:25:28.413Z,1,2,false
2019-07-12T09:25:36.017Z,1,3,false
2019-07-12T09:25:46.829Z,1,4,false
2019-07-12T09:25:56.780Z,1,5,false
2019-07-12T09:26:07.339Z,1,6,false
2019-07-12T09:26:17.263Z,1,7,false
2019-07-12T09:26:27.438Z,1,8,false
2019-07-12T09:26:38.020Z,1,9,false
2019-07-12T09:27:17.836Z,1,1,false
2019-07-12T09:27:25.734Z,1,2,false
2019-07-12T09:27:33.337Z,1,3,false
2019-07-12T09:27:44.054Z,1,4,false
2019-07-12T09:27:54.578Z,1,5,false
2019-07-12T09:28:04.490Z,1,6,false
2019-07-12T09:28:14.659Z,1,7,false
2019-07-12T09:28:24.727Z,1,8,false
2019-07-12T09:28:34.728Z,1,9,false
2019-07-12T09:29:14.264Z,1,1,false
2019-07-12T09:29:23.750Z,1,2,false
2019-07-12T09:29:31.636Z,1,3,false
2019-07-12T09:29:39.928Z,1,4,false
2019-07-12T09:29:50.517Z,1,5,false
2019-07-12T09:30:00.184Z,1,6,false
2019-07-12T09:30:09.448Z,1,7,false
2019-07-12T09:30:17.253Z,1,8,false
2019-07-12T09:30:25.669Z,1,9,false
2019-07-12T09:31:05.689Z,1,1,false
2019-07-12T09:31:13.843Z,1,2,false
2019-07-12T09:31:21.438Z,1,3,false
2019-07-12T09:31:29.720Z,1,4,false
2019-07-12T09:31:39.950Z,1,5,false
2019-07-12T09:31:50.454Z,1,6,false
2019-07-12T09:32:00.938Z,1,7,false
2019-07-12T09:32:10.897Z,1,8,false
2019-07-12T09:32:20.688Z,1,9,false
2019-07-12T09:33:00.991Z,1,1,false
2019-07-12T09:33:10.487Z,1,2,false
2019-07-12T09:33:19.653Z,1,3,false
2019-07-12T09:33:27.960Z,1,4,false
2019-07-12T09:33:38.597Z,1,5,false
2019-07-12T09:33:49.108Z,1,6,false
2019-07-12T09:33:58.924Z,1,7,false
2019-07-12T09:34:08.208Z,1,8,false
2019-07-12T09:34:17.484Z,1,9,false
2019-07-12T09:34:57.421Z,1,1,false
2019-07-12T09:35:06.298Z,1,2,false
2019-07-12T09:35:13.920Z,1,3,false
2019-07-12T09:35:22.240Z,1,4,false
2019-07-12T09:35:31.206Z,1,5,false
2019-07-12T09:35:39.835Z,1,6,false
2019-07-12T09:35:49.558Z,1,7,false
2019-07-12T09:35:59.011Z,1,8,false
2019-07-12T09:36:09.197Z,1,9,false
2019-07-12T09:36:49.523Z,1,1,false
2019-07-12T09:36:57.368Z,1,2,false
2019-07-12T09:37:05.661Z,1,3,false
2019-07-12T09:37:14.328Z,1,4,false
2019-07-12T09:37:24.484Z,1,5,false
2019-07-12T09:37:34.117Z,1,6,false
2019-07-12T09:37:44.115Z,1,7,false
2019-07-12T09:37:54.123Z,1,8,false
2019-07-12T09:38:04.325Z,1,9,false
2019-07-12T09:38:43.949Z,1,1,false
2019-07-12T09:38:51.784Z,1,2,false
2019-07-12T09:38:59.421Z,1,3,false
2019-07-12T09:39:07.757Z,1,4,false
2019-07-12T09:39:17.567Z,1,5,false
2019-07-12T09:39:28.121Z,1,6,false
2019-07-12T09:39:38.716Z,1,7,false
2019-07-12T09:39:49.034Z,1,8,false
2019-07-12T09:39:59.601Z,1,9,false
2019-07-12T09:40:40.162Z,1,1,false
2019-07-12T09:40:49.695Z,1,2,false
2019-07-12T09:40:57.367Z,1,3,false
2019-07-12T09:41:07.184Z,1,4,false
2019-07-12T09:41:15.704Z,1,5,false
2019-07-12T09:41:25.443Z,1,6,false
2019-07-12T09:41:35.743Z,1,7,false
2019-07-12T09:41:45.695Z,1,8,false
2019-07-12T09:41:56.134Z,1,9,false
2019-07-12T09:42:35.331Z,1,1,false
2019-07-12T09:42:45.187Z,1,2,false
2019-07-12T09:42:52.816Z,1,3,false
2019-07-12T09:43:02.208Z,1,4,false
2019-07-12T09:43:10.736Z,1,5,false
2019-07-12T09:43:18.803Z,1,6,false
2019-07-12T09:43:28.662Z,1,7,false
2019-07-12T09:43:38.682Z,1,8,false
2019-07-12T09:43:48.738Z,1,9,false
2019-07-12T09:44:29.150Z,1,1,false
2019-07-12T09:44:39.373Z,1,2,false
2019-07-12T09:44:48.051Z,1,3,false
2019-07-12T09:44:56.375Z,1,4,false
2019-07-12T09:45:04.910Z,1,5,false
2019-07-12T09:45:12.973Z,1,6,false
2019-07-12T09:45:23.471Z,1,7,false
2019-07-12T09:45:33.388Z,1,8,false
2019-07-12T09:45:43.291Z,1,9,false
2019-07-12T09:46:22.922Z,1,1,false
2019-07-12T09:46:33.186Z,1,2,false
2019-07-12T09:46:42.301Z,1,3,false
2019-07-12T09:46:50.701Z,1,4,false
2019-07-12T09:46:59.237Z,1,5,false
2019-07-12T09:47:07.279Z,1,6,false
2019-07-12T09:47:17.566Z,1,7,false
2019-07-12T09:47:27.227Z,1,8,false
2019-07-12T09:47:37.462Z,1,9,false
2019-07-12T09:48:17.529Z,1,1,false
2019-07-12T09:48:27.569Z,1,2,false
2019-07-12T09:48:36.189Z,1,3,false
2019-07-12T09:48:45.383Z,1,4,false
2019-07-12T09:48:53.938Z,1,5,false
2019-07-12T09:49:02.012Z,1,6,false
2019-07-12T09:49:12.438Z,1,7,false
2019-07-12T09:49:22.076Z,1,8,false
2019-07-12T09:49:32.352Z,1,9,false
2019-07-12T09:50:12.081Z,1,1,false
2019-07-12T09:50:21.381Z,1,2,false
2019-07-12T09:50:28.991Z,1,3,false
2019-07-12T09:50:37.331Z,1,4,false
2019-07-12T09:50:47.519Z,1,5,false
2019-07-12T09:50:55.567Z,1,6,false
2019-07-12T09:51:05.978Z,1,7,false
2019-07-12T09:51:15.616Z,1,8,false
2019-07-12T09:51:25.708Z,1,9,false
2019-07-12T09:52:06.037Z,1,1,false
2019-07-12T09:52:15.750Z,1,2,false
2019-07-12T09:52:23.338Z,1,3,false
2019-07-12T09:52:31.658Z,1,4,false
2019-07-12T09:52:40.168Z,1,5,false
2019-07-12T09:52:48.762Z,1,6,false
2019-07-12T09:52:59.349Z,1,7,false
2019-07-12T09:53:09.604Z,1,8,false
2019-07-12T09:53:19.360Z,1,9,false
2019-07-12T09:53:59.841Z,1,1,false
2019-07-12T09:54:09.912Z,1,2,false
2019-07-12T09:54:19.079Z,1,3,false
2019-07-12T09:54:28.967Z,1,4,false
2019-07-12T09:54:37.502Z,1,5,false
2019-07-12T09:54:47.406Z,1,6,false
2019-07-12T09:54:57.664Z,1,7,false
2019-07-12T09:55:07.437Z,1,8,false
2019-07-12T09:55:17.628Z,1,9,false
2019-07-12T09:55:58.140Z,1,1,false
2019-07-12T09:56:07.715Z,1,2,false
2019-07-12T09:56:15.835Z,1,3,false
2019-07-12T09:56:24.166Z,1,4,false
2019-07-12T09:56:32.671Z,1,5,false
2019-07-12T09:56:40.723Z,1,6,false
2019-07-12T09:56:50.220Z,1,7,false
2019-07-12T09:57:00.324Z,1,8,false
2019-07-12T09:57:10.780Z,1,9,false
2019-07-12T09:57:51.186Z,1,1,false
2019-07-12T09:58:00.686Z,1,2,false
2019-07-12T09:58:10.609Z,1,3,false
2019-07-12T09:58:19.212Z,1,4,false
2019-07-12T09:58:27.671Z,1,5,false
2019-07-12T09:58:35.707Z,1,6,false
2019-07-12T09:58:45.909Z,1,7,false
2019-07-12T09:58:56.129Z,1,8,false
2019-07-12T09:59:06.436Z,1,9,false
2019-07-12T09:59:44.987Z,1,1,false
2019-07-12T09:59:55.325Z,1,2,false
2019-07-12T10:00:05.487Z,1,3,false
2019-07-12T10:00:14.937Z,1,4,false
2019-07-12T10:00:25.110Z,1,5,false
2019-07-12T10:00:33.172Z,1,6,false
2019-07-12T10:00:43.755Z,1,7,false
2019-07-12T10:00:51.955Z,1,8,false
2019-07-12T10:01:01.630Z,1,9,false
2019-07-12T10:01:41.074Z,1,1,false
2019-07-12T10:01:51.086Z,1,2,false
2019-07-12T10:01:59.448Z,1,3,false
2019-07-12T10:02:07.746Z,1,4,false
2019-07-12T10:02:16.272Z,1,5,false
2019-07-12T10:02:24.321Z,1,6,false
2019-07-12T10:02:32.519Z,1,7,false
2019-07-12T10:02:42.806Z,1,8,false
2019-07-12T10:02:53.322Z,1,9,false
2019-07-12T10:03:33.898Z,1,1,false
2019-07-12T10:03:43.097Z,1,2,false
2019-07-12T10:03:52.923Z,1,3,false
2019-07-12T10:04:02.846Z,1,4,false
2019-07-12T10:04:11.448Z,1,5,false
2019-07-12T10:04:19.473Z,1,6,false
2019-07-12T10:04:27.643Z,1,7,false
2019-07-12T10:04:37.999Z,1,8,false
2019-07-12T10:04:48.642Z,1,9,false
2019-07-12T10:05:28.995Z,1,1,false
2019-07-12T10:05:39.048Z,1,2,false
2019-07-12T10:05:48.837Z,1,3,false
2019-07-12T10:05:59.085Z,1,4,false
2019-07-12T10:06:07.578Z,1,5,false
2019-07-12T10:06:15.627Z,1,6,false
2019-07-12T10:06:23.771Z,1,7,false
2019-07-12T10:06:33.392Z,1,8,false
2019-07-12T10:06:42.973Z,1,9,false
2019-07-12T10:07:21.582Z,1,1,false
2019-07-12T10:07:31.869Z,1,2,false
2019-07-12T10:07:41.818Z,1,3,false
2019-07-12T10:07:52.435Z,1,4,false
2019-07-12T10:08:00.963Z,1,5,false
2019-07-12T10:08:09.028Z,1,6,false
2019-07-12T10:08:17.220Z,1,7,false
2019-07-12T10:08:25.083Z,1,8,false
2019-07-12T10:08:34.926Z,1,9,false
2019-07-12T10:09:15.312Z,1,1,false
2019-07-12T10:09:25.207Z,1,2,false
2019-07-12T10:09:33.448Z,1,3,false
2019-07-12T10:09:43.448Z,1,4,false
2019-07-12T10:09:53.575Z,1,5,false
2019-07-12T10:10:01.602Z,1,6,false
2019-07-12T10:10:09.789Z,1,7,false
2019-07-12T10:10:17.634Z,1,8,false
2019-07-12T10:10:27.235Z,1,9,false
2019-07-12T10:11:07.414Z,1,1,false
2019-07-12T10:11:17.604Z,1,2,false
2019-07-12T10:11:26.898Z,1,3,false
2019-07-12T10:11:37.030Z,1,4,false
2019-07-12T10:11:47.716Z,1,5,false
2019-07-12T10:11:55.748Z,1,6,false
2019-07-12T10:12:03.914Z,1,7,false
2019-07-12T10:12:11.762Z,1,8,false
2019-07-12T10:12:21.500Z,1,9,false
2019-07-12T10:13:01.198Z,1,1,false
2019-07-12T10:13:09.625Z,1,2,false
2019-07-12T10:13:18.723Z,1,3,false
2019-07-12T10:13:28.770Z,1,4,false
2019-07-12T10:13:39.065Z,1,5,false
2019-07-12T10:13:48.711Z,1,6,false
2019-07-12T10:13:56.959Z,1,7,false
2019-07-12T10:14:04.818Z,1,8,false
2019-07-12T10:14:12.903Z,1,9,false
2019-07-12T10:14:53.070Z,1,1,false
2019-07-12T10:15:02.726Z,1,2,false
2019-07-12T10:15:12.622Z,1,3,false
2019-07-12T10:15:22.087Z,1,4,false
2019-07-12T10:15:32.438Z,1,5,false
2019-07-12T10:15:42.283Z,1,6,false
2019-07-12T10:15:50.557Z,1,7,false
2019-07-12T10:15:59.905Z,1,8,false
2019-07-12T10:16:08.031Z,1,9,false
2019-07-12T10:16:46.496Z,1,1,false
2019-07-12T10:16:56.488Z,1,2,false
2019-07-12T10:17:05.576Z,1,3,false
2019-07-12T10:17:15.428Z,1,4,false
2019-07-12T10:17:25.738Z,1,5,false
2019-07-12T10:17:36.078Z,1,6,false
2019-07-12T10:17:45.079Z,1,7,false
2019-07-12T10:17:52.899Z,1,8,false
2019-07-12T10:18:01.009Z,1,9,false
2019-07-12T10:18:39.046Z,1,1,false
2019-07-12T10:18:48.751Z,1,2,false
2019-07-12T10:18:57.990Z,1,3,false
2019-07-12T10:19:08.337Z,1,4,false
2019-07-12T10:19:19.180Z,1,5,false
2019-07-12T10:19:29.315Z,1,6,false
2019-07-12T10:19:39.185Z,1,7,false
2019-07-12T10:19:48.392Z,1,8,false
2019-07-12T10:19:56.499Z,1,9,false
2019-07-12T10:20:34.820Z,1,1,false
2019-07-12T10:20:44.594Z,1,2,false
2019-07-12T10:20:54.379Z,1,3,false
2019-07-12T10:21:05.002Z,1,4,false
2019-07-12T10:21:15.725Z,1,5,false
2019-07-12T10:21:25.664Z,1,6,false
2019-07-12T10:21:36.240Z,1,7,false
2019-07-12T10:21:44.611Z,1,8,false
2019-07-12T10:21:52.800Z,1,9,false
2019-07-12T10:22:30.846Z,1,1,false
2019-07-12T10:22:40.970Z,1,2,false
2019-07-12T10:22:50.873Z,1,3,false
2019-07-12T10:23:00.853Z,1,4,false
2019-07-12T10:23:11.119Z,1,5,false
2019-07-12T10:23:20.560Z,1,6,false
2019-07-12T10:23:30.422Z,1,7,false
2019-07-12T10:23:39.316Z,1,8,false
2019-07-12T10:23:48.439Z,1,9,false
2019-07-12T10:24:26.502Z,1,1,false
2019-07-12T10:24:36.690Z,1,2,false
2019-07-12T10:24:45.983Z,1,3,false
2019-07-12T10:24:55.973Z,1,4,false
2019-07-12T10:25:06.222Z,1,5,false
2019-07-12T10:25:16.412Z,1,6,false
2019-07-12T10:25:26.682Z,1,7,false
2019-07-12T10:25:34.487Z,1,8,false
2019-07-12T10:25:42.565Z,1,9,false
2019-07-12T10:26:20.697Z,1,1,false
2019-07-12T10:26:30.203Z,1,2,false
2019-07-12T10:26:38.158Z,1,3,false
2019-07-12T10:26:48.673Z,1,4,false
2019-07-12T10:26:57.347Z,1,5,false
2019-07-12T10:27:07.454Z,1,6,false
2019-07-12T10:27:16.037Z,1,7,false
2019-07-12T10:27:25.549Z,1,8,false
2019-07-12T10:27:35.258Z,1,9,false
2019-07-12T10:28:13.281Z,1,1,false
2019-07-12T10:28:22.134Z,1,2,false
2019-07-12T10:28:31.834Z,1,3,false
2019-07-12T10:28:41.914Z,1,4,false
2019-07-12T10:28:52.547Z,1,5,false
2019-07-12T10:29:02.460Z,1,6,false
2019-07-12T10:29:11.737Z,1,7,false
2019-07-12T10:29:21.165Z,1,8,false
2019-07-12T10:29:29.287Z,1,9,false
2019-07-12T10:30:07.338Z,1,1,false
2019-07-12T10:30:16.837Z,1,2,false
2019-07-12T10:30:26.085Z,1,3,false
2019-07-12T10:30:35.288Z,1,4,false
2019-07-12T10:30:44.831Z,1,5,false
2019-07-12T10:30:54.497Z,1,6,false
2019-07-12T10:31:04.417Z,1,7,false
2019-07-12T10:31:12.862Z,1,8,false
2019-07-12T10:31:21.860Z,1,9,false
2019-07-12T10:32:00.739Z,1,1,false
2019-07-12T10:32:10.819Z,1,2,false
2019-07-12T10:32:20.148Z,1,3,false
2019-07-12T10:32:29.070Z,1,4,false
2019-07-12T10:32:37.852Z,1,5,false
2019-07-12T10:32:48.137Z,1,6,false
2019-07-12T10:32:58.034Z,1,7,false
2019-07-12T10:33:06.950Z,1,8,false
2019-07-12T10:33:15.047Z,1,9,false
2019-07-12T10:33:53.143Z,1,1,false
2019-07-12T10:34:02.625Z,1,2,false
2019-07-12T10:34:11.860Z,1,3,false
2019-07-12T10:34:22.088Z,1,4,false
2019-07-12T10:34:32.757Z,1,5,false
2019-07-12T10:34:42.612Z,1,6,false
2019-07-12T10:34:52.560Z,1,7,false
2019-07-12T10:35:01.952Z,1,8,false
2019-07-12T10:35:11.662Z,1,9,false
2019-07-12T10:35:49.751Z,1,1,false
2019-07-12T10:35:57.911Z,1,2,false
2019-07-12T10:36:06.581Z,1,3,false
2019-07-12T10:36:16.844Z,1,4,false
2019-07-12T10:36:26.880Z,1,5,false
2019-07-12T10:36:36.377Z,1,6,false
2019-07-12T10:36:46.975Z,1,7,false
2019-07-12T10:36:56.295Z,1,8,false
2019-07-12T10:37:04.630Z,1,9,false
2019-07-12T10:37:44.193Z,1,1,false
2019-07-12T10:37:54.150Z,1,2,false
2019-07-12T10:38:03.953Z,1,3,false
2019-07-12T10:38:14.345Z,1,4,false
2019-07-12T10:38:24.237Z,1,5,false
2019-07-12T10:38:33.703Z,1,6,false
2019-07-12T10:38:43.282Z,1,7,false
2019-07-12T10:38:52.674Z,1,8,false
2019-07-12T10:39:02.385Z,1,9,false
2019-07-12T10:39:42.087Z,1,1,false
2019-07-12T10:39:51.746Z,1,2,false
2019-07-12T10:40:01.437Z,1,3,false
2019-07-12T10:40:12.272Z,1,4,false
2019-07-12T10:40:22.251Z,1,5,false
2019-07-12T10:40:32.480Z,1,6,false
2019-07-12T10:40:43.074Z,1,7,false
2019-07-12T10:40:50.870Z,1,8,false
2019-07-12T10:40:59.001Z,1,9,false
2019-07-12T10:41:37.105Z,1,1,false
2019-07-12T10:41:46.945Z,1,2,false
2019-07-12T10:41:56.160Z,1,3,false
2019-07-12T10:42:07.251Z,1,4,false
2019-07-12T10:42:17.272Z,1,5,false
2019-07-12T10:42:26.935Z,1,6,false
2019-07-12T10:42:36.128Z,1,7,false
2019-07-12T10:42:45.398Z,1,8,false
2019-07-12T10:42:55.075Z,1,9,false
2019-07-12T10:43:33.118Z,1,1,false
2019-07-12T10:43:42.802Z,1,2,false
2019-07-12T10:43:52.453Z,1,3,false
2019-07-12T10:44:02.816Z,1,4,false
2019-07-12T10:44:13.383Z,1,5,false
2019-07-12T10:44:23.796Z,1,6,false
2019-07-12T10:44:33.730Z,1,7,false
2019-07-12T10:44:41.528Z,1,8,false
2019-07-12T10:44:49.669Z,1,9,false
2019-07-12T10:45:27.709Z,1,1,false
2019-07-12T10:45:36.582Z,1,2,false
2019-07-12T10:45:46.602Z,1,3,false
2019-07-12T10:45:55.669Z,1,4,false
2019-07-12T10:46:06.118Z,1,5,false
2019-07-12T10:46:15.997Z,1,6,false
2019-07-12T10:46:24.672Z,1,7,false
2019-07-12T10:46:34.067Z,1,8,false
2019-07-12T10:46:44.192Z,1,9,false
2019-07-12T10:47:22.484Z,1,1,false
2019-07-12T10:47:32.411Z,1,2,false
2019-07-12T10:47:40.993Z,1,3,false
2019-07-12T10:47:51.527Z,1,4,false
2019-07-12T10:48:01.994Z,1,5,false
2019-07-12T10:48:12.156Z,1,6,false
2019-07-12T10:48:22.490Z,1,7,false
2019-07-12T10:48:30.295Z,1,8,false
2019-07-12T10:48:38.408Z,1,9,false
2019-07-12T10:49:18.037Z,1,1,false
2019-07-12T10:49:27.213Z,1,2,false
2019-07-12T10:49:36.469Z,1,3,false
2019-07-12T10:49:46.518Z,1,4,false
2019-07-12T10:49:56.634Z,1,5,false
2019-07-12T10:50:06.358Z,1,6,false
2019-07-12T10:50:15.942Z,1,7,false
2019-07-12T10:50:25.401Z,1,8,false
2019-07-12T10:50:33.481Z,1,9,false
2019-07-12T10:51:11.537Z,1,1,false
2019-07-12T10:51:21.786Z,1,2,false
2019-07-12T10:51:31.831Z,1,3,false
2019-07-12T10:51:42.702Z,1,4,false
2019-07-12T10:51:53.690Z,1,5,false
2019-07-12T10:52:04.176Z,1,6,false
2019-07-12T10:52:14.427Z,1,7,false
2019-07-12T10:52:24.391Z,1,8,false
2019-07-12T10:52:32.479Z,1,9,false
2019-07-12T10:53:12.141Z,1,1,false
2019-07-12T10:53:21.605Z,1,2,false
2019-07-12T10:53:30.961Z,1,3,false
2019-07-12T10:53:41.152Z,1,4,false
2019-07-12T10:53:51.297Z,1,5,false
2019-07-12T10:54:00.969Z,1,6,false
2019-07-12T10:54:11.049Z,1,7,false
2019-07-12T10:54:20.847Z,1,8,false
2019-07-12T10:54:28.903Z,1,9,false
2019-07-12T10:55:06.929Z,1,1,false
2019-07-12T10:55:16.548Z,1,2,false
2019-07-12T10:55:26.451Z,1,3,false
2019-07-12T10:55:37.011Z,1,4,false
2019-07-12T10:55:47.632Z,1,5,false
2019-07-12T10:55:57.434Z,1,6,false
2019-07-12T10:56:07.455Z,1,7,false
2019-07-12T10:56:16.866Z,1,8,false
2019-07-12T10:56:24.998Z,1,9,false
2019-07-12T10:57:04.721Z,1,1,false
2019-07-12T10:57:14.684Z,1,2,false
2019-07-12T10:57:22.304Z,1,3,false
2019-07-12T10:57:32.418Z,1,4,false
2019-07-12T10:57:42.228Z,1,5,false
2019-07-12T10:57:51.572Z,1,6,false
2019-07-12T10:58:01.403Z,1,7,false
2019-07-12T10:58:10.712Z,1,8,false
2019-07-12T10:58:18.817Z,1,9,false
2019-07-12T10:58:58.487Z,1,1,false
2019-07-12T10:59:08.331Z,1,2,false
2019-07-12T10:59:17.321Z,1,3,false
2019-07-12T10:59:27.123Z,1,4,false
2019-07-12T10:59:37.367Z,1,5,false
2019-07-12T10:59:47.529Z,1,6,false
2019-07-12T10:59:57.330Z,1,7,false
2019-07-12T11:00:06.701Z,1,8,false
2019-07-12T11:00:14.800Z,1,9,false
2019-07-12T11:00:52.816Z,1,1,false
2019-07-12T11:01:02.555Z,1,2,false
2019-07-12T11:01:11.590Z,1,3,false
2019-07-12T11:01:21.674Z,1,4,false
2019-07-12T11:01:32.076Z,1,5,false
2019-07-12T11:01:40.864Z,1,6,false
2019-07-12T11:01:50.309Z,1,7,false
2019-07-12T11:01:59.699Z,1,8,false
2019-07-12T11:02:07.816Z,1,9,false
2019-07-12T11:02:45.891Z,1,1,false
2019-07-12T11:02:55.772Z,1,2,false
2019-07-12T11:03:03.369Z,1,3,false
2019-07-12T11:03:13.483Z,1,4,false
2019-07-12T11:03:24.091Z,1,5,false
2019-07-12T11:03:34.152Z,1,6,false
2019-07-12T11:03:44.323Z,1,7,false
2019-07-12T11:03:52.489Z,1,8,false
2019-07-12T11:04:02.158Z,1,9,false
2019-07-12T11:04:40.220Z,1,1,false
2019-07-12T11:04:49.937Z,1,2,false
2019-07-12T11:04:59.423Z,1,3,false
2019-07-12T11:05:09.489Z,1,4,false
2019-07-12T11:05:18.863Z,1,5,false
2019-07-12T11:05:28.664Z,1,6,false
2019-07-12T11:05:37.268Z,1,7,false
2019-07-12T11:05:46.784Z,1,8,false
2019-07-12T11:05:55.696Z,1,9,false
2019-07-12T11:06:33.760Z,1,1,false
2019-07-12T11:06:42.967Z,1,2,false
2019-07-12T11:06:51.715Z,1,3,false
2019-07-12T11:07:01.951Z,1,4,false
2019-07-12T11:07:12.645Z,1,5,false
2019-07-12T11:07:22.847Z,1,6,false
2019-07-12T11:07:33.289Z,1,7,false
2019-07-12T11:07:43.462Z,1,8,false
2019-07-12T11:07:51.627Z,1,9,false
2019-07-12T11:08:30.558Z,1,1,false
2019-07-12T11:08:40.590Z,1,2,false
2019-07-12T11:08:50.551Z,1,3,false
2019-07-12T11:09:00.555Z,1,4,false
2019-07-12T11:09:11.212Z,1,5,false
2019-07-12T11:09:21.371Z,1,6,false
2019-07-12T11:09:31.564Z,1,7,false
2019-07-12T11:09:41.411Z,1,8,false
2019-07-12T11:09:49.551Z,1,9,false
2019-07-12T11:10:27.610Z,1,1,false
2019-07-12T11:10:36.971Z,1,2,false
2019-07-12T11:10:46.969Z,1,3,false
2019-07-12T11:10:56.982Z,1,4,false
2019-07-12T11:11:07.356Z,1,5,false
2019-07-12T11:11:17.707Z,1,6,false
2019-07-12T11:11:27.087Z,1,7,false
2019-07-12T11:11:36.935Z,1,8,false
2019-07-12T11:11:46.574Z,1,9,false
2019-07-12T11:12:24.632Z,1,1,false
2019-07-12T11:12:33.483Z,1,2,false
2019-07-12T11:12:42.492Z,1,3,false
2019-07-12T11:12:52.440Z,1,4,false
2019-07-12T11:13:02.330Z,1,5,false
2019-07-12T11:13:12.445Z,1,6,false
2019-07-12T11:13:22.192Z,1,7,false
2019-07-12T11:13:30.320Z,1,8,false
2019-07-12T11:13:38.433Z,1,9,false
2019-07-12T11:14:18.685Z,1,1,false
2019-07-12T11:14:28.578Z,1,2,false
2019-07-12T11:14:38.231Z,1,3,false
2019-07-12T11:14:48.948Z,1,4,false
2019-07-12T11:14:59.080Z,1,5,false
2019-07-12T11:15:09.179Z,1,6,false
2019-07-12T11:15:19.365Z,1,7,false
2019-07-12T11:15:27.178Z,1,8,false
2019-07-12T11:15:35.299Z,1,9,false
2019-07-12T11:16:13.347Z,1,1,false
2019-07-12T11:16:23.161Z,1,2,false
2019-07-12T11:16:32.248Z,1,3,false
2019-07-12T11:16:41.316Z,1,4,false
2019-07-12T11:16:51.382Z,1,5,false
2019-07-12T11:17:00.450Z,1,6,false
2019-07-12T11:17:10.913Z,1,7,false
2019-07-12T11:17:20.229Z,1,8,false
2019-07-12T11:17:28.380Z,1,9,false
2019-07-12T11:18:06.455Z,1,1,false
2019-07-12T11:18:16.467Z,1,2,false
2019-07-12T11:18:25.777Z,1,3,false
2019-07-12T11:18:35.481Z,1,4,false
2019-07-12T11:18:44.829Z,1,5,false
2019-07-12T11:18:53.537Z,1,6,false
2019-07-12T11:19:03.651Z,1,7,false
2019-07-12T11:19:13.083Z,1,8,false
2019-07-12T11:19:21.177Z,1,9,false
2019-07-12T11:20:00.801Z,1,1,false
2019-07-12T11:20:10.244Z,1,2,false
2019-07-12T11:20:18.970Z,1,3,false
2019-07-12T11:20:29.482Z,1,4,false
2019-07-12T11:20:39.896Z,1,5,false
2019-07-12T11:20:50.311Z,1,6,false
2019-07-12T11:21:00.198Z,1,7,false
2019-07-12T11:21:10.398Z,1,8,false
2019-07-12T11:21:20.542Z,1,9,false
2019-07-12T11:21:58.588Z,1,1,false
2019-07-12T11:22:08.826Z,1,2,false
2019-07-12T11:22:18.857Z,1,3,false
2019-07-12T11:22:29.681Z,1,4,false
2019-07-12T11:22:39.879Z,1,5,false
2019-07-12T11:22:50.454Z,1,6,false
2019-07-12T11:23:01.054Z,1,7,false
2019-07-12T11:23:10.531Z,1,8,false
2019-07-12T11:23:18.667Z,1,9,false
2019-07-12T11:23:56.734Z,1,1,false
2019-07-12T11:24:07.076Z,1,2,false
2019-07-12T11:24:17.190Z,1,3,false
2019-07-12T11:24:27.909Z,1,4,false
2019-07-12T11:24:37.966Z,1,5,false
2019-07-12T11:24:48.469Z,1,6,false
2019-07-12T11:24:58.813Z,1,7,false
2019-07-12T11:25:08.970Z,1,8,false
2019-07-12T11:25:17.146Z,1,9,false
2019-07-12T11:25:55.155Z,1,1,false
2019-07-12T11:26:05.334Z,1,2,false
2019-07-12T11:26:15.262Z,1,3,false
2019-07-12T11:26:26.488Z,1,4,false
2019-07-12T11:26:37.291Z,1,5,false
2019-07-12T11:26:47.388Z,1,6,false
2019-07-12T11:26:57.815Z,1,7,false
2019-07-12T11:27:07.903Z,1,8,false
2019-07-12T11:27:17.644Z,1,9,false
2019-07-12T11:27:55.696Z,1,1,false
2019-07-12T11:28:03.994Z,1,2,false
2019-07-12T11:28:13.232Z,1,3,false
2019-07-12T11:28:23.425Z,1,4,false
2019-07-12T11:28:33.985Z,1,5,false
2019-07-12T11:28:43.937Z,1,6,false
2019-07-12T11:28:54.023Z,1,7,false
2019-07-12T11:29:02.586Z,1,8,false
2019-07-12T11:29:12.733Z,1,9,false
2019-07-12T11:29:52.400Z,1,1,false
2019-07-12T11:30:01.264Z,1,2,false
2019-07-12T11:30:10.465Z,1,3,false
2019-07-12T11:30:20.684Z,1,4,false
2019-07-12T11:30:31.065Z,1,5,false
2019-07-12T11:30:41.427Z,1,6,false
2019-07-12T11:30:51.332Z,1,7,false
2019-07-12T11:31:01.557Z,1,8,false
2019-07-12T11:31:11.816Z,1,9,false
2019-07-12T11:31:49.852Z,1,1,false
2019-07-12T11:32:00.027Z,1,2,false
2019-07-12T11:32:10.022Z,1,3,false
2019-07-12T11:32:19.998Z,1,4,false
2019-07-12T11:32:30.294Z,1,5,false
2019-07-12T11:32:40.512Z,1,6,false
2019-07-12T11:32:51.007Z,1,7,false
2019-07-12T11:33:01.041Z,1,8,false
2019-07-12T11:33:11.148Z,1,9,false
2019-07-12T11:33:50.721Z,1,1,false
2019-07-12T11:33:59.926Z,1,2,false
2019-07-12T11:34:09.857Z,1,3,false
2019-07-12T11:34:20.678Z,1,4,false
2019-07-12T11:34:31.008Z,1,5,false
2019-07-12T11:34:41.524Z,1,6,false
2019-07-12T11:34:51.505Z,1,7,false
2019-07-12T11:35:01.771Z,1,8,false
2019-07-12T11:35:12.174Z,1,9,false
2019-07-12T11:35:50.257Z,1,1,false
2019-07-12T11:35:59.803Z,1,2,false
2019-07-12T11:36:09.107Z,1,3,false
2019-07-12T11:36:19.855Z,1,4,false
2019-07-12T11:36:29.640Z,1,5,false
2019-07-12T11:36:39.987Z,1,6,false
2019-07-12T11:36:50.018Z,1,7,false
2019-07-12T11:36:58.609Z,1,8,false
2019-07-12T11:37:08.017Z,1,9,false
2019-07-12T11:37:47.799Z,1,1,false
2019-07-12T11:37:57.376Z,1,2,false
2019-07-12T11:38:06.751Z,1,3,false
2019-07-12T11:38:16.793Z,1,4,false
2019-07-12T11:38:27.614Z,1,5,false
2019-07-12T11:38:37.814Z,1,6,false
2019-07-12T11:38:47.942Z,1,7,false
2019-07-12T11:38:56.706Z,1,8,false
2019-07-12T11:39:06.934Z,1,9,false
2019-07-12T11:39:45.540Z,1,1,false
2019-07-12T11:39:55.380Z,1,2,false
2019-07-12T11:40:04.516Z,1,3,false
2019-07-12T11:40:14.098Z,1,4,false
2019-07-12T11:40:23.384Z,1,5,false
2019-07-12T11:40:32.472Z,1,6,false
2019-07-12T11:40:41.710Z,1,7,false
2019-07-12T11:40:51.744Z,1,8,false
2019-07-12T11:41:01.962Z,1,9,false
2019-07-12T11:41:41.613Z,1,1,false
2019-07-12T11:41:51.244Z,1,2,false
2019-07-12T11:42:00.966Z,1,3,false
2019-07-12T11:42:11.731Z,1,4,false
2019-07-12T11:42:21.861Z,1,5,false
2019-07-12T11:42:32.133Z,1,6,false
2019-07-12T11:42:42.296Z,1,7,false
2019-07-12T11:42:51.761Z,1,8,false
2019-07-12T11:43:02.119Z,1,9,false
2019-07-12T11:43:42.267Z,1,1,false
2019-07-12T11:43:51.761Z,1,2,false
2019-07-12T11:44:00.979Z,1,3,false
2019-07-12T11:44:11.441Z,1,4,false
2019-07-12T11:44:21.614Z,1,5,false
2019-07-12T11:44:31.460Z,1,6,false
2019-07-12T11:44:41.587Z,1,7,false
2019-07-12T11:44:51.148Z,1,8,false
2019-07-12T11:45:01.561Z,1,9,false
2019-07-12T11:45:41.794Z,1,1,false
2019-07-12T11:45:51.360Z,1,2,false
2019-07-12T11:46:00.671Z,1,3,false
2019-07-12T11:46:12.497Z,1,4,false
2019-07-12T11:46:23.087Z,1,5,false
2019-07-12T11:46:33.626Z,1,6,false
2019-07-12T11:46:43.551Z,1,7,false
2019-07-12T11:46:53.045Z,1,8,false
2019-07-12T11:47:03.445Z,1,9,false
2019-07-12T11:47:43.981Z,1,1,false
2019-07-12T11:47:54.247Z,1,2,false
2019-07-12T11:48:04.361Z,1,3,false
2019-07-12T11:48:14.902Z,1,4,false
2019-07-12T11:48:26.056Z,1,5,false
2019-07-12T11:48:36.564Z,1,6,false
2019-07-12T11:48:47.188Z,1,7,false
2019-07-12T11:48:57.194Z,1,8,false
2019-07-12T11:49:06.953Z,1,9,false
2019-07-12T11:49:46.153Z,1,1,false
2019-07-12T11:49:55.509Z,1,2,false
2019-07-12T11:50:04.828Z,1,3,false
2019-07-12T11:50:15.396Z,1,4,false
2019-07-12T11:50:26.164Z,1,5,false
2019-07-12T11:50:36.025Z,1,6,false
2019-07-12T11:50:46.420Z,1,7,false
2019-07-12T11:50:55.631Z,1,8,false
2019-07-12T11:51:03.788Z,1,9,false
2019-07-12T11:51:43.900Z,1,1,false
2019-07-12T11:51:53.338Z,1,2,false
2019-07-12T11:52:01.621Z,1,3,false
2019-07-12T11:52:11.538Z,1,4,false
2019-07-12T11:52:21.730Z,1,5,false
2019-07-12T11:52:31.342Z,1,6,false
2019-07-12T11:52:40.109Z,1,7,false
2019-07-12T11:52:49.105Z,1,8,false
2019-07-12T11:52:58.074Z,1,9,false
2019-07-12T11:53:38.371Z,1,1,false
2019-07-12T11:53:47.863Z,1,2,false
2019-07-12T11:53:55.627Z,1,3,false
2019-07-12T11:54:05.490Z,1,4,false
2019-07-12T11:54:14.369Z,1,5,false
2019-07-12T11:54:24.325Z,1,6,false
2019-07-12T11:54:34.554Z,1,7,false
2019-07-12T11:54:44.579Z,1,8,false
2019-07-12T11:54:54.200Z,1,9,false
2019-07-12T11:55:34.479Z,1,1,false
2019-07-12T11:55:42.376Z,1,2,false
2019-07-12T11:55:51.643Z,1,3,false
2019-07-12T11:56:02.043Z,1,4,false
2019-07-12T11:56:12.276Z,1,5,false
2019-07-12T11:56:22.398Z,1,6,false
2019-07-12T11:56:32.674Z,1,7,false
2019-07-12T11:56:42.862Z,1,8,false
2019-07-12T11:56:52.637Z,1,9,false
2019-07-12T11:57:32.761Z,1,1,false
2019-07-12T11:57:40.617Z,1,2,false
2019-07-12T11:57:50.704Z,1,3,false
2019-07-12T11:58:01.407Z,1,4,false
2019-07-12T11:58:12.348Z,1,5,false
2019-07-12T11:58:22.791Z,1,6,false
2019-07-12T11:58:33.450Z,1,7,false
2019-07-12T11:58:43.058Z,1,8,false
2019-07-12T11:58:53.529Z,1,9,false
2019-07-12T11:59:33.161Z,1,1,false
2019-07-12T11:59:41.055Z,1,2,false
2019-07-12T11:59:49.543Z,1,3,false
2019-07-12T11:59:59.408Z,1,4,false
2019-07-12T12:00:09.359Z,1,5,false
2019-07-12T12:00:18.970Z,1,6,false
2019-07-12T12:00:28.919Z,1,7,false
2019-07-12T12:00:38.293Z,1,8,false
2019-07-12T12:00:48.327Z,1,9,false
2019-07-12T12:01:28.294Z,1,1,false
2019-07-12T12:01:36.137Z,1,2,false
2019-07-12T12:01:43.908Z,1,3,false
2019-07-12T12:01:54.183Z,1,4,false
2019-07-12T12:02:04.643Z,1,5,false
2019-07-12T12:02:14.746Z,1,6,false
2019-07-12T12:02:24.656Z,1,7,false
2019-07-12T12:02:34.127Z,1,8,false
2019-07-12T12:02:44.582Z,1,9,false
2019-07-12T12:03:24.680Z,1,1,false
2019-07-12T12:03:32.838Z,1,2,false
2019-07-12T12:03:40.483Z,1,3,false
2019-07-12T12:03:50.858Z,1,4,false
2019-07-12T12:04:01.213Z,1,5,false
2019-07-12T12:04:11.288Z,1,6,false
2019-07-12T12:04:21.201Z,1,7,false
2019-07-12T12:04:30.624Z,1,8,false
2019-07-12T12:04:40.435Z,1,9,false
2019-07-12T12:05:20.722Z,1,1,false
2019-07-12T12:05:28.585Z,1,2,false
2019-07-12T12:05:36.803Z,1,3,false
2019-07-12T12:05:47.390Z,1,4,false
2019-07-12T12:05:57.695Z,1,5,false
2019-07-12T12:06:07.775Z,1,6,false
2019-07-12T12:06:18.036Z,1,7,false
2019-07-12T12:06:28.240Z,1,8,false
2019-07-12T12:06:38.018Z,1,9,false
2019-07-12T12:07:17.880Z,1,1,false
2019-07-12T12:07:25.757Z,1,2,false
2019-07-12T12:07:34.994Z,1,3,false
2019-07-12T12:07:45.439Z,1,4,false
2019-07-12T12:07:55.661Z,1,5,false
2019-07-12T12:08:03.960Z,1,6,false
2019-07-12T12:08:14.156Z,1,7,false
2019-07-12T12:08:24.144Z,1,8,false
2019-07-12T12:08:34.048Z,1,9,false
2019-07-12T12:09:14.569Z,1,1,false
2019-07-12T12:09:22.492Z,1,2,false
2019-07-12T12:09:30.110Z,1,3,false
2019-07-12T12:09:40.067Z,1,4,false
2019-07-12T12:09:50.901Z,1,5,false
2019-07-12T12:10:01.052Z,1,6,false
2019-07-12T12:10:11.495Z,1,7,false
2019-07-12T12:10:21.763Z,1,8,false
2019-07-12T12:11:34.654Z,1,9,false
2019-07-12T12:12:12.687Z,1,1,false
2019-07-12T12:12:22.131Z,1,2,false
2019-07-12T12:12:31.593Z,1,3,false
2019-07-12T12:12:41.591Z,1,4,false
2019-07-12T12:12:50.245Z,1,5,false
2019-07-12T12:13:01.347Z,1,6,false
2019-07-12T12:13:11.949Z,1,7,false
2019-07-12T12:13:19.737Z,1,8,false
2019-07-12T12:13:27.791Z,1,9,false
2019-07-12T12:14:07.478Z,1,1,false
2019-07-12T12:14:15.645Z,1,2,false
2019-07-12T12:14:24.509Z,1,3,false
2019-07-12T12:14:34.965Z,1,4,false
2019-07-12T12:14:44.967Z,1,5,false
2019-07-12T12:14:53.257Z,1,6,false
2019-07-12T12:15:01.563Z,1,7,false
2019-07-12T12:15:11.216Z,1,8,false
2019-07-12T12:15:20.916Z,1,9,false
2019-07-12T12:15:58.961Z,1,1,false
2019-07-12T12:16:08.366Z,1,2,false
2019-07-12T12:16:18.430Z,1,3,false
2019-07-12T12:16:29.212Z,1,4,false
2019-07-12T12:16:40.127Z,1,5,false
2019-07-12T12:16:50.612Z,1,6,false
2019-07-12T12:17:01.402Z,1,7,false
2019-07-12T12:17:11.653Z,1,8,false
2019-07-12T12:17:20.335Z,1,9,false
2019-07-12T12:17:58.367Z,1,1,false
2019-07-12T12:18:08.472Z,1,2,false
2019-07-12T12:18:18.553Z,1,3,false
2019-07-12T12:18:29.353Z,1,4,false
2019-07-12T12:18:40.119Z,1,5,false
2019-07-12T12:18:50.646Z,1,6,false
2019-07-12T12:19:00.532Z,1,7,false
2019-07-12T12:19:10.398Z,1,8,false
2019-07-12T12:19:19.458Z,1,9,false
2019-07-12T12:19:58.186Z,1,1,false
2019-07-12T12:20:08.115Z,1,2,false
2019-07-12T12:20:15.907Z,1,3,false
2019-07-12T12:20:26.056Z,1,4,false
2019-07-12T12:20:35.489Z,1,5,false
2019-07-12T12:20:44.667Z,1,6,false
2019-07-12T12:20:53.236Z,1,7,false
2019-07-12T12:21:02.982Z,1,8,false
2019-07-12T12:21:11.247Z,1,9,false
2019-07-12T12:21:49.345Z,1,1,false
2019-07-12T12:21:59.344Z,1,2,false
2019-07-12T12:22:09.426Z,1,3,false
2019-07-12T12:22:20.235Z,1,4,false
2019-07-12T12:22:30.406Z,1,5,false
2019-07-12T12:22:39.943Z,1,6,false
2019-07-12T12:22:49.918Z,1,7,false
2019-07-12T12:22:59.623Z,1,8,false
2019-07-12T12:23:09.446Z,1,9,false
2019-07-12T12:23:47.506Z,1,1,false
2019-07-12T12:23:57.618Z,1,2,false
2019-07-12T12:24:06.439Z,1,3,false
2019-07-12T12:24:16.333Z,1,4,false
2019-07-12T12:24:25.895Z,1,5,false
2019-07-12T12:24:35.560Z,1,6,false
2019-07-12T12:24:45.767Z,1,7,false
2019-07-12T12:24:54.634Z,1,8,false
2019-07-12T12:25:03.503Z,1,9,false
2019-07-12T12:25:41.497Z,1,1,false
2019-07-12T12:25:51.125Z,1,2,false
2019-07-12T12:26:00.422Z,1,3,false
2019-07-12T12:26:10.671Z,1,4,false
2019-07-12T12:26:21.007Z,1,5,false
2019-07-12T12:26:31.464Z,1,6,false
2019-07-12T12:26:42.070Z,1,7,false
2019-07-12T12:26:51.412Z,1,8,false
2019-07-12T12:27:00.459Z,1,9,false
2019-07-12T12:27:38.477Z,1,1,false
2019-07-12T12:27:48.190Z,1,2,false
2019-07-12T12:27:57.097Z,1,3,false
2019-07-12T12:28:07.293Z,1,4,false
2019-07-12T12:28:18.106Z,1,5,false
2019-07-12T12:28:28.006Z,1,6,false
2019-07-12T12:28:38.458Z,1,7,false
2019-07-12T12:28:47.789Z,1,8,false
2019-07-12T12:28:56.883Z,1,9,false
2019-07-12T12:29:34.938Z,1,1,false
2019-07-12T12:29:45.193Z,1,2,false
2019-07-12T12:29:54.501Z,1,3,false
2019-07-12T12:30:04.487Z,1,4,false
2019-07-12T12:30:14.366Z,1,5,false
2019-07-12T12:30:22.456Z,1,6,false
2019-07-12T12:30:32.022Z,1,7,false
2019-07-12T12:30:42.150Z,1,8,false
2019-07-12T12:30:52.145Z,1,9,false
2019-07-12T12:31:30.185Z,1,1,false
2019-07-12T12:31:40.157Z,1,2,false
2019-07-12T12:31:49.835Z,1,3,false
2019-07-12T12:32:00.093Z,1,4,false
2019-07-12T12:32:10.715Z,1,5,false
2019-07-12T12:32:20.337Z,1,6,false
2019-07-12T12:32:30.569Z,1,7,false
2019-07-12T12:32:40.756Z,1,8,false
2019-07-12T12:32:51.205Z,1,9,false
2019-07-12T12:33:30.872Z,1,1,false
2019-07-12T12:33:40.384Z,1,2,false
2019-07-12T12:33:50.476Z,1,3,false
2019-07-12T12:34:01.169Z,1,4,false
2019-07-12T12:34:11.723Z,1,5,false
2019-07-12T12:34:21.584Z,1,6,false
2019-07-12T12:34:31.821Z,1,7,false
2019-07-12T12:34:42.040Z,1,8,false
2019-07-12T12:34:51.896Z,1,9,false
2019-07-12T12:35:29.951Z,1,1,false
2019-07-12T12:35:40.317Z,1,2,false
2019-07-12T12:35:50.539Z,1,3,false
2019-07-12T12:36:01.180Z,1,4,false
2019-07-12T12:36:12.201Z,1,5,false
2019-07-12T12:36:22.325Z,1,6,false
2019-07-12T12:36:32.293Z,1,7,false
2019-07-12T12:36:40.714Z,1,8,false
2019-07-12T12:36:50.593Z,1,9,false
2019-07-12T12:37:28.713Z,1,1,false
2019-07-12T12:37:38.146Z,1,2,false
2019-07-12T12:37:47.598Z,1,3,false
2019-07-12T12:37:57.849Z,1,4,false
2019-07-12T12:38:08.561Z,1,5,false
2019-07-12T12:38:18.442Z,1,6,false
2019-07-12T12:38:28.076Z,1,7,false
2019-07-12T12:38:38.108Z,1,8,false
2019-07-12T12:38:48.576Z,1,9,false
2019-07-12T12:39:27.433Z,1,1,false
2019-07-12T12:39:36.121Z,1,2,false
2019-07-12T12:39:45.859Z,1,3,false
2019-07-12T12:39:56.369Z,1,4,false
2019-07-12T12:40:05.420Z,1,5,false
2019-07-12T12:40:15.095Z,1,6,false
2019-07-12T12:40:25.559Z,1,7,false
2019-07-12T12:40:35.435Z,1,8,false
2019-07-12T12:40:44.452Z,1,9,false
2019-07-12T12:41:22.881Z,1,1,false
2019-07-12T12:41:32.343Z,1,2,false
2019-07-12T12:41:41.534Z,1,3,false
2019-07-12T12:41:52.080Z,1,4,false
2019-07-12T12:42:02.106Z,1,5,false
2019-07-12T12:42:11.808Z,1,6,false
2019-07-12T12:42:21.236Z,1,7,false
2019-07-12T12:42:30.894Z,1,8,false
2019-07-12T12:42:40.682Z,1,9,false
2019-07-12T12:43:20.609Z,1,1,false
2019-07-12T12:43:28.929Z,1,2,false
2019-07-12T12:43:38.202Z,1,3,false
2019-07-12T12:43:48.003Z,1,4,false
2019-07-12T12:43:58.747Z,1,5,false
2019-07-12T12:44:08.970Z,1,6,false
2019-07-12T12:44:18.541Z,1,7,false
2019-07-12T12:44:28.543Z,1,8,false
2019-07-12T12:44:38.994Z,1,9,false
2019-07-12T12:45:18.145Z,1,1,false
2019-07-12T12:45:25.991Z,1,2,false
2019-07-12T12:45:35.739Z,1,3,false
2019-07-12T12:45:44.739Z,1,4,false
2019-07-12T12:45:54.614Z,1,5,false
2019-07-12T12:46:04.305Z,1,6,false
2019-07-12T12:46:14.699Z,1,7,false
2019-07-12T12:46:23.991Z,1,8,false
2019-07-12T12:46:32.506Z,1,9,false
2019-07-12T12:47:12.257Z,1,1,false
2019-07-12T12:47:21.115Z,1,2,false
2019-07-12T12:47:30.056Z,1,3,false
2019-07-12T12:47:39.813Z,1,4,false
2019-07-12T12:47:49.971Z,1,5,false
2019-07-12T12:47:59.860Z,1,6,false
2019-07-12T12:48:10.248Z,1,7,false
2019-07-12T12:48:19.893Z,1,8,false
2019-07-12T12:48:30.026Z,1,9,false
2019-07-12T12:49:09.736Z,1,1,false
2019-07-12T12:49:19.103Z,1,2,false
2019-07-12T12:49:28.808Z,1,3,false
2019-07-12T12:49:39.326Z,1,4,false
2019-07-12T12:49:50.336Z,1,5,false
2019-07-12T12:50:00.731Z,1,6,false
2019-07-12T12:50:11.019Z,1,7,false
2019-07-12T12:50:20.591Z,1,8,false
2019-07-12T12:50:30.953Z,1,9,false
2019-07-12T12:51:10.440Z,1,1,false
2019-07-12T12:51:20.520Z,1,2,false
2019-07-12T12:51:29.584Z,1,3,false
2019-07-12T12:51:39.937Z,1,4,false
2019-07-12T12:51:50.721Z,1,5,false
2019-07-12T12:52:00.348Z,1,6,false
2019-07-12T12:52:10.930Z,1,7,false
2019-07-12T12:52:20.304Z,1,8,false
2019-07-12T12:52:30.743Z,1,9,false
2019-07-12T12:53:11.132Z,1,1,false
2019-07-12T12:53:21.115Z,1,2,false
2019-07-12T12:53:30.589Z,1,3,false
2019-07-12T12:53:40.701Z,1,4,false
2019-07-12T12:53:51.209Z,1,5,false
2019-07-12T12:54:00.844Z,1,6,false
2019-07-12T12:54:10.830Z,1,7,false
2019-07-12T12:54:20.043Z,1,8,false
2019-07-12T12:54:30.171Z,1,9,false
2019-07-12T12:55:10.537Z,1,1,false
2019-07-12T12:55:20.798Z,1,2,false
2019-07-12T12:55:30.708Z,1,3,false
2019-07-12T12:55:41.930Z,1,4,false
2019-07-12T12:55:52.212Z,1,5,false
2019-07-12T12:56:02.545Z,1,6,false
2019-07-12T12:56:12.787Z,1,7,false
2019-07-12T12:56:22.208Z,1,8,false
2019-07-12T12:56:31.999Z,1,9,false
2019-07-12T12:57:11.730Z,1,1,false
2019-07-12T12:57:21.598Z,1,2,false
2019-07-12T12:57:31.474Z,1,3,false
2019-07-12T12:57:41.447Z,1,4,false
2019-07-12T12:57:51.658Z,1,5,false
2019-07-12T12:58:01.801Z,1,6,false
2019-07-12T12:58:12.167Z,1,7,false
2019-07-12T12:58:20.715Z,1,8,false
2019-07-12T12:58:30.795Z,1,9,false
2019-07-12T12:59:10.720Z,1,1,false
2019-07-12T12:59:19.670Z,1,2,false
2019-07-12T12:59:28.959Z,1,3,false
2019-07-12T12:59:39.512Z,1,4,false
2019-07-12T12:59:49.563Z,1,5,false
2019-07-12T12:59:59.249Z,1,6,false
2019-07-12T13:00:09.388Z,1,7,false
2019-07-12T13:00:18.387Z,1,8,false
2019-07-12T13:00:28.598Z,1,9,false
2019-07-12T13:01:08.682Z,1,1,false
2019-07-12T13:01:18.165Z,1,2,false
2019-07-12T13:01:27.428Z,1,3,false
2019-07-12T13:01:39.183Z,1,4,false
2019-07-12T13:01:49.524Z,1,5,false
2019-07-12T13:01:59.961Z,1,6,false
2019-07-12T13:02:10.307Z,1,7,false
2019-07-12T13:02:20.257Z,1,8,false
2019-07-12T13:02:30.492Z,1,9,false
2019-07-12T13:03:08.524Z,1,1,false
2019-07-12T13:03:18.180Z,1,2,false
2019-07-12T13:03:27.953Z,1,3,false
2019-07-12T13:03:37.621Z,1,4,false
2019-07-12T13:03:47.706Z,1,5,false
2019-07-12T13:03:56.055Z,1,6,false
2019-07-12T13:04:06.348Z,1,7,false
2019-07-12T13:04:15.601Z,1,8,false
2019-07-12T13:04:24.204Z,1,9,false
2019-07-12T13:05:03.969Z,1,1,false
2019-07-12T13:05:13.457Z,1,2,false
2019-07-12T13:05:22.785Z,1,3,false
2019-07-12T13:05:33.278Z,1,4,false
2019-07-12T13:05:44.190Z,1,5,false
2019-07-12T13:05:54.637Z,1,6,false
2019-07-12T13:06:05.170Z,1,7,false
2019-07-12T13:06:15.036Z,1,8,false
2019-07-12T13:06:25.104Z,1,9,false
2019-07-12T13:07:05.409Z,1,1,false
2019-07-12T13:07:14.079Z,1,2,false
2019-07-12T13:07:23.826Z,1,3,false
2019-07-12T13:07:34.321Z,1,4,false
2019-07-12T13:07:45.228Z,1,5,false
2019-07-12T13:07:54.876Z,1,6,false
2019-07-12T13:08:05.169Z,1,7,false
2019-07-12T13:08:14.626Z,1,8,false
2019-07-12T13:08:24.404Z,1,9,false
2019-07-12T13:09:04.188Z,1,1,false
2019-07-12T13:09:13.951Z,1,2,false
2019-07-12T13:09:22.865Z,1,3,false
2019-07-12T13:09:32.983Z,1,4,false
2019-07-12T13:09:42.835Z,1,5,false
2019-07-12T13:09:52.507Z,1,6,false
2019-07-12T13:10:02.376Z,1,7,false
2019-07-12T13:10:11.870Z,1,8,false
2019-07-12T13:10:21.902Z,1,9,false
2019-07-12T13:11:01.861Z,1,1,false
2019-07-12T13:11:11.786Z,1,2,false
2019-07-12T13:11:21.548Z,1,3,false
2019-07-12T13:11:30.327Z,1,4,false
2019-07-12T13:11:40.597Z,1,5,false
2019-07-12T13:11:49.973Z,1,6,false
2019-07-12T13:11:59.454Z,1,7,false
2019-07-12T13:12:07.509Z,1,8,false
2019-07-12T13:12:17.158Z,1,9,false
2019-07-12T13:12:56.911Z,1,1,false
2019-07-12T13:13:06.593Z,1,2,false
2019-07-12T13:13:15.783Z,1,3,false
2019-07-12T13:13:26.296Z,1,4,false
2019-07-12T13:13:36.877Z,1,5,false
2019-07-12T13:13:47.116Z,1,6,false
2019-07-12T13:13:56.124Z,1,7,false
2019-07-12T13:14:05.619Z,1,8,false
2019-07-12T13:14:15.244Z,1,9,false
2019-07-12T13:14:54.219Z,1,1,false
2019-07-12T13:15:03.152Z,1,2,false
2019-07-12T13:15:12.144Z,1,3,false
2019-07-12T13:15:22.169Z,1,4,false
2019-07-12T13:15:32.623Z,1,5,false
2019-07-12T13:15:41.625Z,1,6,false
2019-07-12T13:15:49.833Z,1,7,false
2019-07-12T13:15:59.851Z,1,8,false
2019-07-12T13:16:09.966Z,1,9,false
2019-07-12T13:16:49.522Z,1,1,false
2019-07-12T13:16:58.958Z,1,2,false
2019-07-12T13:17:08.799Z,1,3,false
2019-07-12T13:17:18.792Z,1,4,false
2019-07-12T13:17:28.703Z,1,5,false
2019-07-12T13:17:36.986Z,1,6,false
2019-07-12T13:17:47.275Z,1,7,false
2019-07-12T13:17:55.993Z,1,8,false
2019-07-12T13:18:04.441Z,1,9,false
2019-07-12T13:18:44.441Z,1,1,false
2019-07-12T13:18:54.310Z,1,2,false
2019-07-12T13:19:03.203Z,1,3,false
2019-07-12T13:19:13.154Z,1,4,false
2019-07-12T13:19:23.547Z,1,5,false
2019-07-12T13:19:33.615Z,1,6,false
2019-07-12T13:19:43.603Z,1,7,false
2019-07-12T13:19:53.179Z,1,8,false
2019-07-12T13:20:03.476Z,1,9,false
2019-07-12T13:20:43.221Z,1,1,false
2019-07-12T13:20:52.720Z,1,2,false
2019-07-12T13:21:01.984Z,1,3,false
2019-07-12T13:21:12.540Z,1,4,false
2019-07-12T13:21:22.737Z,1,5,false
2019-07-12T13:21:33.276Z,1,6,false
2019-07-12T13:21:43.080Z,1,7,false
2019-07-12T13:21:53.294Z,1,8,false
2019-07-12T13:22:03.808Z,1,9,false
2019-07-12T13:22:43.540Z,1,1,false
2019-07-12T13:22:53.742Z,1,2,false
2019-07-12T13:23:03.350Z,1,3,false
2019-07-12T13:23:12.298Z,1,4,false
2019-07-12T13:23:22.664Z,1,5,false
2019-07-12T13:23:32.722Z,1,6,false
2019-07-12T13:23:43.079Z,1,7,false
2019-07-12T13:23:53.396Z,1,8,false
2019-07-12T13:24:03.200Z,1,9,false
2019-07-12T13:24:43.572Z,1,1,false
2019-07-12T13:24:53.894Z,1,2,false
2019-07-12T13:25:03.877Z,1,3,false
2019-07-12T13:25:14.467Z,1,4,false
2019-07-12T13:25:23.920Z,1,5,false
2019-07-12T13:25:33.565Z,1,6,false
2019-07-12T13:25:42.144Z,1,7,false
2019-07-12T13:25:52.174Z,1,8,false
2019-07-12T13:26:00.913Z,1,9,false
2019-07-12T13:26:40.153Z,1,1,false
2019-07-12T13:26:48.557Z,1,2,false
2019-07-12T13:26:58.266Z,1,3,false
2019-07-12T13:27:06.847Z,1,4,false
2019-07-12T13:27:17.050Z,1,5,false
2019-07-12T13:27:27.128Z,1,6,false
2019-07-12T13:27:37.326Z,1,7,false
2019-07-12T13:27:47.533Z,1,8,false
2019-07-12T13:27:57.647Z,1,9,false
2019-07-12T13:28:37.877Z,1,1,false
2019-07-12T13:28:47.595Z,1,2,false
2019-07-12T13:28:56.818Z,1,3,false
2019-07-12T13:29:06.907Z,1,4,false
2019-07-12T13:29:15.418Z,1,5,false
2019-07-12T13:29:23.837Z,1,6,false
2019-07-12T13:29:34.250Z,1,7,false
2019-07-12T13:29:43.999Z,1,8,false
2019-07-12T13:29:54.306Z,1,9,false
2019-07-12T13:30:34.652Z,1,1,false
2019-07-12T13:30:43.895Z,1,2,false
2019-07-12T13:30:53.292Z,1,3,false
2019-07-12T13:31:03.356Z,1,4,false
2019-07-12T13:31:12.413Z,1,5,false
2019-07-12T13:31:21.242Z,1,6,false
2019-07-12T13:31:31.10Z,1,7,false
2019-07-12T13:31:40.979Z,1,8,false
2019-07-12T13:31:49.774Z,1,9,false
2019-07-12T13:32:28.864Z,1,1,false
2019-07-12T13:32:37.406Z,1,2,false
2019-07-12T13:32:47.216Z,1,3,false
2019-07-12T13:32:56.088Z,1,4,false
2019-07-12T13:33:06.303Z,1,5,false
2019-07-12T13:33:14.551Z,1,6,false
2019-07-12T13:33:24.912Z,1,7,false
2019-07-12T13:33:34.792Z,1,8,false
2019-07-12T13:33:44.741Z,1,9,false
2019-07-12T13:34:23.977Z,1,1,false
2019-07-12T13:34:33.579Z,1,2,false
2019-07-12T13:34:43.122Z,1,3,false
2019-07-12T13:34:52.174Z,1,4,false
2019-07-12T13:35:00.918Z,1,5,false
2019-07-12T13:35:10.697Z,1,6,false
2019-07-12T13:35:20.908Z,1,7,false
2019-07-12T13:35:30.229Z,1,8,false
2019-07-12T13:35:40.288Z,1,9,false
2019-07-12T13:36:18.900Z,1,1,false
2019-07-12T13:36:28.455Z,1,2,false
2019-07-12T13:36:37.775Z,1,3,false
2019-07-12T13:36:47.913Z,1,4,false
2019-07-12T13:36:57.941Z,1,5,false
2019-07-12T13:37:07.879Z,1,6,false
2019-07-12T13:37:17.856Z,1,7,false
2019-07-12T13:37:26.493Z,1,8,false
2019-07-12T13:37:36.846Z,1,9,false
2019-07-12T13:38:15.981Z,1,1,false
2019-07-12T13:38:24.067Z,1,2,false
2019-07-12T13:38:33.340Z,1,3,false
2019-07-12T13:38:42.737Z,1,4,false
2019-07-12T13:38:52.153Z,1,5,false
2019-07-12T13:39:02.387Z,1,6,false
2019-07-12T13:39:12.494Z,1,7,false
2019-07-12T13:39:21.819Z,1,8,false
2019-07-12T13:39:31.832Z,1,9,false
2019-07-12T13:40:11.935Z,1,1,false
2019-07-12T13:40:21.917Z,1,2,false
2019-07-12T13:40:30.969Z,1,3,false
2019-07-12T13:40:40.128Z,1,4,false
2019-07-12T13:40:50.027Z,1,5,false
2019-07-12T13:41:00.235Z,1,6,false
2019-07-12T13:41:08.770Z,1,7,false
2019-07-12T13:41:18.203Z,1,8,false
2019-07-12T13:41:28.526Z,1,9,false
2019-07-12T13:42:07.814Z,1,1,false
2019-07-12T13:42:15.699Z,1,2,false
2019-07-12T13:42:25.442Z,1,3,false
2019-07-12T13:42:35.394Z,1,4,false
2019-07-12T13:42:46.285Z,1,5,false
2019-07-12T13:42:55.405Z,1,6,false
2019-07-12T13:43:03.853Z,1,7,false
2019-07-12T13:43:13.219Z,1,8,false
2019-07-12T13:43:23.325Z,1,9,false
2019-07-12T13:44:02.430Z,1,1,false
2019-07-12T13:44:11.587Z,1,2,false
2019-07-12T13:44:19.878Z,1,3,false
2019-07-12T13:44:29.741Z,1,4,false
2019-07-12T13:44:40.053Z,1,5,false
2019-07-12T13:44:50.477Z,1,6,false
2019-07-12T13:45:00.774Z,1,7,false
2019-07-12T13:45:10.278Z,1,8,false
2019-07-12T13:45:20.232Z,1,9,false
2019-07-12T13:45:59.858Z,1,1,false
2019-07-12T13:46:08.664Z,1,2,false
2019-07-12T13:46:18.430Z,1,3,false
2019-07-12T13:46:28.533Z,1,4,false
2019-07-12T13:46:38.297Z,1,5,false
2019-07-12T13:46:47.902Z,1,6,false
2019-07-12T13:46:57.633Z,1,7,false
2019-07-12T13:47:06.738Z,1,8,false
2019-07-12T13:47:16.805Z,1,9,false
2019-07-12T13:47:55.124Z,1,1,false
2019-07-12T13:48:03.242Z,1,2,false
2019-07-12T13:48:12.533Z,1,3,false
2019-07-12T13:48:22.639Z,1,4,false
2019-07-12T13:48:33.363Z,1,5,false
2019-07-12T13:48:41.801Z,1,6,false
2019-07-12T13:48:52.235Z,1,7,false
2019-07-12T13:49:02.064Z,1,8,false
2019-07-12T13:49:12.101Z,1,9,false
2019-07-12T13:49:51.753Z,1,1,false
2019-07-12T13:50:01.308Z,1,2,false
2019-07-12T13:50:10.545Z,1,3,false
2019-07-12T13:50:20.735Z,1,4,false
2019-07-12T13:50:30.968Z,1,5,false
2019-07-12T13:50:41.198Z,1,6,false
2019-07-12T13:50:51.633Z,1,7,false
2019-07-12T13:51:01.794Z,1,8,false
2019-07-12T13:51:12.129Z,1,9,false
2019-07-12T13:51:52.596Z,1,1,false
2019-07-12T13:52:02.780Z,1,2,false
2019-07-12T13:52:12.726Z,1,3,false
2019-07-12T13:52:22.774Z,1,4,false
2019-07-12T13:52:33.502Z,1,5,false
2019-07-12T13:52:43.645Z,1,6,false
2019-07-12T13:52:53.964Z,1,7,false
2019-07-12T13:53:03.210Z,1,8,false
2019-07-12T13:53:13.659Z,1,9,false
2019-07-12T13:53:53.390Z,1,1,false
2019-07-12T13:54:03.370Z,1,2,false
2019-07-12T13:54:13.279Z,1,3,false
2019-07-12T13:54:23.205Z,1,4,false
2019-07-12T13:54:33.978Z,1,5,false
2019-07-12T13:54:43.737Z,1,6,false
2019-07-12T13:54:54.016Z,1,7,false
2019-07-12T13:55:03.865Z,1,8,false
2019-07-12T13:55:14.337Z,1,9,false
2019-07-12T13:55:54.533Z,1,1,false
2019-07-12T13:56:03.978Z,1,2,false
2019-07-12T13:56:13.373Z,1,3,false
2019-07-12T13:56:23.885Z,1,4,false
2019-07-12T13:56:34.178Z,1,5,false
2019-07-12T13:56:44.101Z,1,6,false
2019-07-12T13:56:54.198Z,1,7,false
2019-07-12T13:57:04.273Z,1,8,false
2019-07-12T13:57:34.317Z,1,9,false
2019-07-12T13:58:14.022Z,1,1,false
2019-07-12T13:58:23.071Z,1,2,false
2019-07-12T13:58:32.328Z,1,3,false
2019-07-12T13:58:41.123Z,1,4,false
2019-07-12T13:58:51.088Z,1,5,false
2019-07-12T13:59:01.195Z,1,6,false
2019-07-12T13:59:11.292Z,1,7,false
2019-07-12T13:59:20.948Z,1,8,false
2019-07-12T13:59:30.486Z,1,9,false
2019-07-12T14:00:09.983Z,1,1,false
2019-07-12T14:00:17.889Z,1,2,false
2019-07-12T14:00:27.117Z,1,3,false
2019-07-12T14:00:37.639Z,1,4,false
2019-07-12T14:00:47.956Z,1,5,false
2019-07-12T14:00:58.023Z,1,6,false
2019-07-12T14:01:08.104Z,1,7,false
2019-07-12T14:01:18.046Z,1,8,false
2019-07-12T14:01:27.575Z,1,9,false
2019-07-12T14:02:07.537Z,1,1,false
2019-07-12T14:02:15.392Z,1,2,false
2019-07-12T14:02:24.659Z,1,3,false
2019-07-12T14:02:34.882Z,1,4,false
2019-07-12T14:02:45.729Z,1,5,false
2019-07-12T14:02:56.008Z,1,6,false
2019-07-12T14:03:06.126Z,1,7,false
2019-07-12T14:03:15.927Z,1,8,false
2019-07-12T14:03:25.963Z,1,9,false
2019-07-12T14:04:06.252Z,1,1,false
2019-07-12T14:04:16.045Z,1,2,false
2019-07-12T14:04:23.986Z,1,3,false
2019-07-12T14:04:32.932Z,1,4,false
2019-07-12T14:04:43.150Z,1,5,false
2019-07-12T14:04:53.259Z,1,6,false
2019-07-12T14:05:03.661Z,1,7,false
2019-07-12T14:05:13.505Z,1,8,false
2019-07-12T14:05:23.279Z,1,9,false
2019-07-12T14:06:01.853Z,1,1,false
2019-07-12T14:06:10.244Z,1,2,false
2019-07-12T14:06:19.175Z,1,3,false
2019-07-12T14:06:29.625Z,1,4,false
2019-07-12T14:06:39.875Z,1,5,false
2019-07-12T14:06:49.271Z,1,6,false
2019-07-12T14:06:59.801Z,1,7,false
2019-07-12T14:07:09.436Z,1,8,false
2019-07-12T14:07:19.686Z,1,9,false
2019-07-12T14:07:59.730Z,1,1,false
2019-07-12T14:08:07.610Z,1,2,false
2019-07-12T14:08:17.839Z,1,3,false
2019-07-12T14:08:28.613Z,1,4,false
2019-07-12T14:08:39.400Z,1,5,false
2019-07-12T14:08:49.920Z,1,6,false
2019-07-12T14:09:00.652Z,1,7,false
2019-07-12T14:09:10.362Z,1,8,false
2019-07-12T14:09:19.927Z,1,9,false
2019-07-12T14:09:59.839Z,1,1,false
2019-07-12T14:10:07.712Z,1,2,false
2019-07-12T14:10:16.777Z,1,3,false
2019-07-12T14:10:26.903Z,1,4,false
2019-07-12T14:10:36.996Z,1,5,false
2019-07-12T14:10:47.393Z,1,6,false
2019-07-12T14:10:56.752Z,1,7,false
2019-07-12T14:11:06.456Z,1,8,false
2019-07-12T14:11:16.471Z,1,9,false
2019-07-12T14:11:55.968Z,1,1,false
2019-07-12T14:12:03.836Z,1,2,false
2019-07-12T14:12:11.430Z,1,3,false
2019-07-12T14:12:22.170Z,1,4,false
2019-07-12T14:12:32.995Z,1,5,false
2019-07-12T14:12:42.892Z,1,6,false
2019-07-12T14:12:53.194Z,1,7,false
2019-07-12T14:13:01.499Z,1,8,false
2019-07-12T14:13:11.619Z,1,9,false
2019-07-12T14:13:51.868Z,1,1,false
2019-07-12T14:13:59.737Z,1,2,false
2019-07-12T14:14:08.929Z,1,3,false
2019-07-12T14:14:19.525Z,1,4,false
2019-07-12T14:14:29.786Z,1,5,false
2019-07-12T14:14:39.551Z,1,6,false
2019-07-12T14:14:50.161Z,1,7,false
2019-07-12T14:15:00.397Z,1,8,false
2019-07-12T14:15:10.277Z,1,9,false
2019-07-12T14:15:50.753Z,1,1,false
2019-07-12T14:15:59.781Z,1,2,false
2019-07-12T14:16:09.005Z,1,3,false
2019-07-12T14:16:18.960Z,1,4,false
2019-07-12T14:16:29.636Z,1,5,false
2019-07-12T14:16:39.796Z,1,6,false
2019-07-12T14:16:49.995Z,1,7,false
2019-07-12T14:16:59.907Z,1,8,false
2019-07-12T14:17:10.026Z,1,9,false
2019-07-12T14:17:50.130Z,1,1,false
2019-07-12T14:17:58.014Z,1,2,false
2019-07-12T14:18:07.131Z,1,3,false
2019-07-12T14:18:17.380Z,1,4,false
2019-07-12T14:18:27.707Z,1,5,false
2019-07-12T14:18:37.387Z,1,6,false
2019-07-12T14:18:47.745Z,1,7,false
2019-07-12T14:18:57.911Z,1,8,false
2019-07-12T14:19:07.480Z,1,9,false
2019-07-12T14:19:47.176Z,1,1,false
2019-07-12T14:19:55.046Z,1,2,false
2019-07-12T14:20:02.647Z,1,3,false
2019-07-12T14:20:13.368Z,1,4,false
2019-07-12T14:20:23.636Z,1,5,false
2019-07-12T14:20:33.750Z,1,6,false
2019-07-12T14:20:44.252Z,1,7,false
2019-07-12T14:20:54.432Z,1,8,false
2019-07-12T14:21:04.122Z,1,9,false
2019-07-12T14:21:43.875Z,1,1,false
2019-07-12T14:21:51.733Z,1,2,false
2019-07-12T14:21:59.367Z,1,3,false
2019-07-12T14:22:09.843Z,1,4,false
2019-07-12T14:22:20.039Z,1,5,false
2019-07-12T14:22:29.665Z,1,6,false
2019-07-12T14:22:39.472Z,1,7,false
2019-07-12T14:22:48.535Z,1,8,false
2019-07-12T14:22:58.728Z,1,9,false
2019-07-12T14:23:39.033Z,1,1,false
2019-07-12T14:23:48.269Z,1,2,false
2019-07-12T14:23:55.872Z,1,3,false
2019-07-12T14:24:06.482Z,1,4,false
2019-07-12T14:24:16.795Z,1,5,false
2019-07-12T14:24:25.924Z,1,6,false
2019-07-12T14:24:36.247Z,1,7,false
2019-07-12T14:24:46.580Z,1,8,false
2019-07-12T14:24:56.870Z,1,9,false
2019-07-12T14:25:37.203Z,1,1,false
2019-07-12T14:25:46.468Z,1,2,false
2019-07-12T14:25:54.128Z,1,3,false
2019-07-12T14:26:04.667Z,1,4,false
2019-07-12T14:26:15.053Z,1,5,false
2019-07-12T14:26:24.883Z,1,6,false
2019-07-12T14:26:35.285Z,1,7,false
2019-07-12T14:26:45.494Z,1,8,false
2019-07-12T14:26:55.256Z,1,9,false
2019-07-12T14:27:35.361Z,1,1,false
2019-07-12T14:27:43.262Z,1,2,false
2019-07-12T14:27:52.089Z,1,3,false
2019-07-12T14:28:01.569Z,1,4,false
2019-07-12T14:28:12.416Z,1,5,false
2019-07-12T14:28:22.615Z,1,6,false
2019-07-12T14:28:33.155Z,1,7,false
2019-07-12T14:28:43.158Z,1,8,false
2019-07-12T14:28:53.730Z,1,9,false
2019-07-12T14:29:33.118Z,1,1,false
2019-07-12T14:29:40.968Z,1,2,false
2019-07-12T14:29:49.116Z,1,3,false
2019-07-12T14:29:59.770Z,1,4,false
2019-07-12T14:30:10.404Z,1,5,false
2019-07-12T14:30:20.136Z,1,6,false
2019-07-12T14:30:30.263Z,1,7,false
2019-07-12T14:30:39.474Z,1,8,false
2019-07-12T14:30:49.275Z,1,9,false
2019-07-12T14:31:28.455Z,1,1,false
2019-07-12T14:31:36.345Z,1,2,false
2019-07-12T14:31:45.778Z,1,3,false
2019-07-12T14:31:56.239Z,1,4,false
2019-07-12T14:32:06.977Z,1,5,false
2019-07-12T14:32:17.058Z,1,6,false
2019-07-12T14:32:27.338Z,1,7,false
2019-07-12T14:32:36.682Z,1,8,false
2019-07-12T14:32:46.623Z,1,9,false
2019-07-12T14:33:25.952Z,1,1,false
2019-07-12T14:33:35.425Z,1,2,false
2019-07-12T14:33:43.053Z,1,3,false
2019-07-12T14:33:53.093Z,1,4,false
2019-07-12T14:34:02.389Z,1,5,false
2019-07-12T14:34:12.647Z,1,6,false
2019-07-12T14:34:21.086Z,1,7,false
2019-07-12T14:34:30.921Z,1,8,false
2019-07-12T14:34:41.408Z,1,9,false
2019-07-12T14:35:21.169Z,1,1,false
2019-07-12T14:35:29.093Z,1,2,false
2019-07-12T14:35:36.709Z,1,3,false
2019-07-12T14:35:47.131Z,1,4,false
2019-07-12T14:35:58.168Z,1,5,false
2019-07-12T14:36:08.556Z,1,6,false
2019-07-12T14:36:18.577Z,1,7,false
2019-07-12T14:36:26.945Z,1,8,false
2019-07-12T14:36:36.945Z,1,9,false
2019-07-12T14:37:16.965Z,1,1,false
2019-07-12T14:37:26.303Z,1,2,false
2019-07-12T14:37:35.978Z,1,3,false
2019-07-12T14:37:44.885Z,1,4,false
2019-07-12T14:37:53.423Z,1,5,false
2019-07-12T14:38:01.503Z,1,6,false
2019-07-12T14:38:11.477Z,1,7,false
2019-07-12T14:38:21.380Z,1,8,false
2019-07-12T14:38:31.448Z,1,9,false
2019-07-12T14:39:10.878Z,1,1,false
2019-07-12T14:39:21.186Z,1,2,false
2019-07-12T14:39:30.688Z,1,3,false
2019-07-12T14:39:38.943Z,1,4,false
2019-07-12T14:39:48.581Z,1,5,false
2019-07-12T14:39:58.212Z,1,6,false
2019-07-12T14:40:08.544Z,1,7,false
2019-07-12T14:40:17.296Z,1,8,false
2019-07-12T14:42:40.570Z,1,9,false
2019-07-12T14:43:20.792Z,1,1,false
2019-07-12T14:43:28.673Z,1,2,false
2019-07-12T14:43:36.289Z,1,3,false
2019-07-12T14:43:45.579Z,1,4,false
2019-07-12T14:43:55.949Z,1,5,false
2019-07-12T14:44:06.058Z,1,6,false
2019-07-12T14:44:16.479Z,1,7,false
2019-07-12T14:44:25.996Z,1,8,false
2019-07-12T14:44:36.548Z,1,9,false
2019-07-12T14:45:17.125Z,1,1,false
2019-07-12T14:45:25.003Z,1,2,false
2019-07-12T14:45:33.816Z,1,3,false
2019-07-12T14:45:44.026Z,1,4,false
2019-07-12T14:45:52.902Z,1,5,false
2019-07-12T14:46:02.614Z,1,6,false
2019-07-12T14:46:10.848Z,1,7,false
2019-07-12T14:46:20.184Z,1,8,false
2019-07-12T14:46:30.849Z,1,9,false
2019-07-12T14:47:11.146Z,1,1,false
2019-07-12T14:47:20.841Z,1,2,false
2019-07-12T14:47:30.357Z,1,3,false
2019-07-12T14:47:40.534Z,1,4,false
2019-07-12T14:47:50.847Z,1,5,false
2019-07-12T14:47:58.938Z,1,6,false
2019-07-12T14:48:08.729Z,1,7,false
2019-07-12T14:48:16.559Z,1,8,false
2019-07-12T14:48:26.789Z,1,9,false
2019-07-12T14:49:07.012Z,1,1,false
2019-07-12T14:49:15.761Z,1,2,false
2019-07-12T14:49:25.001Z,1,3,false
2019-07-12T14:49:35.428Z,1,4,false
2019-07-12T14:49:44.280Z,1,5,false
2019-07-12T14:49:52.324Z,1,6,false
2019-07-12T14:50:00.517Z,1,7,false
2019-07-12T14:50:09.880Z,1,8,false
2019-07-12T14:50:20.462Z,1,9,false
2019-07-12T14:51:01.061Z,1,1,false
2019-07-12T14:51:10.953Z,1,2,false
2019-07-12T14:51:20.686Z,1,3,false
2019-07-12T14:51:31.274Z,1,4,false
2019-07-12T14:51:41.342Z,1,5,false
2019-07-12T14:51:49.436Z,1,6,false
2019-07-12T14:51:57.640Z,1,7,false
2019-07-12T14:52:05.441Z,1,8,false
2019-07-12T14:52:15.607Z,1,9,false
2019-07-12T14:52:55.586Z,1,1,false
2019-07-12T14:53:05.750Z,1,2,false
2019-07-12T14:53:15.101Z,1,3,false
2019-07-12T14:53:24.723Z,1,4,false
2019-07-12T14:53:35.017Z,1,5,false
2019-07-12T14:53:44.833Z,1,6,false
2019-07-12T14:53:53.019Z,1,7,false
2019-07-12T14:54:02.444Z,1,8,false
2019-07-12T14:54:12.359Z,1,9,false
2019-07-12T14:54:52.531Z,1,1,false
2019-07-12T14:55:02.679Z,1,2,false
2019-07-12T14:55:11.981Z,1,3,false
2019-07-12T14:55:20.856Z,1,4,false
2019-07-12T14:55:31.356Z,1,5,false
2019-07-12T14:55:39.442Z,1,6,false
2019-07-12T14:55:48.604Z,1,7,false
2019-07-12T14:55:56.389Z,1,8,false
2019-07-12T14:56:06.819Z,1,9,false
2019-07-12T14:56:47.277Z,1,1,false
2019-07-12T14:56:56.720Z,1,2,false
2019-07-12T14:57:04.886Z,1,3,false
2019-07-12T14:57:14.935Z,1,4,false
2019-07-12T14:57:24.860Z,1,5,false
2019-07-12T14:57:32.887Z,1,6,false
2019-07-12T14:57:41.057Z,1,7,false
2019-07-12T14:57:49.338Z,1,8,false
2019-07-12T14:57:58.997Z,1,9,false
2019-07-12T14:58:39.373Z,1,1,false
2019-07-12T14:58:49.042Z,1,2,false
2019-07-12T14:58:58.516Z,1,3,false
2019-07-12T14:59:08.789Z,1,4,false
2019-07-12T14:59:19.726Z,1,5,false
2019-07-12T14:59:27.812Z,1,6,false
2019-07-12T14:59:36.018Z,1,7,false
2019-07-12T14:59:44.429Z,1,8,false
2019-07-12T14:59:54.820Z,1,9,false
2019-07-12T15:00:34.053Z,1,1,false
2019-07-12T15:00:44.093Z,1,2,false
2019-07-12T15:00:53.158Z,1,3,false
2019-07-12T15:01:02.365Z,1,4,false
2019-07-12T15:01:12.735Z,1,5,false
2019-07-12T15:01:21.078Z,1,6,false
2019-07-12T15:01:29.256Z,1,7,false
2019-07-12T15:01:37.063Z,1,8,false
2019-07-12T15:01:46.578Z,1,9,false
2019-07-12T15:02:27.183Z,1,1,false
2019-07-12T15:02:36.768Z,1,2,false
2019-07-12T15:02:46.657Z,1,3,false
2019-07-12T15:02:55.814Z,1,4,false
2019-07-12T15:03:04.840Z,1,5,false
2019-07-12T15:03:14.767Z,1,6,false
2019-07-12T15:03:23.062Z,1,7,false
2019-07-12T15:03:30.864Z,1,8,false
2019-07-12T15:03:40.528Z,1,9,false
2019-07-12T15:04:21.075Z,1,1,false
2019-07-12T15:04:30.739Z,1,2,false
2019-07-12T15:04:39.385Z,1,3,false
2019-07-12T15:04:49.734Z,1,4,false
2019-07-12T15:05:00.719Z,1,5,false
2019-07-12T15:05:08.788Z,1,6,false
2019-07-12T15:05:17.138Z,1,7,false
2019-07-12T15:05:24.935Z,1,8,false
2019-07-12T15:05:34.636Z,1,9,false
2019-07-12T15:06:14.890Z,1,1,false
2019-07-12T15:06:24.818Z,1,2,false
2019-07-12T15:06:34.762Z,1,3,false
2019-07-12T15:06:45.482Z,1,4,false
2019-07-12T15:06:55.713Z,1,5,false
2019-07-12T15:07:03.811Z,1,6,false
2019-07-12T15:07:12.262Z,1,7,false
2019-07-12T15:07:20.070Z,1,8,false
2019-07-12T15:07:28.238Z,1,9,false
2019-07-12T15:08:08.639Z,1,1,false
2019-07-12T15:08:18.927Z,1,2,false
2019-07-12T15:08:28.219Z,1,3,false
2019-07-12T15:08:38.593Z,1,4,false
2019-07-12T15:08:49.034Z,1,5,false
2019-07-12T15:08:59.065Z,1,6,false
2019-07-12T15:09:07.201Z,1,7,false
2019-07-12T15:09:14.999Z,1,8,false
2019-07-12T15:09:23.108Z,1,9,false
2019-07-12T15:10:02.538Z,1,1,false
2019-07-12T15:10:12.009Z,1,2,false
2019-07-12T15:10:21.492Z,1,3,false
2019-07-12T15:10:31.432Z,1,4,false
2019-07-12T15:10:41.935Z,1,5,false
2019-07-12T15:10:51.629Z,1,6,false
2019-07-12T15:10:59.818Z,1,7,false
2019-07-12T15:11:07.638Z,1,8,false
2019-07-12T15:11:15.728Z,1,9,false
2019-07-12T15:11:54.713Z,1,1,false
2019-07-12T15:12:04.966Z,1,2,false
2019-07-12T15:12:14.712Z,1,3,false
2019-07-12T15:12:24.870Z,1,4,false
2019-07-12T15:12:35.668Z,1,5,false
2019-07-12T15:12:45.689Z,1,6,false
2019-07-12T15:12:53.832Z,1,7,false
2019-07-12T15:13:01.655Z,1,8,false
2019-07-12T15:13:09.717Z,1,9,false
2019-07-12T15:13:47.723Z,1,1,false
2019-07-12T15:13:58.095Z,1,2,false
2019-07-12T15:14:07.709Z,1,3,false
2019-07-12T15:14:18.260Z,1,4,false
2019-07-12T15:14:28.295Z,1,5,false
2019-07-12T15:14:38.283Z,1,6,false
2019-07-12T15:14:48.968Z,1,7,false
2019-07-12T15:14:56.768Z,1,8,false
2019-07-12T15:15:06.894Z,1,9,false
2019-07-12T15:15:46.154Z,1,1,false
2019-07-12T15:15:56.333Z,1,2,false
2019-07-12T15:16:04.108Z,1,3,false
2019-07-12T15:16:14.138Z,1,4,false
2019-07-12T15:16:25.000Z,1,5,false
2019-07-12T15:16:35.008Z,1,6,false
2019-07-12T15:16:44.535Z,1,7,false
2019-07-12T15:16:52.703Z,1,8,false
2019-07-12T15:17:00.810Z,1,9,false
2019-07-12T15:17:38.870Z,1,1,false
2019-07-12T15:17:48.294Z,1,2,false
2019-07-12T15:17:57.558Z,1,3,false
2019-07-12T15:18:08.205Z,1,4,false
2019-07-12T15:18:18.905Z,1,5,false
2019-07-12T15:18:28.685Z,1,6,false
2019-07-12T15:18:37.300Z,1,7,false
2019-07-12T15:18:47.381Z,1,8,false
2019-07-12T15:18:55.476Z,1,9,false
2019-07-12T15:19:33.570Z,1,1,false
2019-07-12T15:19:42.775Z,1,2,false
2019-07-12T15:19:51.996Z,1,3,false
2019-07-12T15:20:01.350Z,1,4,false
2019-07-12T15:20:11.926Z,1,5,false
2019-07-12T15:20:21.602Z,1,6,false
2019-07-12T15:20:29.879Z,1,7,false
2019-07-12T15:20:39.845Z,1,8,false
2019-07-12T15:20:48.714Z,1,9,false
2019-07-12T15:21:26.787Z,1,1,false
2019-07-12T15:21:36.213Z,1,2,false
2019-07-12T15:21:44.986Z,1,3,false
2019-07-12T15:21:55.079Z,1,4,false
2019-07-12T15:22:05.142Z,1,5,false
2019-07-12T15:22:13.706Z,1,6,false
2019-07-12T15:22:22.465Z,1,7,false
2019-07-12T15:22:32.320Z,1,8,false
2019-07-12T15:22:40.498Z,1,9,false
2019-07-12T15:23:19.055Z,1,1,false
2019-07-12T15:23:28.577Z,1,2,false
2019-07-12T15:23:37.713Z,1,3,false
2019-07-12T15:23:48.294Z,1,4,false
2019-07-12T15:23:58.936Z,1,5,false
2019-07-12T15:24:08.162Z,1,6,false
2019-07-12T15:24:16.838Z,1,7,false
2019-07-12T15:24:26.207Z,1,8,false
2019-07-12T15:24:34.330Z,1,9,false
2019-07-12T15:25:13.738Z,1,1,false
2019-07-12T15:25:23.905Z,1,2,false
2019-07-12T15:25:33.849Z,1,3,false
2019-07-12T15:25:44.628Z,1,4,false
2019-07-12T15:25:54.278Z,1,5,false
2019-07-12T15:26:03.701Z,1,6,false
2019-07-12T15:26:12.815Z,1,7,false
2019-07-12T15:26:20.614Z,1,8,false
2019-07-12T15:26:29.889Z,1,9,false
2019-07-12T15:27:07.958Z,1,1,false
2019-07-12T15:27:17.220Z,1,2,false
2019-07-12T15:27:27.098Z,1,3,false
2019-07-12T15:27:37.278Z,1,4,false
2019-07-12T15:27:48.087Z,1,5,false
2019-07-12T15:27:57.825Z,1,6,false
2019-07-12T15:28:08.208Z,1,7,false
2019-07-12T15:28:16.335Z,1,8,false
2019-07-12T15:28:24.439Z,1,9,false
2019-07-12T15:29:02.464Z,1,1,false
2019-07-12T15:29:11.922Z,1,2,false
2019-07-12T15:29:21.187Z,1,3,false
2019-07-12T15:29:31.519Z,1,4,false
2019-07-12T15:29:42.112Z,1,5,false
2019-07-12T15:29:52.268Z,1,6,false
2019-07-12T15:30:01.839Z,1,7,false
2019-07-12T15:30:11.501Z,1,8,false
2019-07-12T15:30:19.627Z,1,9,false
2019-07-12T15:30:57.645Z,1,1,false
2019-07-12T15:31:07.927Z,1,2,false
2019-07-12T15:31:17.752Z,1,3,false
2019-07-12T15:31:28.007Z,1,4,false
2019-07-12T15:31:38.012Z,1,5,false
2019-07-12T15:31:48.536Z,1,6,false
2019-07-12T15:31:58.582Z,1,7,false
2019-07-12T15:32:08.779Z,1,8,false
2019-07-12T15:32:16.932Z,1,9,false
2019-07-12T15:32:55.085Z,1,1,false
2019-07-12T15:33:04.758Z,1,2,false
2019-07-12T15:33:13.370Z,1,3,false
2019-07-12T15:33:23.674Z,1,4,false
2019-07-12T15:33:34.013Z,1,5,false
2019-07-12T15:33:43.505Z,1,6,false
2019-07-12T15:33:53.892Z,1,7,false
2019-07-12T15:34:03.879Z,1,8,false
2019-07-12T15:34:12.875Z,1,9,false
2019-07-12T15:34:50.984Z,1,1,false
2019-07-12T15:35:01.153Z,1,2,false
2019-07-12T15:35:10.487Z,1,3,false
2019-07-12T15:35:20.913Z,1,4,false
2019-07-12T15:35:31.650Z,1,5,false
2019-07-12T15:35:40.303Z,1,6,false
2019-07-12T15:35:50.064Z,1,7,false
2019-07-12T15:35:59.794Z,1,8,false
2019-07-12T15:36:09.621Z,1,9,false
2019-07-12T15:36:49.248Z,1,1,false
2019-07-12T15:36:58.836Z,1,2,false
2019-07-12T15:37:06.909Z,1,3,false
2019-07-12T15:37:16.905Z,1,4,false
2019-07-12T15:37:27.168Z,1,5,false
2019-07-12T15:37:35.928Z,1,6,false
2019-07-12T15:37:46.441Z,1,7,false
2019-07-12T15:37:55.805Z,1,8,false
2019-07-12T15:38:05.658Z,1,9,false
2019-07-12T15:38:45.349Z,1,1,false
2019-07-12T15:38:54.498Z,1,2,false
2019-07-12T15:39:03.593Z,1,3,false
2019-07-12T15:39:13.733Z,1,4,false
2019-07-12T15:39:24.143Z,1,5,false
2019-07-12T15:39:34.294Z,1,6,false
2019-07-12T15:39:43.110Z,1,7,false
2019-07-12T15:39:52.536Z,1,8,false
2019-07-12T15:40:02.653Z,1,9,false
2019-07-12T15:40:40.727Z,1,1,false
2019-07-12T15:40:50.090Z,1,2,false
2019-07-12T15:40:59.282Z,1,3,false
2019-07-12T15:41:09.981Z,1,4,false
2019-07-12T15:41:20.627Z,1,5,false
2019-07-12T15:41:29.327Z,1,6,false
2019-07-12T15:41:38.525Z,1,7,false
2019-07-12T15:41:48.535Z,1,8,false
2019-07-12T15:41:58.456Z,1,9,false
2019-07-12T15:42:36.525Z,1,1,false
2019-07-12T15:42:46.177Z,1,2,false
2019-07-12T15:42:56.033Z,1,3,false
2019-07-12T15:43:06.666Z,1,4,false
2019-07-12T15:43:17.426Z,1,5,false
2019-07-12T15:43:27.882Z,1,6,false
2019-07-12T15:43:38.472Z,1,7,false
2019-07-12T15:43:48.695Z,1,8,false
2019-07-12T15:43:57.138Z,1,9,false
2019-07-12T15:44:36.284Z,1,1,false
2019-07-12T15:44:46.743Z,1,2,false
2019-07-12T15:44:56.776Z,1,3,false
2019-07-12T15:45:07.271Z,1,4,false
2019-07-12T15:45:17.483Z,1,5,false
2019-07-12T15:45:43.004Z,1,6,false
2019-07-12T15:45:52.907Z,1,7,false
2019-07-12T15:46:00.718Z,1,8,false
2019-07-12T15:46:10.259Z,1,9,false
2019-07-12T15:46:49.950Z,1,1,false
2019-07-12T15:47:00.233Z,1,2,false
2019-07-12T15:47:09.233Z,1,3,false
2019-07-12T15:47:19.10Z,1,4,false
2019-07-12T15:47:29.759Z,1,5,false
2019-07-12T15:48:09.189Z,1,6,false
2019-07-12T15:48:19.790Z,1,7,false
2019-07-12T15:48:29.077Z,1,8,false
2019-07-12T15:48:38.892Z,1,9,false
2019-07-12T15:49:19.420Z,1,1,false
2019-07-12T15:49:29.462Z,1,2,false
2019-07-12T15:49:39.336Z,1,3,false
2019-07-12T15:49:48.687Z,1,4,false
2019-07-12T15:49:57.198Z,1,5,false
2019-07-12T15:50:05.278Z,1,6,false
2019-07-12T15:50:15.148Z,1,7,false
2019-07-12T15:50:24.517Z,1,8,false
2019-07-12T15:50:35.029Z,1,9,false
2019-07-12T15:51:15.450Z,1,1,false
2019-07-12T15:51:25.428Z,1,2,false
2019-07-12T15:51:34.685Z,1,3,false
2019-07-12T15:51:42.957Z,1,4,false
2019-07-12T15:51:51.574Z,1,5,false
2019-07-12T15:51:59.616Z,1,6,false
2019-07-12T15:52:07.779Z,1,7,false
2019-07-12T15:52:17.487Z,1,8,false
2019-07-12T15:52:26.192Z,1,9,false
2019-07-12T15:53:06.457Z,1,1,false
2019-07-12T15:53:16.680Z,1,2,false
2019-07-12T15:53:25.875Z,1,3,false
2019-07-12T15:53:34.223Z,1,4,false
2019-07-12T15:53:42.757Z,1,5,false
2019-07-12T15:53:50.890Z,1,6,false
2019-07-12T15:54:00.761Z,1,7,false
2019-07-12T15:54:10.855Z,1,8,false
2019-07-12T15:54:21.101Z,1,9,false
2019-07-12T15:55:01.410Z,1,1,false
2019-07-12T15:55:11.178Z,1,2,false
2019-07-12T15:55:19.895Z,1,3,false
2019-07-12T15:55:30.259Z,1,4,false
2019-07-12T15:55:38.803Z,1,5,false
2019-07-12T15:55:48.417Z,1,6,false
2019-07-12T15:55:56.663Z,1,7,false
2019-07-12T15:56:06.255Z,1,8,false
2019-07-12T15:56:16.654Z,1,9,false
2019-07-12T15:56:56.974Z,1,1,false
2019-07-12T15:57:07.273Z,1,2,false
2019-07-12T15:57:17.137Z,1,3,false
2019-07-12T15:57:27.320Z,1,4,false
2019-07-12T15:57:35.791Z,1,5,false
2019-07-12T15:57:43.926Z,1,6,false
2019-07-12T15:57:52.087Z,1,7,false
2019-07-12T15:58:01.017Z,1,8,false
2019-07-12T15:58:11.287Z,1,9,false
2019-07-12T15:58:51.449Z,1,1,false
2019-07-12T15:58:59.922Z,1,2,false
2019-07-12T15:59:10.551Z,1,3,false
2019-07-12T15:59:19.933Z,1,4,false
2019-07-12T15:59:28.529Z,1,5,false
2019-07-12T15:59:36.894Z,1,6,false
2019-07-12T15:59:46.375Z,1,7,false
2019-07-12T15:59:54.185Z,1,8,false
2019-07-12T16:00:04.776Z,1,9,false
2019-07-12T16:00:44.578Z,1,1,false
2019-07-12T16:00:54.620Z,1,2,false
2019-07-12T16:01:03.852Z,1,3,false
2019-07-12T16:01:14.202Z,1,4,false
2019-07-12T16:01:24.368Z,1,5,false
2019-07-12T16:01:34.023Z,1,6,false
2019-07-12T16:01:42.240Z,1,7,false
2019-07-12T16:01:50.271Z,1,8,false
2019-07-12T16:02:00.799Z,1,9,false
2019-07-12T16:02:41.421Z,1,1,false
2019-07-12T16:02:51.717Z,1,2,false
2019-07-12T16:03:01.030Z,1,3,false
2019-07-12T16:03:11.599Z,1,4,false
2019-07-12T16:03:22.716Z,1,5,false
2019-07-12T16:03:30.754Z,1,6,false
2019-07-12T16:03:38.913Z,1,7,false
2019-07-12T16:03:48.196Z,1,8,false
2019-07-12T16:03:56.562Z,1,9,false
2019-07-12T16:04:36.697Z,1,1,false
2019-07-12T16:04:46.997Z,1,2,false
2019-07-12T16:04:56.460Z,1,3,false
2019-07-12T16:05:07.160Z,1,4,false
2019-07-12T16:05:18.782Z,1,5,false
2019-07-12T16:05:26.839Z,1,6,false
2019-07-12T16:05:35.076Z,1,7,false
2019-07-12T16:05:43.241Z,1,8,false
2019-07-12T16:05:51.387Z,1,9,false
2019-07-12T16:06:30.997Z,1,1,false
2019-07-12T16:06:39.586Z,1,2,false
2019-07-12T16:06:48.765Z,1,3,false
2019-07-12T16:06:58.064Z,1,4,false
2019-07-12T16:07:08.624Z,1,5,false
2019-07-12T16:07:18.305Z,1,6,false
2019-07-12T16:07:26.549Z,1,7,false
2019-07-12T16:07:34.381Z,1,8,false
2019-07-12T16:07:42.529Z,1,9,false
2019-07-12T16:08:22.400Z,1,1,false
2019-07-12T16:08:32.467Z,1,2,false
2019-07-12T16:08:42.348Z,1,3,false
2019-07-12T16:08:52.939Z,1,4,false
2019-07-12T16:09:03.347Z,1,5,false
2019-07-12T16:09:13.103Z,1,6,false
2019-07-12T16:09:21.344Z,1,7,false
2019-07-12T16:09:29.168Z,1,8,false
2019-07-12T16:09:37.258Z,1,9,false
2019-07-12T16:10:16.900Z,1,1,false
2019-07-12T16:10:27.171Z,1,2,false
2019-07-12T16:10:37.068Z,1,3,false
2019-07-12T16:10:47.752Z,1,4,false
2019-07-12T16:10:58.189Z,1,5,false
2019-07-12T16:11:08.571Z,1,6,false
2019-07-12T16:11:17.007Z,1,7,false
2019-07-12T16:11:24.829Z,1,8,false
2019-07-12T16:11:32.920Z,1,9,false
2019-07-12T16:12:10.987Z,1,1,false
2019-07-12T16:12:19.952Z,1,2,false
2019-07-12T16:12:29.586Z,1,3,false
2019-07-12T16:12:39.823Z,1,4,false
2019-07-12T16:12:50.358Z,1,5,false
2019-07-12T16:13:00.119Z,1,6,false
2019-07-12T16:13:10.276Z,1,7,false
2019-07-12T16:13:19.649Z,1,8,false
2019-07-12T16:13:29.292Z,1,9,false
2019-07-12T16:14:07.385Z,1,1,false
2019-07-12T16:14:17.333Z,1,2,false
2019-07-12T16:14:26.996Z,1,3,false
2019-07-12T16:14:37.384Z,1,4,false
2019-07-12T16:14:48.221Z,1,5,false
2019-07-12T16:14:58.407Z,1,6,false
2019-07-12T16:15:07.957Z,1,7,false
2019-07-12T16:15:16.205Z,1,8,false
2019-07-12T16:15:24.325Z,1,9,false
2019-07-12T16:16:02.415Z,1,1,false
2019-07-12T16:16:11.987Z,1,2,false
2019-07-12T16:16:21.940Z,1,3,false
2019-07-12T16:16:32.661Z,1,4,false
2019-07-12T16:16:43.289Z,1,5,false
2019-07-12T16:16:53.10Z,1,6,false
2019-07-12T16:17:03.140Z,1,7,false
2019-07-12T16:17:10.921Z,1,8,false
2019-07-12T16:17:19.015Z,1,9,false
2019-07-12T16:17:57.051Z,1,1,false
2019-07-12T16:18:07.472Z,1,2,false
2019-07-12T16:18:17.156Z,1,3,false
2019-07-12T16:18:27.205Z,1,4,false
2019-07-12T16:18:37.925Z,1,5,false
2019-07-12T16:18:48.342Z,1,6,false
2019-07-12T16:18:58.762Z,1,7,false
2019-07-12T16:19:06.551Z,1,8,false
2019-07-12T16:19:14.723Z,1,9,false
2019-07-12T16:19:54.427Z,1,1,false
2019-07-12T16:20:04.371Z,1,2,false
2019-07-12T16:20:13.481Z,1,3,false
2019-07-12T16:20:23.258Z,1,4,false
2019-07-12T16:20:32.895Z,1,5,false
2019-07-12T16:20:43.183Z,1,6,false
2019-07-12T16:20:53.383Z,1,7,false
2019-07-12T16:21:02.792Z,1,8,false
2019-07-12T16:21:10.871Z,1,9,false
2019-07-12T16:21:48.949Z,1,1,false
2019-07-12T16:21:59.127Z,1,2,false
2019-07-12T16:22:07.377Z,1,3,false
2019-07-12T16:22:16.750Z,1,4,false
2019-07-12T16:22:27.629Z,1,5,false
2019-07-12T16:22:37.998Z,1,6,false
2019-07-12T16:22:48.695Z,1,7,false
2019-07-12T16:22:56.510Z,1,8,false
2019-07-12T16:23:05.132Z,1,9,false
2019-07-12T16:23:43.231Z,1,1,false
2019-07-12T16:23:52.491Z,1,2,false
2019-07-12T16:24:01.682Z,1,3,false
2019-07-12T16:24:11.723Z,1,4,false
2019-07-12T16:24:22.102Z,1,5,false
2019-07-12T16:24:31.820Z,1,6,false
2019-07-12T16:24:41.855Z,1,7,false
2019-07-12T16:24:51.356Z,1,8,false
2019-07-12T16:24:59.516Z,1,9,false
2019-07-12T16:25:37.545Z,1,1,false
2019-07-12T16:25:47.708Z,1,2,false
2019-07-12T16:25:56.212Z,1,3,false
2019-07-12T16:26:06.382Z,1,4,false
2019-07-12T16:26:15.195Z,1,5,false
2019-07-12T16:26:24.777Z,1,6,false
2019-07-12T16:26:33.351Z,1,7,false
2019-07-12T16:26:42.977Z,1,8,false
2019-07-12T16:26:51.149Z,1,9,false
2019-07-12T16:27:30.110Z,1,1,false
2019-07-12T16:27:40.047Z,1,2,false
2019-07-12T16:27:48.729Z,1,3,false
2019-07-12T16:27:59.363Z,1,4,false
2019-07-12T16:28:09.411Z,1,5,false
2019-07-12T16:28:18.474Z,1,6,false
2019-07-12T16:28:28.199Z,1,7,false
2019-07-12T16:28:35.996Z,1,8,false
2019-07-12T16:28:44.387Z,1,9,false
2019-07-12T16:29:23.893Z,1,1,false
2019-07-12T16:29:33.633Z,1,2,false
2019-07-12T16:29:41.885Z,1,3,false
2019-07-12T16:29:51.675Z,1,4,false
2019-07-12T16:30:02.137Z,1,5,false
2019-07-12T16:30:11.885Z,1,6,false
2019-07-12T16:30:21.168Z,1,7,false
2019-07-12T16:30:31.181Z,1,8,false
2019-07-12T16:30:39.290Z,1,9,false
2019-07-12T16:31:19.094Z,1,1,false
2019-07-12T16:31:28.884Z,1,2,false
2019-07-12T16:31:38.622Z,1,3,false
2019-07-12T16:31:48.463Z,1,4,false
2019-07-12T16:31:59.151Z,1,5,false
2019-07-12T16:32:09.554Z,1,6,false
2019-07-12T16:32:19.646Z,1,7,false
2019-07-12T16:32:29.151Z,1,8,false
2019-07-12T16:32:38.884Z,1,9,false
2019-07-12T16:33:18.229Z,1,1,false
2019-07-12T16:33:27.654Z,1,2,false
2019-07-12T16:33:35.915Z,1,3,false
2019-07-12T16:33:44.998Z,1,4,false
2019-07-12T16:33:56.363Z,1,5,false
2019-07-12T16:34:05.930Z,1,6,false
2019-07-12T16:34:15.687Z,1,7,false
2019-07-12T16:34:24.637Z,1,8,false
2019-07-12T16:34:32.747Z,1,9,false
2019-07-12T16:35:12.436Z,1,1,false
2019-07-12T16:35:20.967Z,1,2,false
2019-07-12T16:35:29.982Z,1,3,false
2019-07-12T16:35:40.290Z,1,4,false
2019-07-12T16:35:50.940Z,1,5,false
2019-07-12T16:36:00.489Z,1,6,false
2019-07-12T16:36:09.448Z,1,7,false
2019-07-12T16:36:18.753Z,1,8,false
2019-07-12T16:36:26.898Z,1,9,false
2019-07-12T16:37:04.966Z,1,1,false
2019-07-12T16:37:14.981Z,1,2,false
2019-07-12T16:37:25.047Z,1,3,false
2019-07-12T16:37:35.526Z,1,4,false
2019-07-12T16:37:46.442Z,1,5,false
2019-07-12T16:37:56.571Z,1,6,false
2019-07-12T16:38:06.743Z,1,7,false
2019-07-12T16:38:16.706Z,1,8,false
2019-07-12T16:38:24.828Z,1,9,false
2019-07-12T16:39:02.871Z,1,1,false
2019-07-12T16:39:12.378Z,1,2,false
2019-07-12T16:39:22.523Z,1,3,false
2019-07-12T16:39:32.910Z,1,4,false
2019-07-12T16:39:43.937Z,1,5,false
2019-07-12T16:39:53.917Z,1,6,false
2019-07-12T16:40:03.775Z,1,7,false
2019-07-12T16:40:13.245Z,1,8,false
2019-07-12T16:40:22.826Z,1,9,false
2019-07-12T16:41:00.888Z,1,1,false
2019-07-12T16:41:11.076Z,1,2,false
2019-07-12T16:41:20.936Z,1,3,false
2019-07-12T16:41:31.137Z,1,4,false
2019-07-12T16:41:41.814Z,1,5,false
2019-07-12T16:41:51.818Z,1,6,false
2019-07-12T16:42:01.886Z,1,7,false
2019-07-12T16:42:11.379Z,1,8,false
2019-07-12T16:42:19.518Z,1,9,false
2019-07-12T16:42:57.594Z,1,1,false
2019-07-12T16:43:07.666Z,1,2,false
2019-07-12T16:43:17.791Z,1,3,false
2019-07-12T16:43:27.723Z,1,4,false
2019-07-12T16:43:38.228Z,1,5,false
2019-07-12T16:43:48.626Z,1,6,false
2019-07-12T16:43:59.175Z,1,7,false
2019-07-12T16:44:09.255Z,1,8,false
2019-07-12T16:44:17.394Z,1,9,false
2019-07-12T16:44:55.512Z,1,1,false
2019-07-12T16:45:03.870Z,1,2,false
2019-07-12T16:45:13.657Z,1,3,false
2019-07-12T16:45:24.160Z,1,4,false
2019-07-12T16:45:34.196Z,1,5,false
2019-07-12T16:45:44.601Z,1,6,false
2019-07-12T16:45:54.720Z,1,7,false
2019-07-12T16:46:04.122Z,1,8,false
2019-07-12T16:46:12.280Z,1,9,false
2019-07-12T16:46:50.378Z,1,1,false
2019-07-12T16:47:00.531Z,1,2,false
2019-07-12T16:47:09.775Z,1,3,false
2019-07-12T16:47:20.188Z,1,4,false
2019-07-12T16:47:30.718Z,1,5,false
2019-07-12T16:47:40.303Z,1,6,false
2019-07-12T16:47:50.791Z,1,7,false
2019-07-12T16:48:00.273Z,1,8,false
2019-07-12T16:48:10.042Z,1,9,false
2019-07-12T16:48:48.170Z,1,1,false
2019-07-12T16:48:58.488Z,1,2,false
2019-07-12T16:49:08.530Z,1,3,false
2019-07-12T16:49:19.276Z,1,4,false
2019-07-12T16:49:30.347Z,1,5,false
2019-07-12T16:49:40.955Z,1,6,false
2019-07-12T16:49:51.712Z,1,7,false
2019-07-12T16:50:02.025Z,1,8,false
2019-07-12T16:50:10.140Z,1,9,false
2019-07-12T16:50:48.211Z,1,1,false
2019-07-12T16:50:57.503Z,1,2,false
2019-07-12T16:51:06.117Z,1,3,false
2019-07-12T16:51:14.429Z,1,4,false
2019-07-12T16:51:24.916Z,1,5,false
2019-07-12T16:51:34.633Z,1,6,false
2019-07-12T16:51:45.234Z,1,7,false
2019-07-12T16:51:54.927Z,1,8,false
2019-07-12T16:52:04.121Z,1,9,false
2019-07-12T16:52:42.227Z,1,1,false
2019-07-12T16:52:52.345Z,1,2,false
2019-07-12T16:53:01.589Z,1,3,false
2019-07-12T16:53:12.030Z,1,4,false
2019-07-12T16:53:22.260Z,1,5,false
2019-07-12T16:53:31.045Z,1,6,false
2019-07-12T16:53:40.133Z,1,7,false
2019-07-12T16:53:49.759Z,1,8,false
2019-07-12T16:53:57.981Z,1,9,false
2019-07-12T16:54:37.689Z,1,1,false
2019-07-12T16:54:47.719Z,1,2,false
2019-07-12T16:54:56.740Z,1,3,false
2019-07-12T16:55:06.229Z,1,4,false
2019-07-12T16:55:16.533Z,1,5,false
2019-07-12T16:55:26.205Z,1,6,false
2019-07-12T16:55:36.489Z,1,7,false
2019-07-12T16:55:46.620Z,1,8,false
2019-07-12T16:55:56.839Z,1,9,false
2019-07-12T16:56:35.609Z,1,1,false
2019-07-12T16:56:44.237Z,1,2,false
2019-07-12T16:56:53.388Z,1,3,false
2019-07-12T16:57:03.679Z,1,4,false
2019-07-12T16:57:14.553Z,1,5,false
2019-07-12T16:57:24.794Z,1,6,false
2019-07-12T16:57:34.545Z,1,7,false
2019-07-12T16:57:44.101Z,1,8,false
2019-07-12T16:57:54.268Z,1,9,false
2019-07-12T16:58:33.981Z,1,1,false
2019-07-12T16:58:43.515Z,1,2,false
2019-07-12T16:58:52.737Z,1,3,false
2019-07-12T16:59:03.249Z,1,4,false
2019-07-12T16:59:13.461Z,1,5,false
2019-07-12T16:59:23.660Z,1,6,false
2019-07-12T16:59:32.297Z,1,7,false
2019-07-12T16:59:41.977Z,1,8,false
2019-07-12T16:59:51.268Z,1,9,false
2019-07-12T17:00:30.691Z,1,1,false
2019-07-12T17:00:40.728Z,1,2,false
2019-07-12T17:00:50.246Z,1,3,false
2019-07-12T17:01:00.249Z,1,4,false
2019-07-12T17:01:10.475Z,1,5,false
2019-07-12T17:01:18.540Z,1,6,false
2019-07-12T17:01:28.473Z,1,7,false
2019-07-12T17:01:38.467Z,1,8,false
2019-07-12T17:01:48.262Z,1,9,false
2019-07-12T17:02:26.360Z,1,1,false
2019-07-12T17:02:35.876Z,1,2,false
2019-07-12T17:02:44.235Z,1,3,false
2019-07-12T17:02:55.208Z,1,4,false
2019-07-12T17:03:05.918Z,1,5,false
2019-07-12T17:03:15.992Z,1,6,false
2019-07-12T17:03:26.459Z,1,7,false
2019-07-12T17:03:36.040Z,1,8,false
2019-07-12T17:03:44.598Z,1,9,false
2019-07-12T17:04:24.149Z,1,1,false
2019-07-12T17:04:34.131Z,1,2,false
2019-07-12T17:04:44.163Z,1,3,false
2019-07-12T17:04:53.624Z,1,4,false
2019-07-12T17:05:04.549Z,1,5,false
2019-07-12T17:05:13.907Z,1,6,false
2019-07-12T17:05:23.822Z,1,7,false
2019-07-12T17:05:33.573Z,1,8,false
2019-07-12T17:05:43.314Z,1,9,false
2019-07-12T17:06:21.457Z,1,1,false
2019-07-12T17:06:30.607Z,1,2,false
2019-07-12T17:06:39.553Z,1,3,false
2019-07-12T17:06:49.994Z,1,4,false
2019-07-12T17:07:00.164Z,1,5,false
2019-07-12T17:07:08.471Z,1,6,false
2019-07-12T17:07:17.052Z,1,7,false
2019-07-12T17:07:26.536Z,1,8,false
2019-07-12T17:07:34.774Z,1,9,false
2019-07-12T17:08:12.882Z,1,1,false
2019-07-12T17:08:22.236Z,1,2,false
2019-07-12T17:08:31.768Z,1,3,false
2019-07-12T17:08:40.264Z,1,4,false
2019-07-12T17:08:49.565Z,1,5,false
2019-07-12T17:08:59.139Z,1,6,false
2019-07-12T17:09:09.261Z,1,7,false
2019-07-12T17:09:19.363Z,1,8,false
2019-07-12T17:09:29.521Z,1,9,false
2019-07-12T17:10:09.155Z,1,1,false
2019-07-12T17:10:18.714Z,1,2,false
2019-07-12T17:10:28.224Z,1,3,false
2019-07-12T17:10:38.650Z,1,4,false
2019-07-12T17:10:48.635Z,1,5,false
2019-07-12T17:10:58.523Z,1,6,false
2019-07-12T17:11:07.624Z,1,7,false
2019-07-12T17:11:17.225Z,1,8,false
2019-07-12T17:11:26.651Z,1,9,false
2019-07-12T17:12:04.725Z,1,1,false
2019-07-12T17:12:14.788Z,1,2,false
2019-07-12T17:12:23.464Z,1,3,false
2019-07-12T17:12:34.651Z,1,4,false
2019-07-12T17:12:45.427Z,1,5,false
2019-07-12T17:12:55.365Z,1,6,false
2019-07-12T17:13:05.139Z,1,7,false
2019-07-12T17:13:13.323Z,1,8,false
2019-07-12T17:13:23.395Z,1,9,false
2019-07-12T17:14:01.470Z,1,1,false
2019-07-12T17:14:10.903Z,1,2,false
2019-07-12T17:14:19.605Z,1,3,false
2019-07-12T17:14:29.107Z,1,4,false
2019-07-12T17:14:39.148Z,1,5,false
2019-07-12T17:14:49.473Z,1,6,false
2019-07-12T17:15:00.015Z,1,7,false
2019-07-12T17:15:09.638Z,1,8,false
2019-07-12T17:15:17.857Z,1,9,false
2019-07-12T17:15:57.533Z,1,1,false
2019-07-12T17:16:07.691Z,1,2,false
2019-07-12T17:16:17.663Z,1,3,false
2019-07-12T17:16:28.005Z,1,4,false
2019-07-12T17:16:38.315Z,1,5,false
2019-07-12T17:16:48.799Z,1,6,false
2019-07-12T17:16:58.844Z,1,7,false
2019-07-12T17:17:08.994Z,1,8,false
2019-07-12T17:17:18.809Z,1,9,false
2019-07-12T17:17:56.887Z,1,1,false
2019-07-12T17:18:06.168Z,1,2,false
2019-07-12T17:18:15.915Z,1,3,false
2019-07-12T17:18:26.206Z,1,4,false
2019-07-12T17:18:37.138Z,1,5,false
2019-07-12T17:18:46.632Z,1,6,false
2019-07-12T17:18:55.944Z,1,7,false
2019-07-12T17:19:04.847Z,1,8,false
2019-07-12T17:19:13.083Z,1,9,false
2019-07-12T17:19:51.179Z,1,1,false
2019-07-12T17:20:00.685Z,1,2,false
2019-07-12T17:20:09.949Z,1,3,false
2019-07-12T17:20:19.907Z,1,4,false
2019-07-12T17:20:30.293Z,1,5,false
2019-07-12T17:20:40.378Z,1,6,false
2019-07-12T17:20:50.939Z,1,7,false
2019-07-12T17:21:00.422Z,1,8,false
2019-07-12T17:21:10.881Z,1,9,false
2019-07-12T17:21:48.956Z,1,1,false
2019-07-12T17:21:58.239Z,1,2,false
2019-07-12T17:22:07.689Z,1,3,false
2019-07-12T17:22:18.515Z,1,4,false
2019-07-12T17:22:29.007Z,1,5,false
2019-07-12T17:22:39.620Z,1,6,false
2019-07-12T17:22:50.442Z,1,7,false
2019-07-12T17:23:00.705Z,1,8,false
2019-07-12T17:23:11.339Z,1,9,false
2019-07-12T17:23:49.321Z,1,1,false
2019-07-12T17:23:59.682Z,1,2,false
2019-07-12T17:24:09.420Z,1,3,false
2019-07-12T17:24:19.032Z,1,4,false
2019-07-12T17:24:29.372Z,1,5,false
2019-07-12T17:24:39.815Z,1,6,false
2019-07-12T17:24:49.993Z,1,7,false
2019-07-12T17:24:59.033Z,1,8,false
2019-07-12T17:25:08.201Z,1,9,false
2019-07-12T17:25:47.615Z,1,1,false
2019-07-12T17:25:57.624Z,1,2,false
2019-07-12T17:26:06.938Z,1,3,false
2019-07-12T17:26:16.547Z,1,4,false
2019-07-12T17:26:27.176Z,1,5,false
2019-07-12T17:26:36.498Z,1,6,false
2019-07-12T17:26:45.965Z,1,7,false
2019-07-12T17:26:54.038Z,1,8,false
2019-07-12T17:27:03.740Z,1,9,false
2019-07-12T17:27:43.443Z,1,1,false
2019-07-12T17:27:53.032Z,1,2,false
2019-07-12T17:28:02.868Z,1,3,false
2019-07-12T17:28:12.946Z,1,4,false
2019-07-12T17:28:23.320Z,1,5,false
2019-07-12T17:28:33.057Z,1,6,false
2019-07-12T17:28:43.463Z,1,7,false
2019-07-12T17:28:52.916Z,1,8,false
2019-07-12T17:29:02.559Z,1,9,false
2019-07-12T17:29:42.233Z,1,1,false
2019-07-12T17:29:52.308Z,1,2,false
2019-07-12T17:30:00.308Z,1,3,false
2019-07-12T17:30:10.701Z,1,4,false
2019-07-12T17:30:19.786Z,1,5,false
2019-07-12T17:30:29.414Z,1,6,false
2019-07-12T17:30:38.434Z,1,7,false
2019-07-12T17:30:47.958Z,1,8,false
2019-07-12T17:30:56.947Z,1,9,false
2019-07-12T17:31:35.233Z,1,1,false
2019-07-12T17:31:45.105Z,1,2,false
2019-07-12T17:31:54.367Z,1,3,false
2019-07-12T17:32:04.031Z,1,4,false
2019-07-12T17:32:14.827Z,1,5,false
2019-07-12T17:32:24.172Z,1,6,false
2019-07-12T17:32:33.330Z,1,7,false
2019-07-12T17:32:42.441Z,1,8,false
2019-07-12T17:32:51.016Z,1,9,false
2019-07-12T17:33:30.753Z,1,1,false
2019-07-12T17:33:40.139Z,1,2,false
2019-07-12T17:33:50.061Z,1,3,false
2019-07-12T17:34:00.391Z,1,4,false
2019-07-12T17:34:09.028Z,1,5,false
2019-07-12T17:34:17.897Z,1,6,false
2019-07-12T17:34:27.778Z,1,7,false
2019-07-12T17:34:37.591Z,1,8,false
2019-07-12T17:34:47.748Z,1,9,false
2019-07-12T17:35:27.126Z,1,1,false
2019-07-12T17:35:36.980Z,1,2,false
2019-07-12T17:35:46.373Z,1,3,false
2019-07-12T17:35:56.753Z,1,4,false
2019-07-12T17:36:09.146Z,1,5,false
2019-07-12T17:36:17.900Z,1,6,false
2019-07-12T17:36:28.365Z,1,7,false
2019-07-12T17:36:38.458Z,1,8,false
2019-07-12T17:36:48.947Z,1,9,false
2019-07-12T17:37:27.023Z,1,1,false
2019-07-12T17:37:35.013Z,1,2,false
2019-07-12T17:37:43.732Z,1,3,false
2019-07-12T17:37:53.813Z,1,4,false
2019-07-12T17:38:04.090Z,1,5,false
2019-07-12T17:38:13.958Z,1,6,false
2019-07-12T17:38:24.181Z,1,7,false
2019-07-12T17:38:32.746Z,1,8,false
2019-07-12T17:38:42.544Z,1,9,false
2019-07-12T17:39:21.935Z,1,1,false
2019-07-12T17:39:31.186Z,1,2,false
2019-07-12T17:39:40.475Z,1,3,false
2019-07-12T17:39:50.978Z,1,4,false
2019-07-12T17:40:01.257Z,1,5,false
2019-07-12T17:40:11.074Z,1,6,false
2019-07-12T17:40:21.453Z,1,7,false
2019-07-12T17:40:29.748Z,1,8,false
2019-07-12T17:40:39.862Z,1,9,false
2019-07-12T17:41:18.940Z,1,1,false
2019-07-12T17:41:28.842Z,1,2,false
2019-07-12T17:41:38.659Z,1,3,false
2019-07-12T17:41:48.633Z,1,4,false
2019-07-12T17:41:57.306Z,1,5,false
2019-07-12T17:42:07.008Z,1,6,false
2019-07-12T17:42:16.860Z,1,7,false
2019-07-12T17:42:25.250Z,1,8,false
2019-07-12T17:42:33.847Z,1,9,false
2019-07-12T17:43:14.263Z,1,1,false
2019-07-12T17:43:23.630Z,1,2,false
2019-07-12T17:43:32.822Z,1,3,false
2019-07-12T17:43:41.458Z,1,4,false
2019-07-12T17:43:51.687Z,1,5,false
2019-07-12T17:44:01.696Z,1,6,false
2019-07-12T17:44:11.912Z,1,7,false
2019-07-12T17:44:21.188Z,1,8,false
2019-07-12T17:44:30.148Z,1,9,false
2019-07-12T17:45:09.672Z,1,1,false
2019-07-12T17:45:18.858Z,1,2,false
2019-07-12T17:45:28.039Z,1,3,false
2019-07-12T17:45:36.616Z,1,4,false
2019-07-12T17:45:47.496Z,1,5,false
2019-07-12T17:45:57.866Z,1,6,false
2019-07-12T17:46:07.635Z,1,7,false
2019-07-12T17:46:17.607Z,1,8,false
2019-07-12T17:46:27.396Z,1,9,false
2019-07-12T17:47:07.201Z,1,1,false
2019-07-12T17:47:16.727Z,1,2,false
2019-07-12T17:47:25.834Z,1,3,false
2019-07-12T17:47:35.500Z,1,4,false
2019-07-12T17:47:46.063Z,1,5,false
2019-07-12T17:47:56.244Z,1,6,false
2019-07-12T17:48:06.707Z,1,7,false
2019-07-12T17:48:16.411Z,1,8,false
2019-07-12T17:48:25.695Z,1,9,false
2019-07-12T17:49:04.768Z,1,1,false
2019-07-12T17:49:13.660Z,1,2,false
2019-07-12T17:49:22.618Z,1,3,false
2019-07-12T17:49:32.618Z,1,4,false
2019-07-12T17:49:43.025Z,1,5,false
2019-07-12T17:49:52.253Z,1,6,false
2019-07-12T17:50:02.165Z,1,7,false
2019-07-12T17:50:11.558Z,1,8,false
2019-07-12T17:50:21.388Z,1,9,false
2019-07-12T17:51:01.520Z,1,1,false
2019-07-12T17:51:10.896Z,1,2,false
2019-07-12T17:51:19.250Z,1,3,false
2019-07-12T17:51:28.402Z,1,4,false
2019-07-12T17:51:38.700Z,1,5,false
2019-07-12T17:51:48.901Z,1,6,false
2019-07-12T17:51:57.132Z,1,7,false
2019-07-12T17:52:06.564Z,1,8,false
2019-07-12T17:52:16.663Z,1,9,false
2019-07-12T17:52:56.531Z,1,1,false
2019-07-12T17:53:06.082Z,1,2,false
2019-07-12T17:53:15.531Z,1,3,false
2019-07-12T17:53:25.063Z,1,4,false
2019-07-12T17:53:35.853Z,1,5,false
2019-07-12T17:53:46.319Z,1,6,false
2019-07-12T17:53:56.603Z,1,7,false
2019-07-12T17:54:06.257Z,1,8,false
2019-07-12T17:54:16.621Z,1,9,false
2019-07-12T17:54:54.816Z,1,1,false
2019-07-12T17:55:03.457Z,1,2,false
2019-07-12T17:55:13.350Z,1,3,false
2019-07-12T17:55:23.281Z,1,4,false
2019-07-12T17:55:33.940Z,1,5,false
2019-07-12T17:55:44.288Z,1,6,false
2019-07-12T17:55:54.725Z,1,7,false
2019-07-12T17:56:04.597Z,1,8,false
2019-07-12T17:56:14.068Z,1,9,false
2019-07-12T17:56:53.211Z,1,1,false
2019-07-12T17:57:02.226Z,1,2,false
2019-07-12T17:57:11.444Z,1,3,false
2019-07-12T17:57:21.433Z,1,4,false
2019-07-12T17:57:30.908Z,1,5,false
2019-07-12T17:57:40.657Z,1,6,false
2019-07-12T17:57:51.044Z,1,7,false
2019-07-12T17:58:00.676Z,1,8,false
2019-07-12T17:58:10.327Z,1,9,false
2019-07-12T17:58:50.487Z,1,1,false
2019-07-12T17:59:00.769Z,1,2,false
2019-07-12T17:59:10.434Z,1,3,false
2019-07-12T17:59:20.287Z,1,4,false
2019-07-12T17:59:30.637Z,1,5,false
2019-07-12T17:59:40.178Z,1,6,false
2019-07-12T17:59:49.178Z,1,7,false
2019-07-12T17:59:58.885Z,1,8,false
2019-07-12T18:00:09.317Z,1,9,false
2019-07-12T18:00:49.433Z,1,1,false
2019-07-12T18:00:57.551Z,1,2,false
2019-07-12T18:01:07.469Z,1,3,false
2019-07-12T18:01:17.851Z,1,4,false
2019-07-12T18:01:27.664Z,1,5,false
2019-07-12T18:01:37.998Z,1,6,false
2019-07-12T18:01:48.046Z,1,7,false
2019-07-12T18:01:57.304Z,1,8,false
2019-07-12T18:02:07.706Z,1,9,false
2019-07-12T18:02:47.490Z,1,1,false
2019-07-12T18:02:55.717Z,1,2,false
2019-07-12T18:03:05.389Z,1,3,false
2019-07-12T18:03:14.002Z,1,4,false
2019-07-12T18:03:24.289Z,1,5,false
2019-07-12T18:03:34.018Z,1,6,false
2019-07-12T18:03:44.080Z,1,7,false
2019-07-12T18:03:53.076Z,1,8,false
2019-07-12T18:04:03.431Z,1,9,false
2019-07-12T18:04:43.369Z,1,1,false
2019-07-12T18:04:52.342Z,1,2,false
2019-07-12T18:05:01.661Z,1,3,false
2019-07-12T18:05:12.314Z,1,4,false
2019-07-12T18:05:23.098Z,1,5,false
2019-07-12T18:05:33.367Z,1,6,false
2019-07-12T18:05:41.894Z,1,7,false
2019-07-12T18:05:51.361Z,1,8,false
2019-07-12T18:06:01.740Z,1,9,false
2019-07-12T18:06:41.831Z,1,1,false
2019-07-12T18:06:51.627Z,1,2,false
2019-07-12T18:07:01.263Z,1,3,false
2019-07-12T18:07:11.935Z,1,4,false
2019-07-12T18:07:22.767Z,1,5,false
2019-07-12T18:07:33.183Z,1,6,false
2019-07-12T18:07:43.650Z,1,7,false
2019-07-12T18:07:52.582Z,1,8,false
2019-07-12T18:08:02.774Z,1,9,false
2019-07-12T18:08:42.932Z,1,1,false
2019-07-12T18:08:53.259Z,1,2,false
2019-07-12T18:09:02.522Z,1,3,false
2019-07-12T18:09:12.788Z,1,4,false
2019-07-12T18:09:22.859Z,1,5,false
2019-07-12T18:09:32.611Z,1,6,false
2019-07-12T18:09:42.802Z,1,7,false
2019-07-12T18:09:53.070Z,1,8,false
2019-07-12T18:10:02.832Z,1,9,false
2019-07-12T18:10:42.956Z,1,1,false
2019-07-12T18:10:52.478Z,1,2,false
2019-07-12T18:11:01.697Z,1,3,false
2019-07-12T18:11:11.687Z,1,4,false
2019-07-12T18:11:22.585Z,1,5,false
2019-07-12T18:11:32.997Z,1,6,false
2019-07-12T18:11:43.10Z,1,7,false
2019-07-12T18:11:52.109Z,1,8,false
2019-07-12T18:12:01.952Z,1,9,false
2019-07-12T18:12:42.044Z,1,1,false
2019-07-12T18:12:51.568Z,1,2,false
2019-07-12T18:13:00.840Z,1,3,false
2019-07-12T18:13:11.015Z,1,4,false
2019-07-12T18:13:21.722Z,1,5,false
2019-07-12T18:13:31.834Z,1,6,false
2019-07-12T18:13:42.390Z,1,7,false
2019-07-12T18:13:52.463Z,1,8,false
2019-07-12T18:14:01.045Z,1,9,false
2019-07-12T18:14:40.786Z,1,1,false
2019-07-12T18:14:50.163Z,1,2,false
2019-07-12T18:14:59.795Z,1,3,false
2019-07-12T18:15:10.260Z,1,4,false
2019-07-12T18:15:19.729Z,1,5,false
2019-07-12T18:15:29.094Z,1,6,false
2019-07-12T18:15:39.273Z,1,7,false
2019-07-12T18:15:48.580Z,1,8,false
2019-07-12T18:15:57.374Z,1,9,false
2019-07-12T18:16:37.118Z,1,1,false
2019-07-12T18:16:46.765Z,1,2,false
2019-07-12T18:16:56.005Z,1,3,false
2019-07-12T18:17:06.364Z,1,4,false
2019-07-12T18:17:16.488Z,1,5,false
2019-07-12T18:17:26.690Z,1,6,false
2019-07-12T18:17:35.225Z,1,7,false
2019-07-12T18:17:45.421Z,1,8,false
2019-07-12T18:17:55.653Z,1,9,false
2019-07-12T18:18:35.815Z,1,1,false
2019-07-12T18:18:46.077Z,1,2,false
2019-07-12T18:18:55.291Z,1,3,false
2019-07-12T18:19:04.897Z,1,4,false
2019-07-12T18:19:14.243Z,1,5,false
2019-07-12T18:19:23.889Z,1,6,false
2019-07-12T18:19:34.230Z,1,7,false
2019-07-12T18:19:43.829Z,1,8,false
2019-07-12T18:19:54.096Z,1,9,false
2019-07-12T18:20:33.749Z,1,1,false
2019-07-12T18:20:43.076Z,1,2,false
2019-07-12T18:20:52.570Z,1,3,false
2019-07-12T18:21:03.090Z,1,4,false
2019-07-12T18:21:13.356Z,1,5,false
2019-07-12T18:21:23.402Z,1,6,false
2019-07-12T18:21:33.521Z,1,7,false
2019-07-12T18:21:41.762Z,1,8,false
2019-07-12T18:21:51.887Z,1,9,false
2019-07-12T18:22:31.985Z,1,1,false
2019-07-12T18:22:42.029Z,1,2,false
2019-07-12T18:22:51.108Z,1,3,false
2019-07-12T18:23:01.669Z,1,4,false
2019-07-12T18:23:12.005Z,1,5,false
2019-07-12T18:23:20.995Z,1,6,false
2019-07-12T18:23:31.156Z,1,7,false
2019-07-12T18:23:40.800Z,1,8,false
2019-07-12T18:23:51.034Z,1,9,false
2019-07-12T18:24:29.368Z,1,1,false
2019-07-12T18:24:39.456Z,1,2,false
2019-07-12T18:24:49.372Z,1,3,false
2019-07-12T18:24:58.495Z,1,4,false
2019-07-12T18:25:07.851Z,1,5,false
2019-07-12T18:25:17.542Z,1,6,false
2019-07-12T18:25:27.605Z,1,7,false
2019-07-12T18:25:37.193Z,1,8,false
2019-07-12T18:25:47.483Z,1,9,false
2019-07-12T18:26:27.244Z,1,1,false
2019-07-12T18:26:37.051Z,1,2,false
2019-07-12T18:26:47.130Z,1,3,false
2019-07-12T18:26:57.668Z,1,4,false
2019-07-12T18:27:07.867Z,1,5,false
2019-07-12T18:27:17.793Z,1,6,false
2019-07-12T18:27:27.676Z,1,7,false
2019-07-12T18:27:36.496Z,1,8,false
2019-07-12T18:27:45.272Z,1,9,false
2019-07-12T18:28:24.990Z,1,1,false
2019-07-12T18:28:34.889Z,1,2,false
2019-07-12T18:28:44.159Z,1,3,false
2019-07-12T18:28:53.926Z,1,4,false
2019-07-12T18:29:04.343Z,1,5,false
2019-07-12T18:29:14.230Z,1,6,false
2019-07-12T18:29:24.285Z,1,7,false
2019-07-12T18:29:33.696Z,1,8,false
2019-07-12T18:29:43.849Z,1,9,false
2019-07-12T18:30:21.915Z,1,1,false
2019-07-12T18:30:31.538Z,1,2,false
2019-07-12T18:30:41.546Z,1,3,false
2019-07-12T18:30:51.559Z,1,4,false
2019-07-12T18:31:02.408Z,1,5,false
2019-07-12T18:31:12.417Z,1,6,false
2019-07-12T18:31:22.129Z,1,7,false
2019-07-12T18:31:31.993Z,1,8,false
2019-07-12T18:31:40.321Z,1,9,false
2019-07-12T18:32:20.519Z,1,1,false
2019-07-12T18:32:30.023Z,1,2,false
2019-07-12T18:32:39.231Z,1,3,false
2019-07-12T18:32:49.585Z,1,4,false
2019-07-12T18:33:00.445Z,1,5,false
2019-07-12T18:33:11.055Z,1,6,false
2019-07-12T18:33:21.412Z,1,7,false
2019-07-12T18:33:31.471Z,1,8,false
2019-07-12T18:33:42.058Z,1,9,false
2019-07-12T18:34:20.980Z,1,1,false
2019-07-12T18:34:30.494Z,1,2,false
2019-07-12T18:34:39.833Z,1,3,false
2019-07-12T18:34:50.446Z,1,4,false
2019-07-12T18:35:01.435Z,1,5,false
2019-07-12T18:35:11.616Z,1,6,false
2019-07-12T18:35:22.005Z,1,7,false
2019-07-12T18:35:32.148Z,1,8,false
2019-07-12T18:35:42.716Z,1,9,false
2019-07-12T18:36:21.847Z,1,1,false
2019-07-12T18:36:30.493Z,1,2,false
2019-07-12T18:36:39.663Z,1,3,false
2019-07-12T18:36:50.321Z,1,4,false
2019-07-12T18:37:00.787Z,1,5,false
2019-07-12T18:37:10.907Z,1,6,false
2019-07-12T18:37:20.787Z,1,7,false
2019-07-12T18:37:30.078Z,1,8,false
2019-07-12T18:37:39.249Z,1,9,false
2019-07-12T18:38:18.520Z,1,1,false
2019-07-12T18:38:28.511Z,1,2,false
2019-07-12T18:38:37.765Z,1,3,false
2019-07-12T18:38:47.989Z,1,4,false
2019-07-12T18:38:57.571Z,1,5,false
2019-07-12T18:39:07.391Z,1,6,false
2019-07-12T18:39:17.733Z,1,7,false
2019-07-12T18:39:27.144Z,1,8,false
2019-07-12T18:39:36.581Z,1,9,false
2019-07-12T18:40:16.780Z,1,1,false
2019-07-12T18:40:26.727Z,1,2,false
2019-07-12T18:40:36.015Z,1,3,false
2019-07-12T18:40:46.543Z,1,4,false
2019-07-12T18:40:56.312Z,1,5,false
2019-07-12T18:41:06.288Z,1,6,false
2019-07-12T18:41:15.129Z,1,7,false
2019-07-12T18:41:23.900Z,1,8,false
2019-07-12T18:41:33.627Z,1,9,false
2019-07-12T18:42:13.508Z,1,1,false
2019-07-12T18:42:22.593Z,1,2,false
2019-07-12T18:42:31.443Z,1,3,false
2019-07-12T18:42:41.552Z,1,4,false
2019-07-12T18:42:52.195Z,1,5,false
2019-07-12T18:43:02.331Z,1,6,false
2019-07-12T18:43:12.423Z,1,7,false
2019-07-12T18:43:21.828Z,1,8,false
2019-07-12T18:43:31.765Z,1,9,false
2019-07-12T18:44:11.574Z,1,1,false
2019-07-12T18:44:19.766Z,1,2,false
2019-07-12T18:44:29.514Z,1,3,false
2019-07-12T18:44:39.706Z,1,4,false
2019-07-12T18:44:49.841Z,1,5,false
2019-07-12T18:45:00.109Z,1,6,false
2019-07-12T18:45:08.735Z,1,7,false
2019-07-12T18:45:18.646Z,1,8,false
2019-07-12T18:45:28.747Z,1,9,false
2019-07-12T18:46:08.425Z,1,1,false
2019-07-12T18:46:18.460Z,1,2,false
2019-07-12T18:46:27.893Z,1,3,false
2019-07-12T18:46:37.208Z,1,4,false
2019-07-12T18:46:47.574Z,1,5,false
2019-07-12T18:46:55.916Z,1,6,false
2019-07-12T18:47:06.098Z,1,7,false
2019-07-12T18:47:16.033Z,1,8,false
2019-07-12T18:47:26.201Z,1,9,false
2019-07-12T18:48:04.523Z,1,1,false
2019-07-12T18:48:12.923Z,1,2,false
2019-07-12T18:48:20.967Z,1,3,false
2019-07-12T18:48:31.046Z,1,4,false
2019-07-12T18:48:41.506Z,1,5,false
2019-07-12T18:48:51.731Z,1,6,false
2019-07-12T18:49:01.761Z,1,7,false
2019-07-12T18:49:11.069Z,1,8,false
2019-07-12T18:49:21.122Z,1,9,false
2019-07-12T18:49:59.806Z,1,1,false
2019-07-12T18:50:08.743Z,1,2,false
2019-07-12T18:50:18.056Z,1,3,false
2019-07-12T18:50:28.011Z,1,4,false
2019-07-12T18:50:38.850Z,1,5,false
2019-07-12T18:50:49.090Z,1,6,false
2019-07-12T18:50:59.378Z,1,7,false
2019-07-12T18:51:08.911Z,1,8,false
2019-07-12T18:51:18.962Z,1,9,false
2019-07-12T18:51:57.359Z,1,1,false
2019-07-12T18:52:06.861Z,1,2,false
2019-07-12T18:52:16.627Z,1,3,false
2019-07-12T18:52:26.574Z,1,4,false
2019-07-12T18:52:36.852Z,1,5,false
2019-07-12T18:52:47.285Z,1,6,false
2019-07-12T18:52:57.520Z,1,7,false
2019-07-12T18:53:06.997Z,1,8,false
2019-07-12T18:53:16.816Z,1,9,false
2019-07-12T18:53:56.946Z,1,1,false
2019-07-12T18:54:06.864Z,1,2,false
2019-07-12T18:54:15.206Z,1,3,false
2019-07-12T18:54:25.697Z,1,4,false
2019-07-12T18:54:35.667Z,1,5,false
2019-07-12T18:54:44.133Z,1,6,false
2019-07-12T18:54:54.468Z,1,7,false
2019-07-12T18:55:04.129Z,1,8,false
2019-07-12T18:55:12.753Z,1,9,false
2019-07-12T18:55:52.322Z,1,1,false
2019-07-12T18:56:02.039Z,1,2,false
2019-07-12T18:56:11.536Z,1,3,false
2019-07-12T18:56:21.945Z,1,4,false
2019-07-12T18:56:32.411Z,1,5,false
2019-07-12T18:56:42.872Z,1,6,false
2019-07-12T18:56:53.439Z,1,7,false
2019-07-12T18:57:03.565Z,1,8,false
2019-07-12T18:57:13.737Z,1,9,false
2019-07-12T18:57:53.868Z,1,1,false
2019-07-12T18:58:03.304Z,1,2,false
2019-07-12T18:58:12.477Z,1,3,false
2019-07-12T18:58:21.642Z,1,4,false
2019-07-12T18:58:31.894Z,1,5,false
2019-07-12T18:58:40.220Z,1,6,false
2019-07-12T18:58:49.217Z,1,7,false
2019-07-12T18:58:58.372Z,1,8,false
2019-07-12T18:59:08.714Z,1,9,false
2019-07-12T18:59:48.631Z,1,1,false
2019-07-12T18:59:58.213Z,1,2,false
2019-07-12T19:00:07.488Z,1,3,false
2019-07-12T19:00:17.787Z,1,4,false
2019-07-12T19:00:27.825Z,1,5,false
2019-07-12T19:00:37.736Z,1,6,false
2019-07-12T19:00:47.831Z,1,7,false
2019-07-12T19:00:57.512Z,1,8,false
2019-07-12T19:01:07.485Z,1,9,false
2019-07-12T19:01:47.385Z,1,1,false
2019-07-12T19:01:56.355Z,1,2,false
2019-07-12T19:02:04.800Z,1,3,false
2019-07-12T19:02:14.936Z,1,4,false
2019-07-12T19:02:25.718Z,1,5,false
2019-07-12T19:02:35.209Z,1,6,false
2019-07-12T19:02:45.520Z,1,7,false
2019-07-12T19:02:55.152Z,1,8,false
2019-07-12T19:03:05.611Z,1,9,false
2019-07-12T19:03:43.702Z,1,1,false
2019-07-12T19:03:53.160Z,1,2,false
2019-07-12T19:04:02.997Z,1,3,false
2019-07-12T19:04:11.691Z,1,4,false
2019-07-12T19:04:21.658Z,1,5,false
2019-07-12T19:04:30.209Z,1,6,false
2019-07-12T19:04:40.320Z,1,7,false
2019-07-12T19:04:50.545Z,1,8,false
2019-07-12T19:05:00.813Z,1,9,false
2019-07-12T19:05:40.844Z,1,1,false
2019-07-12T19:05:50.501Z,1,2,false
2019-07-12T19:05:59.908Z,1,3,false
2019-07-12T19:06:10.865Z,1,4,false
2019-07-12T19:06:21.056Z,1,5,false
2019-07-12T19:06:30.949Z,1,6,false
2019-07-12T19:06:41.187Z,1,7,false
2019-07-12T19:06:50.887Z,1,8,false
2019-07-12T19:06:59.441Z,1,9,false
2019-07-12T19:07:39.185Z,1,1,false
2019-07-12T19:07:49.332Z,1,2,false
2019-07-12T19:07:59.098Z,1,3,false
2019-07-12T19:08:08.729Z,1,4,false
2019-07-12T19:08:17.322Z,1,5,false
2019-07-12T19:08:27.061Z,1,6,false
2019-07-12T19:08:36.343Z,1,7,false
2019-07-12T19:08:46.118Z,1,8,false
2019-07-12T19:08:55.961Z,1,9,false
2019-07-12T19:09:35.831Z,1,1,false
2019-07-12T19:09:44.175Z,1,2,false
2019-07-12T19:09:54.067Z,1,3,false
2019-07-12T19:10:04.457Z,1,4,false
2019-07-12T19:10:14.945Z,1,5,false
2019-07-12T19:10:25.247Z,1,6,false
2019-07-12T19:10:35.463Z,1,7,false
2019-07-12T19:10:45.602Z,1,8,false
2019-07-12T19:10:54.417Z,1,9,false
2019-07-12T19:11:32.797Z,1,1,false
2019-07-12T19:11:42.339Z,1,2,false
2019-07-12T19:11:51.572Z,1,3,false
2019-07-12T19:12:01.285Z,1,4,false
2019-07-12T19:12:11.498Z,1,5,false
2019-07-12T19:12:21.781Z,1,6,false
2019-07-12T19:12:31.674Z,1,7,false
2019-07-12T19:12:40.002Z,1,8,false
2019-07-12T19:12:49.483Z,1,9,false
2019-07-12T19:13:28.869Z,1,1,false
2019-07-12T19:13:38.867Z,1,2,false
2019-07-12T19:13:48.143Z,1,3,false
2019-07-12T19:13:58.284Z,1,4,false
2019-07-12T19:14:08.599Z,1,5,false
2019-07-12T19:14:17.986Z,1,6,false
2019-07-12T19:14:28.136Z,1,7,false
2019-07-12T19:14:37.812Z,1,8,false
2019-07-12T19:14:48.046Z,1,9,false
2019-07-12T19:15:28.509Z,1,1,false
2019-07-12T19:15:38.981Z,1,2,false
2019-07-12T19:15:48.967Z,1,3,false
2019-07-12T19:15:59.280Z,1,4,false
2019-07-12T19:16:09.590Z,1,5,false
2019-07-12T19:16:19.344Z,1,6,false
2019-07-12T19:16:29.675Z,1,7,false
2019-07-12T19:16:38.261Z,1,8,false
2019-07-12T19:16:48.300Z,1,9,false
2019-07-12T19:17:26.738Z,1,1,false
2019-07-12T19:17:34.743Z,1,2,false
2019-07-12T19:17:43.928Z,1,3,false
2019-07-12T19:17:53.830Z,1,4,false
2019-07-12T19:18:04.302Z,1,5,false
2019-07-12T19:18:14.294Z,1,6,false
2019-07-12T19:18:24.184Z,1,7,false
2019-07-12T19:18:34.301Z,1,8,false
2019-07-12T19:18:44.493Z,1,9,false
2019-07-12T19:19:24.433Z,1,1,false
2019-07-12T19:19:33.955Z,1,2,false
2019-07-12T19:19:43.793Z,1,3,false
2019-07-12T19:19:54.057Z,1,4,false
2019-07-12T19:20:04.567Z,1,5,false
2019-07-12T19:20:14.269Z,1,6,false
2019-07-12T19:20:24.381Z,1,7,false
2019-07-12T19:20:33.840Z,1,8,false
2019-07-12T19:20:44.270Z,1,9,false
2019-07-12T19:21:24.176Z,1,1,false
2019-07-12T19:21:32.715Z,1,2,false
2019-07-12T19:21:42.524Z,1,3,false
2019-07-12T19:21:53.095Z,1,4,false
2019-07-12T19:22:03.647Z,1,5,false
2019-07-12T19:22:12.380Z,1,6,false
2019-07-12T19:22:22.715Z,1,7,false
2019-07-12T19:22:30.989Z,1,8,false
2019-07-12T19:22:41.264Z,1,9,false
2019-07-12T19:23:21.271Z,1,1,false
2019-07-12T19:23:31.167Z,1,2,false
2019-07-12T19:23:39.306Z,1,3,false
2019-07-12T19:23:49.732Z,1,4,false
2019-07-12T19:23:59.057Z,1,5,false
2019-07-12T19:24:08.825Z,1,6,false
2019-07-12T19:24:18.831Z,1,7,false
2019-07-12T19:24:28.231Z,1,8,false
2019-07-12T19:24:38.387Z,1,9,false
2019-07-12T19:25:18.258Z,1,1,false
2019-07-12T19:25:28.338Z,1,2,false
2019-07-12T19:25:37.748Z,1,3,false
2019-07-12T19:25:48.020Z,1,4,false
2019-07-12T19:25:58.648Z,1,5,false
2019-07-12T19:26:09.019Z,1,6,false
2019-07-12T19:26:19.395Z,1,7,false
2019-07-12T19:26:28.697Z,1,8,false
2019-07-12T19:26:39.237Z,1,9,false
2019-07-12T19:27:19.466Z,1,1,false
2019-07-12T19:27:29.619Z,1,2,false
2019-07-12T19:27:38.906Z,1,3,false
2019-07-12T19:27:49.506Z,1,4,false
2019-07-12T19:28:00.267Z,1,5,false
2019-07-12T19:28:10.687Z,1,6,false
2019-07-12T19:28:20.814Z,1,7,false
2019-07-12T19:28:30.786Z,1,8,false
2019-07-12T19:28:41.235Z,1,9,false
2019-07-12T19:29:21.387Z,1,1,false
2019-07-12T19:29:31.358Z,1,2,false
2019-07-12T19:29:40.654Z,1,3,false
2019-07-12T19:29:51.316Z,1,4,false
2019-07-12T19:30:01.967Z,1,5,false
2019-07-12T19:30:12.318Z,1,6,false
2019-07-12T19:30:22.500Z,1,7,false
2019-07-12T19:30:31.872Z,1,8,false
2019-07-12T19:30:40.962Z,1,9,false
2019-07-12T19:31:19.433Z,1,1,false
2019-07-12T19:31:29.343Z,1,2,false
2019-07-12T19:31:37.602Z,1,3,false
2019-07-12T19:31:47.890Z,1,4,false
2019-07-12T19:31:58.453Z,1,5,false
2019-07-12T19:32:08.220Z,1,6,false
2019-07-12T19:32:18.299Z,1,7,false
2019-07-12T19:32:28.055Z,1,8,false
2019-07-12T19:32:36.511Z,1,9,false
2019-07-12T19:33:17.100Z,1,1,false
2019-07-12T19:33:27.180Z,1,2,false
2019-07-12T19:33:37.019Z,1,3,false
2019-07-12T19:33:47.727Z,1,4,false
2019-07-12T19:33:58.106Z,1,5,false
2019-07-12T19:34:08.537Z,1,6,false
2019-07-12T19:34:18.748Z,1,7,false
2019-07-12T19:34:28.799Z,1,8,false
2019-07-12T19:34:38.732Z,1,9,false
2019-07-12T19:35:18.667Z,1,1,false
2019-07-12T19:35:28.857Z,1,2,false
2019-07-12T19:35:38.368Z,1,3,false
2019-07-12T19:35:49.451Z,1,4,false
2019-07-12T19:36:00.011Z,1,5,false
2019-07-12T19:36:10.430Z,1,6,false
2019-07-12T19:36:20.809Z,1,7,false
2019-07-12T19:36:30.207Z,1,8,false
2019-07-12T19:36:40.522Z,1,9,false
2019-07-12T19:37:20.937Z,1,1,false
2019-07-12T19:37:30.492Z,1,2,false
2019-07-12T19:37:40.135Z,1,3,false
2019-07-12T19:37:50.780Z,1,4,false
2019-07-12T19:38:01.077Z,1,5,false
2019-07-12T19:38:09.993Z,1,6,false
2019-07-12T19:38:19.275Z,1,7,false
2019-07-12T19:38:28.080Z,1,8,false
2019-07-12T19:38:37.995Z,1,9,false
2019-07-12T19:39:17.986Z,1,1,false
2019-07-12T19:39:28.063Z,1,2,false
2019-07-12T19:39:38.017Z,1,3,false
2019-07-12T19:39:48.764Z,1,4,false
2019-07-12T19:39:58.142Z,1,5,false
2019-07-12T19:40:07.878Z,1,6,false
2019-07-12T19:40:16.479Z,1,7,false
2019-07-12T19:40:25.912Z,1,8,false
2019-07-12T19:40:36.209Z,1,9,false
2019-07-12T19:41:16.293Z,1,1,false
2019-07-12T19:41:26.611Z,1,2,false
2019-07-12T19:41:36.504Z,1,3,false
2019-07-12T19:41:47.325Z,1,4,false
2019-07-12T19:41:58.968Z,1,5,false
2019-07-12T19:42:08.781Z,1,6,false
2019-07-12T19:42:18.241Z,1,7,false
2019-07-12T19:42:28.512Z,1,8,false
2019-07-12T19:42:38.885Z,1,9,false
2019-07-12T19:43:18.347Z,1,1,false
2019-07-12T19:43:27.766Z,1,2,false
2019-07-12T19:43:37.603Z,1,3,false
2019-07-12T19:43:48.427Z,1,4,false
2019-07-12T19:43:57.070Z,1,5,false
2019-07-12T19:44:06.956Z,1,6,false
2019-07-12T19:44:15.678Z,1,7,false
2019-07-12T19:44:24.890Z,1,8,false
2019-07-12T19:44:34.751Z,1,9,false
2019-07-12T19:45:13.067Z,1,1,false
2019-07-12T19:45:21.320Z,1,2,false
2019-07-12T19:45:30.572Z,1,3,false
2019-07-12T19:45:40.839Z,1,4,false
2019-07-12T19:45:51.230Z,1,5,false
2019-07-12T19:46:01.481Z,1,6,false
2019-07-12T19:46:11.188Z,1,7,false
2019-07-12T19:46:21.103Z,1,8,false
2019-07-12T19:46:30.694Z,1,9,false
2019-07-12T19:47:10.408Z,1,1,false
2019-07-12T19:47:20.555Z,1,2,false
2019-07-12T19:47:30.257Z,1,3,false
2019-07-12T19:47:40.731Z,1,4,false
2019-07-12T19:47:50.293Z,1,5,false
2019-07-12T19:47:58.832Z,1,6,false
2019-07-12T19:48:08.777Z,1,7,false
2019-07-12T19:48:18.883Z,1,8,false
2019-07-12T19:48:28.722Z,1,9,false
2019-07-12T19:49:08.442Z,1,1,false
2019-07-12T19:49:18.409Z,1,2,false
2019-07-12T19:49:27.593Z,1,3,false
2019-07-12T19:49:36.356Z,1,4,false
2019-07-12T19:49:47.575Z,1,5,false
2019-07-12T19:49:57.415Z,1,6,false
2019-07-12T19:50:07.387Z,1,7,false
2019-07-12T19:50:16.662Z,1,8,false
2019-07-12T19:50:27.008Z,1,9,false
2019-07-12T19:51:07.140Z,1,1,false
2019-07-12T19:51:17.057Z,1,2,false
2019-07-12T19:51:26.729Z,1,3,false
2019-07-12T19:51:36.699Z,1,4,false
2019-07-12T19:51:47.379Z,1,5,false
2019-07-12T19:51:55.751Z,1,6,false
2019-07-12T19:52:06.038Z,1,7,false
2019-07-12T19:52:15.971Z,1,8,false
2019-07-12T19:52:26.303Z,1,9,false
2019-07-12T19:53:05.924Z,1,1,false
2019-07-12T19:53:15.621Z,1,2,false
2019-07-12T19:53:25.117Z,1,3,false
2019-07-12T19:53:35.684Z,1,4,false
2019-07-12T19:53:45.421Z,1,5,false
2019-07-12T19:53:54.534Z,1,6,false
2019-07-12T19:54:04.440Z,1,7,false
2019-07-12T19:54:13.929Z,1,8,false
2019-07-12T19:54:22.756Z,1,9,false
2019-07-12T19:55:02.521Z,1,1,false
2019-07-12T19:55:12.387Z,1,2,false
2019-07-12T19:55:21.307Z,1,3,false
2019-07-12T19:55:30.380Z,1,4,false
2019-07-12T19:55:40.520Z,1,5,false
2019-07-12T19:55:50.095Z,1,6,false
2019-07-12T19:56:00.229Z,1,7,false
2019-07-12T19:56:09.323Z,1,8,false
2019-07-12T19:56:18.082Z,1,9,false
2019-07-12T19:56:56.545Z,1,1,false
2019-07-12T19:57:04.832Z,1,2,false
2019-07-12T19:57:14.035Z,1,3,false
2019-07-12T19:57:24.229Z,1,4,false
2019-07-12T19:57:34.807Z,1,5,false
2019-07-12T19:57:45.290Z,1,6,false
2019-07-12T19:57:56.019Z,1,7,false
2019-07-12T19:58:05.250Z,1,8,false
2019-07-12T19:58:15.060Z,1,9,false
2019-07-12T19:58:55.493Z,1,1,false
2019-07-12T19:59:05.537Z,1,2,false
2019-07-12T19:59:14.868Z,1,3,false
2019-07-12T19:59:24.959Z,1,4,false
2019-07-12T19:59:35.631Z,1,5,false
2019-07-12T19:59:46.091Z,1,6,false
2019-07-12T19:59:56.178Z,1,7,false
2019-07-12T20:00:05.748Z,1,8,false
2019-07-12T20:00:15.820Z,1,9,false
2019-07-12T20:00:55.561Z,1,1,false
2019-07-12T20:01:05.321Z,1,2,false
2019-07-12T20:01:13.625Z,1,3,false
2019-07-12T20:01:24.126Z,1,4,false
2019-07-12T20:01:34.560Z,1,5,false
2019-07-12T20:01:42.918Z,1,6,false
2019-07-12T20:01:52.574Z,1,7,false
2019-07-12T20:02:01.976Z,1,8,false
2019-07-12T20:02:12.364Z,1,9,false
2019-07-12T20:02:52.520Z,1,1,false
2019-07-12T20:03:02.406Z,1,2,false
2019-07-12T20:03:11.700Z,1,3,false
2019-07-12T20:03:21.651Z,1,4,false
2019-07-12T20:03:31.989Z,1,5,false
2019-07-12T20:03:40.796Z,1,6,false
2019-07-12T20:03:49.312Z,1,7,false
2019-07-12T20:03:57.485Z,1,8,false
2019-07-12T20:04:07.224Z,1,9,false
2019-07-12T20:04:47.245Z,1,1,false
2019-07-12T20:04:56.715Z,1,2,false
2019-07-12T20:05:06.512Z,1,3,false
2019-07-12T20:05:14.889Z,1,4,false
2019-07-12T20:05:25.217Z,1,5,false
2019-07-12T20:05:34.800Z,1,6,false
2019-07-12T20:05:45.487Z,1,7,false
2019-07-12T20:05:55.432Z,1,8,false
2019-07-12T20:06:05.811Z,1,9,false
2019-07-12T20:06:45.973Z,1,1,false
2019-07-12T20:06:55.469Z,1,2,false
2019-07-12T20:07:05.173Z,1,3,false
2019-07-12T20:07:14.960Z,1,4,false
2019-07-12T20:07:24.541Z,1,5,false
2019-07-12T20:07:34.545Z,1,6,false
2019-07-12T20:07:44.551Z,1,7,false
2019-07-12T20:07:52.727Z,1,8,false
2019-07-12T20:08:03.140Z,1,9,false
2019-07-12T20:08:41.437Z,1,1,false
2019-07-12T20:08:51.361Z,1,2,false
2019-07-12T20:09:00.588Z,1,3,false
2019-07-12T20:09:10.662Z,1,4,false
2019-07-12T20:09:20.988Z,1,5,false
2019-07-12T20:09:30.858Z,1,6,false
2019-07-12T20:09:40.528Z,1,7,false
2019-07-12T20:09:50.585Z,1,8,false
2019-07-12T20:10:00.610Z,1,9,false
2019-07-12T20:10:40.313Z,1,1,false
2019-07-12T20:10:49.816Z,1,2,false
2019-07-12T20:10:58.092Z,1,3,false
2019-07-12T20:11:08.124Z,1,4,false
2019-07-12T20:11:18.371Z,1,5,false
2019-07-12T20:11:28.012Z,1,6,false
2019-07-12T20:11:37.783Z,1,7,false
2019-07-12T20:11:47.789Z,1,8,false
2019-07-12T20:11:56.228Z,1,9,false
2019-07-12T20:12:36.272Z,1,1,false
2019-07-12T20:12:44.291Z,1,2,false
2019-07-12T20:12:54.061Z,1,3,false
2019-07-12T20:13:04.278Z,1,4,false
2019-07-12T20:13:14.168Z,1,5,false
2019-07-12T20:13:24.474Z,1,6,false
2019-07-12T20:13:34.863Z,1,7,false
2019-07-12T20:13:44.058Z,1,8,false
2019-07-12T20:13:53.851Z,1,9,false
2019-07-12T20:14:33.636Z,1,1,false
2019-07-12T20:14:43.701Z,1,2,false
2019-07-12T20:14:52.419Z,1,3,false
2019-07-12T20:15:02.709Z,1,4,false
2019-07-12T20:15:13.407Z,1,5,false
2019-07-12T20:15:23.570Z,1,6,false
2019-07-12T20:15:33.740Z,1,7,false
2019-07-12T20:15:42.861Z,1,8,false
2019-07-12T20:15:52.721Z,1,9,false
2019-07-12T20:16:32.566Z,1,1,false
2019-07-12T20:16:42.786Z,1,2,false
2019-07-12T20:16:52.250Z,1,3,false
2019-07-12T20:17:02.621Z,1,4,false
2019-07-12T20:17:13.720Z,1,5,false
2019-07-12T20:17:24.113Z,1,6,false
2019-07-12T20:17:34.382Z,1,7,false
2019-07-12T20:17:44.657Z,1,8,false
2019-07-12T20:17:54.901Z,1,9,false
2019-07-12T20:18:35.450Z,1,1,false
2019-07-12T20:18:45.786Z,1,2,false
2019-07-12T20:18:55.161Z,1,3,false
2019-07-12T20:19:05.902Z,1,4,false
2019-07-12T20:19:16.886Z,1,5,false
2019-07-12T20:19:27.550Z,1,6,false
2019-07-12T20:19:38.106Z,1,7,false
2019-07-12T20:19:48.117Z,1,8,false
2019-07-12T20:19:58.699Z,1,9,false
2019-07-12T20:20:39.253Z,1,1,false
2019-07-12T20:20:48.633Z,1,2,false
2019-07-12T20:20:58.498Z,1,3,false
2019-07-12T20:21:08.907Z,1,4,false
2019-07-12T20:21:19.558Z,1,5,false
2019-07-12T20:21:29.181Z,1,6,false
2019-07-12T20:21:39.645Z,1,7,false
2019-07-12T20:21:49.973Z,1,8,false
2019-07-12T20:22:00.332Z,1,9,false
2019-07-12T20:22:40.613Z,1,1,false
2019-07-12T20:22:50.253Z,1,2,false
2019-07-12T20:23:00.206Z,1,3,false
2019-07-12T20:23:10.268Z,1,4,false
2019-07-12T20:23:20.649Z,1,5,false
2019-07-12T20:23:30.412Z,1,6,false
2019-07-12T20:23:40.402Z,1,7,false
2019-07-12T20:23:49.096Z,1,8,false
2019-07-12T20:23:59.552Z,1,9,false
2019-07-12T20:24:39.501Z,1,1,false
2019-07-12T20:24:48.821Z,1,2,false
2019-07-12T20:24:58.174Z,1,3,false
2019-07-12T20:25:08.135Z,1,4,false
2019-07-12T20:25:18.896Z,1,5,false
2019-07-12T20:25:29.310Z,1,6,false
2019-07-12T20:25:40.173Z,1,7,false
2019-07-12T20:25:50.155Z,1,8,false
2019-07-12T20:25:59.925Z,1,9,false
2019-07-12T20:26:39.680Z,1,1,false
2019-07-12T20:26:49.821Z,1,2,false
2019-07-12T20:26:59.821Z,1,3,false
2019-07-12T20:27:10.491Z,1,4,false
2019-07-12T20:27:20.682Z,1,5,false
2019-07-12T20:27:31.215Z,1,6,false
2019-07-12T20:27:41.528Z,1,7,false
2019-07-12T20:27:51.781Z,1,8,false
2019-07-12T20:28:01.886Z,1,9,false
2019-07-12T20:28:40.990Z,1,1,false
2019-07-12T20:28:51.135Z,1,2,false
2019-07-12T20:28:59.601Z,1,3,false
2019-07-12T20:29:10.232Z,1,4,false
2019-07-12T20:29:21.143Z,1,5,false
2019-07-12T20:29:31.589Z,1,6,false
2019-07-12T20:29:41.927Z,1,7,false
2019-07-12T20:29:52.151Z,1,8,false
2019-07-12T20:30:02.130Z,1,9,false
2019-07-12T20:30:41.861Z,1,1,false
2019-07-12T20:30:51.696Z,1,2,false
2019-07-12T20:31:00.587Z,1,3,false
2019-07-12T20:31:10.963Z,1,4,false
2019-07-12T20:31:21.497Z,1,5,false
2019-07-12T20:31:31.695Z,1,6,false
2019-07-12T20:31:41.680Z,1,7,false
2019-07-12T20:31:50.618Z,1,8,false
2019-07-12T20:31:59.219Z,1,9,false
2019-07-12T20:32:39.393Z,1,1,false
2019-07-12T20:32:49.248Z,1,2,false
2019-07-12T20:32:58.662Z,1,3,false
2019-07-12T20:33:08.943Z,1,4,false
2019-07-12T20:33:19.503Z,1,5,false
2019-07-12T20:33:29.390Z,1,6,false
2019-07-12T20:33:39.718Z,1,7,false
2019-07-12T20:33:49.669Z,1,8,false
2019-07-12T20:33:59.873Z,1,9,false
2019-07-12T20:34:37.936Z,1,1,false
2019-07-12T20:34:48.106Z,1,2,false
2019-07-12T20:34:56.313Z,1,3,false
2019-07-12T20:35:06.563Z,1,4,false
2019-07-12T20:35:16.599Z,1,5,false
2019-07-12T20:35:26.935Z,1,6,false
2019-07-12T20:35:37.134Z,1,7,false
2019-07-12T20:35:46.994Z,1,8,false
2019-07-12T20:35:57.258Z,1,9,false
2019-07-12T20:36:37.054Z,1,1,false
2019-07-12T20:36:45.810Z,1,2,false
2019-07-12T20:36:53.560Z,1,3,false
2019-07-12T20:37:03.766Z,1,4,false
2019-07-12T20:37:14.186Z,1,5,false
2019-07-12T20:37:24.067Z,1,6,false
2019-07-12T20:37:33.788Z,1,7,false
2019-07-12T20:37:43.485Z,1,8,false
2019-07-12T20:37:53.262Z,1,9,false
2019-07-12T20:38:32.951Z,1,1,false
2019-07-12T20:38:41.832Z,1,2,false
2019-07-12T20:38:51.386Z,1,3,false
2019-07-12T20:39:00.011Z,1,4,false
2019-07-12T20:39:10.246Z,1,5,false
2019-07-12T20:39:19.999Z,1,6,false
2019-07-12T20:39:30.217Z,1,7,false
2019-07-12T20:39:39.647Z,1,8,false
2019-07-12T20:39:50.236Z,1,9,false
2019-07-12T20:40:30.734Z,1,1,false
2019-07-12T20:40:40.272Z,1,2,false
2019-07-12T20:40:48.949Z,1,3,false
2019-07-12T20:40:59.430Z,1,4,false
2019-07-12T20:41:09.244Z,1,5,false
2019-07-12T20:41:18.995Z,1,6,false
2019-07-12T20:41:28.952Z,1,7,false
2019-07-12T20:41:38.714Z,1,8,false
2019-07-12T20:41:48.838Z,1,9,false
2019-07-12T20:42:28.556Z,1,1,false
2019-07-12T20:42:38.024Z,1,2,false
2019-07-12T20:42:47.739Z,1,3,false
2019-07-12T20:42:58.096Z,1,4,false
2019-07-12T20:43:07.545Z,1,5,false
2019-07-12T20:43:17.378Z,1,6,false
2019-07-12T20:43:27.430Z,1,7,false
2019-07-12T20:43:37.119Z,1,8,false
2019-07-12T20:43:47.577Z,1,9,false
2019-07-12T20:44:27.281Z,1,1,false
2019-07-12T20:44:35.879Z,1,2,false
2019-07-12T20:44:45.598Z,1,3,false
2019-07-12T20:44:56.057Z,1,4,false
2019-07-12T20:45:06.262Z,1,5,false
2019-07-12T20:45:16.377Z,1,6,false
2019-07-12T20:45:26.651Z,1,7,false
2019-07-12T20:45:34.615Z,1,8,false
2019-07-12T20:45:44.065Z,1,9,false
2019-07-12T20:46:24.371Z,1,1,false
2019-07-12T20:46:33.325Z,1,2,false
2019-07-12T20:46:42.911Z,1,3,false
2019-07-12T20:46:53.685Z,1,4,false
2019-07-12T20:47:03.919Z,1,5,false
2019-07-12T20:47:13.802Z,1,6,false
2019-07-12T20:47:23.818Z,1,7,false
2019-07-12T20:47:33.288Z,1,8,false
2019-07-12T20:47:43.108Z,1,9,false
2019-07-12T20:48:22.312Z,1,1,false
2019-07-12T20:48:31.805Z,1,2,false
2019-07-12T20:48:41.639Z,1,3,false
2019-07-12T20:48:51.625Z,1,4,false
2019-07-12T20:49:01.629Z,1,5,false
2019-07-12T20:49:11.972Z,1,6,false
2019-07-12T20:49:21.969Z,1,7,false
2019-07-12T20:49:30.484Z,1,8,false
2019-07-12T20:49:39.500Z,1,9,false
2019-07-12T20:50:18.710Z,1,1,false
2019-07-12T20:50:28.884Z,1,2,false
2019-07-12T20:50:38.283Z,1,3,false
2019-07-12T20:50:48.896Z,1,4,false
2019-07-12T20:50:57.638Z,1,5,false
2019-07-12T20:51:07.562Z,1,6,false
2019-07-12T20:51:17.477Z,1,7,false
2019-07-12T20:51:26.665Z,1,8,false
2019-07-12T20:51:35.943Z,1,9,false
2019-07-12T20:52:16.493Z,1,1,false
2019-07-12T20:52:25.708Z,1,2,false
2019-07-12T20:52:34.946Z,1,3,false
2019-07-12T20:52:45.759Z,1,4,false
2019-07-12T20:52:56.383Z,1,5,false
2019-07-12T20:53:06.872Z,1,6,false
2019-07-12T20:53:17.012Z,1,7,false
2019-07-12T20:53:27.011Z,1,8,false
2019-07-12T20:53:36.492Z,1,9,false
2019-07-12T20:54:16.708Z,1,1,false
2019-07-12T20:54:25.260Z,1,2,false
2019-07-12T20:54:34.487Z,1,3,false
2019-07-12T20:54:43.982Z,1,4,false
2019-07-12T20:54:53.178Z,1,5,false
2019-07-12T20:55:03.361Z,1,6,false
2019-07-12T20:55:12.621Z,1,7,false
2019-07-12T20:55:22.513Z,1,8,false
2019-07-12T20:55:32.317Z,1,9,false
2019-07-12T20:56:12.193Z,1,1,false
2019-07-12T20:56:20.590Z,1,2,false
2019-07-12T20:56:29.840Z,1,3,false
2019-07-12T20:56:40.394Z,1,4,false
2019-07-12T20:56:51.157Z,1,5,false
2019-07-12T20:57:00.743Z,1,6,false
2019-07-12T20:57:10.168Z,1,7,false
2019-07-12T20:57:19.920Z,1,8,false
2019-07-12T20:57:30.080Z,1,9,false
2019-07-12T20:58:10.174Z,1,1,false
2019-07-12T20:58:20.182Z,1,2,false
2019-07-12T20:58:29.422Z,1,3,false
2019-07-12T20:58:39.620Z,1,4,false
2019-07-12T20:58:50.627Z,1,5,false
2019-07-12T20:58:59.871Z,1,6,false
2019-07-12T20:59:09.417Z,1,7,false
2019-07-12T20:59:19.381Z,1,8,false
2019-07-12T20:59:29.500Z,1,9,false
2019-07-12T21:00:09.282Z,1,1,false
2019-07-12T21:00:19.144Z,1,2,false
2019-07-12T21:00:27.116Z,1,3,false
2019-07-12T21:00:37.268Z,1,4,false
2019-07-12T21:00:47.909Z,1,5,false
2019-07-12T21:00:57.890Z,1,6,false
2019-07-12T21:01:07.911Z,1,7,false
2019-07-12T21:01:16.017Z,1,8,false
2019-07-12T21:01:26.059Z,1,9,false
2019-07-12T21:02:04.373Z,1,1,false
2019-07-12T21:02:13.738Z,1,2,false
2019-07-12T21:02:22.745Z,1,3,false
2019-07-12T21:02:33.022Z,1,4,false
2019-07-12T21:02:43.146Z,1,5,false
2019-07-12T21:02:52.806Z,1,6,false
2019-07-12T21:03:02.859Z,1,7,false
2019-07-12T21:03:12.386Z,1,8,false
2019-07-12T21:03:22.214Z,1,9,false
2019-07-12T21:04:00.466Z,1,1,false
2019-07-12T21:04:09.181Z,1,2,false
2019-07-12T21:04:18.350Z,1,3,false
2019-07-12T21:04:28.844Z,1,4,false
2019-07-12T21:04:38.908Z,1,5,false
2019-07-12T21:04:48.922Z,1,6,false
2019-07-12T21:04:59.532Z,1,7,false
2019-07-12T21:05:09.482Z,1,8,false
2019-07-12T21:05:19.621Z,1,9,false
2019-07-12T21:06:00.096Z,1,1,false
2019-07-12T21:06:09.621Z,1,2,false
2019-07-12T21:06:18.279Z,1,3,false
2019-07-12T21:06:28.254Z,1,4,false
2019-07-12T21:06:38.514Z,1,5,false
2019-07-12T21:06:48.767Z,1,6,false
2019-07-12T21:06:58.068Z,1,7,false
2019-07-12T21:07:07.556Z,1,8,false
2019-07-12T21:07:17.224Z,1,9,false
2019-07-12T21:07:55.293Z,1,1,false
2019-07-12T21:08:04.990Z,1,2,false
2019-07-12T21:08:14.481Z,1,3,false
2019-07-12T21:08:24.450Z,1,4,false
2019-07-12T21:08:34.086Z,1,5,false
2019-07-12T21:08:43.822Z,1,6,false
2019-07-12T21:08:52.219Z,1,7,false
2019-07-12T21:09:01.987Z,1,8,false
2019-07-12T21:09:11.789Z,1,9,false
2019-07-12T21:09:51.709Z,1,1,false
2019-07-12T21:10:01.354Z,1,2,false
2019-07-12T21:10:11.359Z,1,3,false
2019-07-12T21:10:21.666Z,1,4,false
2019-07-12T21:10:31.770Z,1,5,false
2019-07-12T21:10:41.476Z,1,6,false
2019-07-12T21:10:51.072Z,1,7,false
2019-07-12T21:11:00.977Z,1,8,false
2019-07-12T21:11:11.090Z,1,9,false
2019-07-12T21:11:49.458Z,1,1,false
2019-07-12T21:11:59.372Z,1,2,false
2019-07-12T21:12:09.222Z,1,3,false
2019-07-12T21:12:18.086Z,1,4,false
2019-07-12T21:12:28.406Z,1,5,false
2019-07-12T21:12:38.454Z,1,6,false
2019-07-12T21:12:48.345Z,1,7,false
2019-07-12T21:12:56.419Z,1,8,false
2019-07-12T21:13:06.301Z,1,9,false
2019-07-12T21:13:46.033Z,1,1,false
2019-07-12T21:13:55.675Z,1,2,false
2019-07-12T21:14:04.565Z,1,3,false
2019-07-12T21:14:14.252Z,1,4,false
2019-07-12T21:14:23.646Z,1,5,false
2019-07-12T21:14:32.835Z,1,6,false
2019-07-12T21:14:42.339Z,1,7,false
2019-07-12T21:14:51.392Z,1,8,false
2019-07-12T21:15:01.125Z,1,9,false
2019-07-12T21:15:39.177Z,1,1,false
2019-07-12T21:15:48.517Z,1,2,false
2019-07-12T21:15:57.750Z,1,3,false
2019-07-12T21:16:08.101Z,1,4,false
2019-07-12T21:16:18.007Z,1,5,false
2019-07-12T21:16:28.021Z,1,6,false
2019-07-12T21:16:36.871Z,1,7,false
2019-07-12T21:16:46.172Z,1,8,false
2019-07-12T21:16:55.353Z,1,9,false
2019-07-12T21:17:33.786Z,1,1,false
2019-07-12T21:17:43.308Z,1,2,false
2019-07-12T21:17:52.559Z,1,3,false
2019-07-12T21:18:02.764Z,1,4,false
2019-07-12T21:18:11.846Z,1,5,false
2019-07-12T21:18:22.182Z,1,6,false
2019-07-12T21:18:31.235Z,1,7,false
2019-07-12T21:18:39.897Z,1,8,false
2019-07-12T21:18:48.732Z,1,9,false
2019-07-12T21:19:27.802Z,1,1,false
2019-07-12T21:19:37.370Z,1,2,false
2019-07-12T21:19:47.102Z,1,3,false
2019-07-12T21:19:57.095Z,1,4,false
2019-07-12T21:20:07.620Z,1,5,false
2019-07-12T21:20:16.643Z,1,6,false
2019-07-12T21:20:26.434Z,1,7,false
2019-07-12T21:20:35.921Z,1,8,false
2019-07-12T21:20:45.859Z,1,9,false
2019-07-12T21:21:25.897Z,1,1,false
2019-07-12T21:21:35.455Z,1,2,false
2019-07-12T21:21:44.555Z,1,3,false
2019-07-12T21:21:54.643Z,1,4,false
2019-07-12T21:22:04.453Z,1,5,false
2019-07-12T21:22:12.820Z,1,6,false
2019-07-12T21:22:22.874Z,1,7,false
2019-07-12T21:22:31.650Z,1,8,false
2019-07-12T21:22:41.370Z,1,9,false
2019-07-12T21:23:21.457Z,1,1,false
2019-07-12T21:23:29.325Z,1,2,false
2019-07-12T21:23:38.282Z,1,3,false
2019-07-12T21:23:48.717Z,1,4,false
2019-07-12T21:23:58.700Z,1,5,false
2019-07-12T21:24:08.727Z,1,6,false
2019-07-12T21:24:19.132Z,1,7,false
2019-07-12T21:24:28.777Z,1,8,false
2019-07-12T21:24:38.068Z,1,9,false
2019-07-12T21:25:18.019Z,1,1,false
2019-07-12T21:25:27.318Z,1,2,false
2019-07-12T21:25:36.998Z,1,3,false
2019-07-12T21:25:47.488Z,1,4,false
2019-07-12T21:25:56.749Z,1,5,false
2019-07-12T21:26:06.888Z,1,6,false
2019-07-12T21:26:17.000Z,1,7,false
2019-07-12T21:26:25.860Z,1,8,false
2019-07-12T21:26:34.317Z,1,9,false
2019-07-12T21:27:14.376Z,1,1,false
2019-07-12T21:27:24.396Z,1,2,false
2019-07-12T21:27:34.085Z,1,3,false
2019-07-12T21:27:43.561Z,1,4,false
2019-07-12T21:27:52.559Z,1,5,false
2019-07-12T21:28:02.826Z,1,6,false
2019-07-12T21:28:13.156Z,1,7,false
2019-07-12T21:28:23.170Z,1,8,false
2019-07-12T21:28:33.457Z,1,9,false
2019-07-12T21:29:13.599Z,1,1,false
2019-07-12T21:29:23.652Z,1,2,false
2019-07-12T21:29:32.934Z,1,3,false
2019-07-12T21:29:42.279Z,1,4,false
2019-07-12T21:29:52.529Z,1,5,false
2019-07-12T21:30:02.749Z,1,6,false
2019-07-12T21:30:12.576Z,1,7,false
2019-07-12T21:30:20.654Z,1,8,false
2019-07-12T21:30:30.890Z,1,9,false
2019-07-12T21:31:10.825Z,1,1,false
2019-07-12T21:31:19.082Z,1,2,false
2019-07-12T21:31:27.168Z,1,3,false
2019-07-12T21:31:37.424Z,1,4,false
2019-07-12T21:31:48.150Z,1,5,false
2019-07-12T21:31:58.193Z,1,6,false
2019-07-12T21:32:08.482Z,1,7,false
2019-07-12T21:32:17.918Z,1,8,false
2019-07-12T21:32:28.073Z,1,9,false
2019-07-12T21:33:08.301Z,1,1,false
2019-07-12T21:33:18.571Z,1,2,false
2019-07-12T21:33:28.499Z,1,3,false
2019-07-12T21:33:39.016Z,1,4,false
2019-07-12T21:33:49.770Z,1,5,false
2019-07-12T21:33:59.132Z,1,6,false
2019-07-12T21:34:09.165Z,1,7,false
2019-07-12T21:34:18.653Z,1,8,false
2019-07-12T21:34:28.453Z,1,9,false
2019-07-12T21:35:08.133Z,1,1,false
2019-07-12T21:35:17.166Z,1,2,false
2019-07-12T21:35:26.509Z,1,3,false
2019-07-12T21:35:36.676Z,1,4,false
2019-07-12T21:35:46.574Z,1,5,false
2019-07-12T21:35:55.038Z,1,6,false
2019-07-12T21:36:05.119Z,1,7,false
2019-07-12T21:36:14.674Z,1,8,false
2019-07-12T21:36:24.146Z,1,9,false
2019-07-12T21:37:04.171Z,1,1,false
2019-07-12T21:37:13.100Z,1,2,false
2019-07-12T21:37:22.539Z,1,3,false
2019-07-12T21:37:33.111Z,1,4,false
2019-07-12T21:37:42.939Z,1,5,false
2019-07-12T21:37:53.063Z,1,6,false
2019-07-12T21:38:03.302Z,1,7,false
2019-07-12T21:38:13.019Z,1,8,false
2019-07-12T21:38:23.275Z,1,9,false
2019-07-12T21:39:02.935Z,1,1,false
2019-07-12T21:39:12.438Z,1,2,false
2019-07-12T21:39:22.313Z,1,3,false
2019-07-12T21:39:32.880Z,1,4,false
2019-07-12T21:39:42.732Z,1,5,false
2019-07-12T21:39:51.362Z,1,6,false
2019-07-12T21:39:59.877Z,1,7,false
2019-07-12T21:40:09.628Z,1,8,false
2019-07-12T21:40:18.273Z,1,9,false
2019-07-12T21:40:58.425Z,1,1,false
2019-07-12T21:41:08.458Z,1,2,false
2019-07-12T21:41:17.780Z,1,3,false
2019-07-12T21:41:27.791Z,1,4,false
2019-07-12T21:41:37.778Z,1,5,false
2019-07-12T21:41:47.994Z,1,6,false
2019-07-12T21:41:58.309Z,1,7,false
2019-07-12T21:42:07.777Z,1,8,false
2019-07-12T21:42:17.774Z,1,9,false
2019-07-12T21:42:57.945Z,1,1,false
2019-07-12T21:43:06.930Z,1,2,false
2019-07-12T21:43:16.197Z,1,3,false
2019-07-12T21:43:26.647Z,1,4,false
2019-07-12T21:43:36.572Z,1,5,false
2019-07-12T21:43:46.985Z,1,6,false
2019-07-12T21:43:55.421Z,1,7,false
2019-07-12T21:44:05.049Z,1,8,false
2019-07-12T21:44:15.060Z,1,9,false
2019-07-12T21:44:54.902Z,1,1,false
2019-07-12T21:45:04.848Z,1,2,false
2019-07-12T21:45:14.091Z,1,3,false
2019-07-12T21:45:23.927Z,1,4,false
2019-07-12T21:45:34.435Z,1,5,false
2019-07-12T21:45:42.829Z,1,6,false
2019-07-12T21:45:53.066Z,1,7,false
2019-07-12T21:46:02.875Z,1,8,false
2019-07-12T21:46:11.966Z,1,9,false
2019-07-12T21:46:51.646Z,1,1,false
2019-07-12T21:47:01.517Z,1,2,false
2019-07-12T21:47:11.382Z,1,3,false
2019-07-12T21:47:21.851Z,1,4,false
2019-07-12T21:47:31.939Z,1,5,false
2019-07-12T21:47:41.963Z,1,6,false
2019-07-12T21:47:52.453Z,1,7,false
2019-07-12T21:48:02.446Z,1,8,false
2019-07-12T21:48:12.563Z,1,9,false
2019-07-12T21:48:50.867Z,1,1,false
2019-07-12T21:49:00.348Z,1,2,false
2019-07-12T21:49:10.085Z,1,3,false
2019-07-12T21:49:20.757Z,1,4,false
2019-07-12T21:49:30.716Z,1,5,false
2019-07-12T21:49:40.211Z,1,6,false
2019-07-12T21:49:50.545Z,1,7,false
2019-07-12T21:50:00.176Z,1,8,false
2019-07-12T21:50:10.530Z,1,9,false
2019-07-12T21:50:50.733Z,1,1,false
2019-07-12T21:51:00.788Z,1,2,false
2019-07-12T21:51:09.420Z,1,3,false
2019-07-12T21:51:19.380Z,1,4,false
2019-07-12T21:51:29.888Z,1,5,false
2019-07-12T21:51:39.223Z,1,6,false
2019-07-12T21:51:48.842Z,1,7,false
2019-07-12T21:51:58.818Z,1,8,false
2019-07-12T21:52:09.033Z,1,9,false
2019-07-12T21:52:49.209Z,1,1,false
2019-07-12T21:52:58.792Z,1,2,false
2019-07-12T21:53:07.000Z,1,3,false
2019-07-12T21:53:17.202Z,1,4,false
2019-07-12T21:53:27.769Z,1,5,false
2019-07-12T21:53:36.954Z,1,6,false
2019-07-12T21:53:47.572Z,1,7,false
2019-07-12T21:53:57.404Z,1,8,false
2019-07-12T21:54:07.555Z,1,9,false
2019-07-12T21:54:47.718Z,1,1,false
2019-07-12T21:54:57.933Z,1,2,false
2019-07-12T21:55:07.206Z,1,3,false
2019-07-12T21:55:17.346Z,1,4,false
2019-07-12T21:55:27.361Z,1,5,false
2019-07-12T21:55:36.956Z,1,6,false
2019-07-12T21:55:47.512Z,1,7,false
2019-07-12T21:55:56.865Z,1,8,false
2019-07-12T21:56:06.939Z,1,9,false
2019-07-12T21:56:46.652Z,1,1,false
2019-07-12T21:56:55.064Z,1,2,false
2019-07-12T21:57:04.560Z,1,3,false
2019-07-12T21:57:14.886Z,1,4,false
2019-07-12T21:57:25.740Z,1,5,false
2019-07-12T21:57:35.893Z,1,6,false
2019-07-12T21:57:46.203Z,1,7,false
2019-07-12T21:57:56.243Z,1,8,false
2019-07-12T21:58:05.195Z,1,9,false
2019-07-12T21:58:43.586Z,1,1,false
2019-07-12T21:58:52.875Z,1,2,false
2019-07-12T21:59:01.654Z,1,3,false
2019-07-12T21:59:11.868Z,1,4,false
2019-07-12T21:59:22.685Z,1,5,false
2019-07-12T21:59:32.393Z,1,6,false
2019-07-12T21:59:42.896Z,1,7,false
2019-07-12T21:59:52.374Z,1,8,false
2019-07-12T22:00:02.666Z,1,9,false
2019-07-12T22:00:43.394Z,1,1,false
2019-07-12T22:00:53.716Z,1,2,false
2019-07-12T22:01:03.316Z,1,3,false
2019-07-12T22:01:13.786Z,1,4,false
2019-07-12T22:01:24.335Z,1,5,false
2019-07-12T22:01:34.786Z,1,6,false
2019-07-12T22:01:45.236Z,1,7,false
2019-07-12T22:01:54.795Z,1,8,false
2019-07-12T22:02:04.915Z,1,9,false
2019-07-12T22:02:43.194Z,1,1,false
2019-07-12T22:02:53.169Z,1,2,false
2019-07-12T22:03:02.428Z,1,3,false
2019-07-12T22:03:12.723Z,1,4,false
2019-07-12T22:03:23.164Z,1,5,false
2019-07-12T22:03:32.907Z,1,6,false
2019-07-12T22:03:43.032Z,1,7,false
2019-07-12T22:03:52.106Z,1,8,false
2019-07-12T22:04:02.222Z,1,9,false
2019-07-12T22:04:41.740Z,1,1,false
2019-07-12T22:04:51.532Z,1,2,false
2019-07-12T22:05:01.055Z,1,3,false
2019-07-12T22:05:11.449Z,1,4,false
2019-07-12T22:05:21.873Z,1,5,false
2019-07-12T22:05:31.897Z,1,6,false
2019-07-12T22:05:41.761Z,1,7,false
2019-07-12T22:05:51.495Z,1,8,false
2019-07-12T22:06:01.597Z,1,9,false
2019-07-12T22:06:41.691Z,1,1,false
2019-07-12T22:06:51.559Z,1,2,false
2019-07-12T22:07:01.479Z,1,3,false
2019-07-12T22:07:12.298Z,1,4,false
2019-07-12T22:07:22.889Z,1,5,false
2019-07-12T22:07:32.609Z,1,6,false
2019-07-12T22:07:42.839Z,1,7,false
2019-07-12T22:07:52.287Z,1,8,false
2019-07-12T22:08:02.081Z,1,9,false
2019-07-12T22:08:42.319Z,1,1,false
2019-07-12T22:08:52.607Z,1,2,false
2019-07-12T22:09:02.285Z,1,3,false
2019-07-12T22:09:11.968Z,1,4,false
2019-07-12T22:09:22.622Z,1,5,false
2019-07-12T22:09:32.631Z,1,6,false
2019-07-12T22:09:42.455Z,1,7,false
2019-07-12T22:09:51.948Z,1,8,false
2019-07-12T22:10:01.772Z,1,9,false
2019-07-12T22:10:39.974Z,1,1,false
2019-07-12T22:10:49.179Z,1,2,false
2019-07-12T22:10:56.980Z,1,3,false
2019-07-12T22:11:07.259Z,1,4,false
2019-07-12T22:11:17.559Z,1,5,false
2019-07-12T22:11:27.464Z,1,6,false
2019-07-12T22:11:36.891Z,1,7,false
2019-07-12T22:11:47.081Z,1,8,false
2019-07-12T22:11:57.156Z,1,9,false
2019-07-12T22:12:37.075Z,1,1,false
2019-07-12T22:12:46.668Z,1,2,false
2019-07-12T22:12:55.024Z,1,3,false
2019-07-12T22:13:05.458Z,1,4,false
2019-07-12T22:13:15.655Z,1,5,false
2019-07-12T22:13:25.740Z,1,6,false
2019-07-12T22:13:35.910Z,1,7,false
2019-07-12T22:13:45.635Z,1,8,false
2019-07-12T22:13:55.214Z,1,9,false
2019-07-12T22:14:35.138Z,1,1,false
2019-07-12T22:14:45.362Z,1,2,false
2019-07-12T22:14:55.190Z,1,3,false
2019-07-12T22:15:05.705Z,1,4,false
2019-07-12T22:15:16.459Z,1,5,false
2019-07-12T22:15:26.890Z,1,6,false
2019-07-12T22:15:36.142Z,1,7,false
2019-07-12T22:15:46.275Z,1,8,false
2019-07-12T22:15:56.618Z,1,9,false
2019-07-12T22:16:35.207Z,1,1,false
2019-07-12T22:16:44.390Z,1,2,false
2019-07-12T22:16:53.035Z,1,3,false
2019-07-12T22:17:04.10Z,1,4,false
2019-07-12T22:17:13.008Z,1,5,false
2019-07-12T22:17:22.236Z,1,6,false
2019-07-12T22:17:32.681Z,1,7,false
2019-07-12T22:17:42.774Z,1,8,false
2019-07-12T22:17:51.967Z,1,9,false
2019-07-12T22:18:30.286Z,1,1,false
2019-07-12T22:18:39.897Z,1,2,false
2019-07-12T22:18:48.659Z,1,3,false
2019-07-12T22:18:58.341Z,1,4,false
2019-07-12T22:19:08.557Z,1,5,false
2019-07-12T22:19:18.287Z,1,6,false
2019-07-12T22:19:28.389Z,1,7,false
2019-07-12T22:19:37.482Z,1,8,false
2019-07-12T22:19:47.934Z,1,9,false
2019-07-12T22:20:27.799Z,1,1,false
2019-07-12T22:20:37.755Z,1,2,false
2019-07-12T22:20:47.098Z,1,3,false
2019-07-12T22:20:56.177Z,1,4,false
2019-07-12T22:21:06.326Z,1,5,false
2019-07-12T22:21:16.040Z,1,6,false
2019-07-12T22:21:25.206Z,1,7,false
2019-07-12T22:21:34.584Z,1,8,false
2019-07-12T22:21:44.686Z,1,9,false
2019-07-12T22:22:24.735Z,1,1,false
2019-07-12T22:22:34.809Z,1,2,false
2019-07-12T22:22:44.115Z,1,3,false
2019-07-12T22:22:54.508Z,1,4,false
2019-07-12T22:23:04.714Z,1,5,false
2019-07-12T22:23:14.353Z,1,6,false
2019-07-12T22:23:23.057Z,1,7,false
2019-07-12T22:23:32.823Z,1,8,false
2019-07-12T22:23:43.169Z,1,9,false
2019-07-12T22:24:22.413Z,1,1,false
2019-07-12T22:24:32.609Z,1,2,false
2019-07-12T22:24:41.818Z,1,3,false
2019-07-12T22:24:53.504Z,1,4,false
2019-07-12T22:25:04.10Z,1,5,false
2019-07-12T22:25:12.876Z,1,6,false
2019-07-12T22:25:23.089Z,1,7,false
2019-07-12T22:25:31.591Z,1,8,false
2019-07-12T22:25:41.625Z,1,9,false
2019-07-12T22:26:21.228Z,1,1,false
2019-07-12T22:26:30.643Z,1,2,false
2019-07-12T22:26:38.375Z,1,3,false
2019-07-12T22:26:48.525Z,1,4,false
2019-07-12T22:26:59.212Z,1,5,false
2019-07-12T22:27:09.208Z,1,6,false
2019-07-12T22:27:19.506Z,1,7,false
2019-07-12T22:27:29.001Z,1,8,false
2019-07-12T22:27:38.829Z,1,9,false
2019-07-12T22:28:18.573Z,1,1,false
2019-07-12T22:28:28.265Z,1,2,false
2019-07-12T22:28:36.985Z,1,3,false
2019-07-12T22:28:47.696Z,1,4,false
2019-07-12T22:28:58.287Z,1,5,false
2019-07-12T22:29:08.221Z,1,6,false
2019-07-12T22:29:17.730Z,1,7,false
2019-07-12T22:29:27.253Z,1,8,false
2019-07-12T22:29:37.669Z,1,9,false
2019-07-12T22:30:17.955Z,1,1,false
2019-07-12T22:30:27.582Z,1,2,false
2019-07-12T22:30:36.987Z,1,3,false
2019-07-12T22:30:47.783Z,1,4,false
2019-07-12T22:30:57.767Z,1,5,false
2019-07-12T22:31:07.581Z,1,6,false
2019-07-12T22:31:17.396Z,1,7,false
2019-07-12T22:31:26.665Z,1,8,false
2019-07-12T22:31:37.172Z,1,9,false
2019-07-12T22:32:17.641Z,1,1,false
2019-07-12T22:32:27.125Z,1,2,false
2019-07-12T22:32:36.379Z,1,3,false
2019-07-12T22:32:46.407Z,1,4,false
2019-07-12T22:32:55.298Z,1,5,false
2019-07-12T22:33:04.259Z,1,6,false
2019-07-12T22:33:14.688Z,1,7,false
2019-07-12T22:33:24.658Z,1,8,false
2019-07-12T22:33:34.659Z,1,9,false
2019-07-12T22:34:13.228Z,1,1,false
2019-07-12T22:34:23.513Z,1,2,false
2019-07-12T22:34:33.239Z,1,3,false
2019-07-12T22:34:43.779Z,1,4,false
2019-07-12T22:34:54.689Z,1,5,false
2019-07-12T22:35:05.265Z,1,6,false
2019-07-12T22:35:14.934Z,1,7,false
2019-07-12T22:35:24.804Z,1,8,false
2019-07-12T22:35:35.208Z,1,9,false
2019-07-12T22:36:14.842Z,1,1,false
2019-07-12T22:36:25.091Z,1,2,false
2019-07-12T22:36:35.073Z,1,3,false
2019-07-12T22:36:46.003Z,1,4,false
2019-07-12T22:36:56.355Z,1,5,false
2019-07-12T22:37:06.778Z,1,6,false
2019-07-12T22:37:17.280Z,1,7,false
2019-07-12T22:37:27.414Z,1,8,false
2019-07-12T22:37:37.813Z,1,9,false
2019-07-12T22:38:18.057Z,1,1,false
2019-07-12T22:38:28.328Z,1,2,false
2019-07-12T22:38:37.706Z,1,3,false
2019-07-12T22:38:48.393Z,1,4,false
2019-07-12T22:38:56.909Z,1,5,false
2019-07-12T22:39:05.785Z,1,6,false
2019-07-12T22:39:14.943Z,1,7,false
2019-07-12T22:39:24.412Z,1,8,false
2019-07-12T22:39:34.299Z,1,9,false
2019-07-12T22:40:14.392Z,1,1,false
2019-07-12T22:40:23.571Z,1,2,false
2019-07-12T22:40:33.356Z,1,3,false
2019-07-12T22:40:42.726Z,1,4,false
2019-07-12T22:40:52.925Z,1,5,false
2019-07-12T22:41:02.683Z,1,6,false
2019-07-12T22:41:11.780Z,1,7,false
2019-07-12T22:41:21.482Z,1,8,false
2019-07-12T22:41:31.596Z,1,9,false
2019-07-12T22:42:11.700Z,1,1,false
2019-07-12T22:42:20.575Z,1,2,false
2019-07-12T22:42:30.237Z,1,3,false
2019-07-12T22:42:40.487Z,1,4,false
2019-07-12T22:42:51.009Z,1,5,false
2019-07-12T22:43:00.660Z,1,6,false
2019-07-12T22:43:11.074Z,1,7,false
2019-07-12T22:43:21.049Z,1,8,false
2019-07-12T22:43:29.518Z,1,9,false
2019-07-12T22:44:09.670Z,1,1,false
2019-07-12T22:44:19.154Z,1,2,false
2019-07-12T22:44:28.365Z,1,3,false
2019-07-12T22:44:38.448Z,1,4,false
2019-07-12T22:44:49.144Z,1,5,false
2019-07-12T22:44:58.850Z,1,6,false
2019-07-12T22:45:08.391Z,1,7,false
2019-07-12T22:45:17.935Z,1,8,false
2019-07-12T22:45:28.179Z,1,9,false
2019-07-12T22:46:07.577Z,1,1,false
2019-07-12T22:46:17.041Z,1,2,false
2019-07-12T22:46:26.286Z,1,3,false
2019-07-12T22:46:36.277Z,1,4,false
2019-07-12T22:46:46.337Z,1,5,false
2019-07-12T22:46:55.804Z,1,6,false
2019-07-12T22:47:04.733Z,1,7,false
2019-07-12T22:47:12.916Z,1,8,false
2019-07-12T22:47:21.295Z,1,9,false
2019-07-12T22:48:01.362Z,1,1,false
2019-07-12T22:48:11.179Z,1,2,false
2019-07-12T22:48:21.101Z,1,3,false
2019-07-12T22:48:31.634Z,1,4,false
2019-07-12T22:48:41.957Z,1,5,false
2019-07-12T22:48:52.316Z,1,6,false
2019-07-12T22:49:02.576Z,1,7,false
2019-07-12T22:49:12.212Z,1,8,false
2019-07-12T22:49:22.365Z,1,9,false
2019-07-12T22:50:02.555Z,1,1,false
2019-07-12T22:50:11.774Z,1,2,false
2019-07-12T22:50:21.322Z,1,3,false
2019-07-12T22:50:31.523Z,1,4,false
2019-07-12T22:50:41.747Z,1,5,false
2019-07-12T22:50:51.952Z,1,6,false
2019-07-12T22:51:01.786Z,1,7,false
2019-07-12T22:51:11.371Z,1,8,false
2019-07-12T22:51:21.439Z,1,9,false
2019-07-12T22:52:01.585Z,1,1,false
2019-07-12T22:52:11.660Z,1,2,false
2019-07-12T22:52:20.928Z,1,3,false
2019-07-12T22:52:31.143Z,1,4,false
2019-07-12T22:52:41.836Z,1,5,false
2019-07-12T22:52:51.932Z,1,6,false
2019-07-12T22:53:02.405Z,1,7,false
2019-07-12T22:53:12.669Z,1,8,false
2019-07-12T22:53:22.512Z,1,9,false
2019-07-12T22:54:02.613Z,1,1,false
2019-07-12T22:54:12.163Z,1,2,false
2019-07-12T22:54:21.481Z,1,3,false
2019-07-12T22:54:31.933Z,1,4,false
2019-07-12T22:54:42.810Z,1,5,false
2019-07-12T22:54:52.541Z,1,6,false
2019-07-12T22:55:02.165Z,1,7,false
2019-07-12T22:55:11.609Z,1,8,false
2019-07-12T22:55:22.088Z,1,9,false
2019-07-12T22:56:02.302Z,1,1,false
2019-07-12T22:56:11.765Z,1,2,false
2019-07-12T22:56:20.713Z,1,3,false
2019-07-12T22:56:31.139Z,1,4,false
2019-07-12T22:56:41.476Z,1,5,false
2019-07-12T22:56:51.024Z,1,6,false
2019-07-12T22:57:01.367Z,1,7,false
2019-07-12T22:57:11.096Z,1,8,false
2019-07-12T22:57:20.681Z,1,9,false
2019-07-12T22:58:00.379Z,1,1,false
2019-07-12T22:58:10.636Z,1,2,false
2019-07-12T22:58:20.578Z,1,3,false
2019-07-12T22:58:30.533Z,1,4,false
2019-07-12T22:58:40.918Z,1,5,false
2019-07-12T22:58:51.292Z,1,6,false
2019-07-12T22:59:01.839Z,1,7,false
2019-07-12T22:59:11.885Z,1,8,false
2019-07-12T22:59:21.468Z,1,9,false
2019-07-12T23:00:01.193Z,1,1,false
2019-07-12T23:00:11.499Z,1,2,false
2019-07-12T23:00:20.819Z,1,3,false
2019-07-12T23:00:31.712Z,1,4,false
2019-07-12T23:00:42.353Z,1,5,false
2019-07-12T23:00:52.993Z,1,6,false
2019-07-12T23:01:02.820Z,1,7,false
2019-07-12T23:01:13.177Z,1,8,false
2019-07-12T23:01:23.258Z,1,9,false
2019-07-12T23:02:03.505Z,1,1,false
2019-07-12T23:02:13.146Z,1,2,false
2019-07-12T23:02:23.064Z,1,3,false
2019-07-12T23:02:33.765Z,1,4,false
2019-07-12T23:02:44.477Z,1,5,false
2019-07-12T23:02:54.512Z,1,6,false
2019-07-12T23:03:04.890Z,1,7,false
2019-07-12T23:03:14.919Z,1,8,false
2019-07-12T23:03:24.996Z,1,9,false
2019-07-12T23:04:05.517Z,1,1,false
2019-07-12T23:04:15.539Z,1,2,false
2019-07-12T23:04:24.624Z,1,3,false
2019-07-12T23:04:34.971Z,1,4,false
2019-07-12T23:04:46.081Z,1,5,false
2019-07-12T23:04:56.629Z,1,6,false
2019-07-12T23:05:06.528Z,1,7,false
2019-07-12T23:05:16.018Z,1,8,false
2019-07-12T23:05:26.164Z,1,9,false
2019-07-12T23:06:06.261Z,1,1,false
2019-07-12T23:06:15.765Z,1,2,false
2019-07-12T23:06:25.011Z,1,3,false
2019-07-12T23:06:35.290Z,1,4,false
2019-07-12T23:06:46.268Z,1,5,false
2019-07-12T23:06:56.421Z,1,6,false
2019-07-12T23:07:06.418Z,1,7,false
2019-07-12T23:07:15.862Z,1,8,false
2019-07-12T23:07:25.912Z,1,9,false
2019-07-12T23:08:05.577Z,1,1,false
2019-07-12T23:08:15.098Z,1,2,false
2019-07-12T23:08:24.372Z,1,3,false
2019-07-12T23:08:33.605Z,1,4,false
2019-07-12T23:08:43.213Z,1,5,false
2019-07-12T23:08:53.579Z,1,6,false
2019-07-12T23:09:04.208Z,1,7,false
2019-07-12T23:09:13.025Z,1,8,false
2019-07-12T23:09:21.563Z,1,9,false
2019-07-12T23:10:01.595Z,1,1,false
2019-07-12T23:10:11.022Z,1,2,false
2019-07-12T23:10:20.189Z,1,3,false
2019-07-12T23:10:34.425Z,1,4,false
2019-07-12T23:10:45.310Z,1,5,false
2019-07-12T23:10:55.087Z,1,6,false
2019-07-12T23:11:03.594Z,1,7,false
2019-07-12T23:11:12.749Z,1,8,false
2019-07-12T23:11:22.899Z,1,9,false
2019-07-12T23:12:02.686Z,1,1,false
2019-07-12T23:12:12.265Z,1,2,false
2019-07-12T23:12:22.234Z,1,3,false
2019-07-12T23:12:32.826Z,1,4,false
2019-07-12T23:12:43.882Z,1,5,false
2019-07-12T23:12:53.377Z,1,6,false
2019-07-12T23:13:03.280Z,1,7,false
2019-07-12T23:13:12.932Z,1,8,false
2019-07-12T23:13:23.233Z,1,9,false
2019-07-12T23:14:03.106Z,1,1,false
2019-07-12T23:14:13.204Z,1,2,false
2019-07-12T23:14:22.989Z,1,3,false
2019-07-12T23:14:33.390Z,1,4,false
2019-07-12T23:14:43.708Z,1,5,false
2019-07-12T23:14:53.400Z,1,6,false
2019-07-12T23:15:01.778Z,1,7,false
2019-07-12T23:15:11.451Z,1,8,false
2019-07-12T23:15:21.895Z,1,9,false
2019-07-12T23:16:00.267Z,1,1,false
2019-07-12T23:16:08.899Z,1,2,false
2019-07-12T23:16:18.166Z,1,3,false
2019-07-12T23:16:28.298Z,1,4,false
2019-07-12T23:16:38.672Z,1,5,false
2019-07-12T23:16:48.399Z,1,6,false
2019-07-12T23:16:57.105Z,1,7,false
2019-07-12T23:17:06.934Z,1,8,false
2019-07-12T23:17:16.836Z,1,9,false
2019-07-12T23:17:55.192Z,1,1,false
2019-07-12T23:18:05.106Z,1,2,false
2019-07-12T23:18:13.604Z,1,3,false
2019-07-12T23:18:22.967Z,1,4,false
2019-07-12T23:18:32.785Z,1,5,false
2019-07-12T23:18:42.503Z,1,6,false
2019-07-12T23:18:52.324Z,1,7,false
2019-07-12T23:19:01.763Z,1,8,false
2019-07-12T23:19:11.638Z,1,9,false
2019-07-12T23:19:51.725Z,1,1,false
2019-07-12T23:20:01.758Z,1,2,false
2019-07-12T23:20:10.372Z,1,3,false
2019-07-12T23:20:21.022Z,1,4,false
2019-07-12T23:20:31.219Z,1,5,false
2019-07-12T23:20:39.914Z,1,6,false
2019-07-12T23:20:49.007Z,1,7,false
2019-07-12T23:20:58.340Z,1,8,false
2019-07-12T23:21:08.271Z,1,9,false
2019-07-12T23:21:48.231Z,1,1,false
2019-07-12T23:21:56.985Z,1,2,false
2019-07-12T23:22:06.269Z,1,3,false
2019-07-12T23:22:16.339Z,1,4,false
2019-07-12T23:22:26.501Z,1,5,false
2019-07-12T23:22:36.547Z,1,6,false
2019-07-12T23:22:47.323Z,1,7,false
2019-07-12T23:22:56.804Z,1,8,false
2019-07-12T23:23:06.565Z,1,9,false
2019-07-12T23:23:46.669Z,1,1,false
2019-07-12T23:23:56.367Z,1,2,false
2019-07-12T23:24:06.277Z,1,3,false
2019-07-12T23:24:16.828Z,1,4,false
2019-07-12T23:24:26.038Z,1,5,false
2019-07-12T23:24:34.651Z,1,6,false
2019-07-12T23:24:43.418Z,1,7,false
2019-07-12T23:24:52.572Z,1,8,false
2019-07-12T23:25:02.589Z,1,9,false
2019-07-12T23:25:42.744Z,1,1,false
2019-07-12T23:25:52.637Z,1,2,false
2019-07-12T23:26:02.465Z,1,3,false
2019-07-12T23:26:12.526Z,1,4,false
2019-07-12T23:26:21.168Z,1,5,false
2019-07-12T23:26:31.327Z,1,6,false
2019-07-12T23:26:41.737Z,1,7,false
2019-07-12T23:26:51.445Z,1,8,false
2019-07-12T23:27:01.622Z,1,9,false
2019-07-12T23:27:41.359Z,1,1,false
2019-07-12T23:27:50.865Z,1,2,false
2019-07-12T23:27:59.265Z,1,3,false
2019-07-12T23:28:08.174Z,1,4,false
2019-07-12T23:28:18.484Z,1,5,false
2019-07-12T23:28:28.187Z,1,6,false
2019-07-12T23:28:37.490Z,1,7,false
2019-07-12T23:28:47.358Z,1,8,false
2019-07-12T23:28:57.569Z,1,9,false
2019-07-12T23:29:36.688Z,1,1,false
2019-07-12T23:29:45.576Z,1,2,false
2019-07-12T23:29:53.997Z,1,3,false
2019-07-12T23:30:02.742Z,1,4,false
2019-07-12T23:30:12.669Z,1,5,false
2019-07-12T23:30:22.480Z,1,6,false
2019-07-12T23:30:32.623Z,1,7,false
2019-07-12T23:30:42.650Z,1,8,false
2019-07-12T23:30:52.439Z,1,9,false
2019-07-12T23:31:32.185Z,1,1,false
2019-07-12T23:31:41.699Z,1,2,false
2019-07-12T23:31:51.414Z,1,3,false
2019-07-12T23:31:59.885Z,1,4,false
2019-07-12T23:32:10.760Z,1,5,false
2019-07-12T23:32:20.461Z,1,6,false
2019-07-12T23:32:29.800Z,1,7,false
2019-07-12T23:32:39.159Z,1,8,false
2019-07-12T23:32:49.024Z,1,9,false
2019-07-12T23:33:27.211Z,1,1,false
2019-07-12T23:33:35.993Z,1,2,false
2019-07-12T23:33:44.953Z,1,3,false
2019-07-12T23:33:55.073Z,1,4,false
2019-07-12T23:34:05.530Z,1,5,false
2019-07-12T23:34:14.971Z,1,6,false
2019-07-12T23:34:24.611Z,1,7,false
2019-07-12T23:34:34.211Z,1,8,false
2019-07-12T23:34:44.182Z,1,9,false
2019-07-12T23:35:24.201Z,1,1,false
2019-07-12T23:35:32.329Z,1,2,false
2019-07-12T23:35:41.587Z,1,3,false
2019-07-12T23:35:52.256Z,1,4,false
2019-07-12T23:36:02.470Z,1,5,false
2019-07-12T23:36:12.136Z,1,6,false
2019-07-12T23:36:22.262Z,1,7,false
2019-07-12T23:36:31.969Z,1,8,false
2019-07-12T23:36:41.709Z,1,9,false
2019-07-12T23:37:21.728Z,1,1,false
2019-07-12T23:37:31.310Z,1,2,false
2019-07-12T23:37:40.802Z,1,3,false
2019-07-12T23:37:51.366Z,1,4,false
2019-07-12T23:38:01.785Z,1,5,false
2019-07-12T23:38:12.346Z,1,6,false
2019-07-12T23:38:22.927Z,1,7,false
2019-07-12T23:38:32.874Z,1,8,false
2019-07-12T23:38:43.288Z,1,9,false
2019-07-12T23:39:23.198Z,1,1,false
2019-07-12T23:39:33.093Z,1,2,false
2019-07-12T23:39:42.090Z,1,3,false
2019-07-12T23:39:52.802Z,1,4,false
2019-07-12T23:40:03.446Z,1,5,false
2019-07-12T23:40:13.241Z,1,6,false
2019-07-12T23:40:23.415Z,1,7,false
2019-07-12T23:40:33.029Z,1,8,false
2019-07-12T23:40:43.334Z,1,9,false
2019-07-12T23:41:23.108Z,1,1,false
2019-07-12T23:41:33.391Z,1,2,false
2019-07-12T23:41:43.518Z,1,3,false
2019-07-12T23:41:54.346Z,1,4,false
2019-07-12T23:42:05.033Z,1,5,false
2019-07-12T23:42:14.991Z,1,6,false
2019-07-12T23:42:25.411Z,1,7,false
2019-07-12T23:42:35.363Z,1,8,false
2019-07-12T23:42:43.667Z,1,9,false
2019-07-12T23:43:23.253Z,1,1,false
2019-07-12T23:43:31.070Z,1,2,false
2019-07-12T23:43:40.078Z,1,3,false
2019-07-12T23:43:50.836Z,1,4,false
2019-07-12T23:44:01.277Z,1,5,false
2019-07-12T23:44:11.525Z,1,6,false
2019-07-12T23:44:21.714Z,1,7,false
2019-07-12T23:44:31.092Z,1,8,false
2019-07-12T23:44:40.826Z,1,9,false
2019-07-12T23:45:19.283Z,1,1,false
2019-07-12T23:45:28.238Z,1,2,false
2019-07-12T23:45:37.541Z,1,3,false
2019-07-12T23:45:47.665Z,1,4,false
2019-07-12T23:45:58.983Z,1,5,false
2019-07-12T23:46:09.307Z,1,6,false
2019-07-12T23:46:19.665Z,1,7,false
2019-07-12T23:46:29.438Z,1,8,false
2019-07-12T23:46:39.254Z,1,9,false
2019-07-12T23:47:18.473Z,1,1,false
2019-07-12T23:47:26.293Z,1,2,false
2019-07-12T23:47:35.562Z,1,3,false
2019-07-12T23:47:46.296Z,1,4,false
2019-07-12T23:47:55.879Z,1,5,false
2019-07-12T23:48:05.531Z,1,6,false
2019-07-12T23:48:13.787Z,1,7,false
2019-07-12T23:48:22.951Z,1,8,false
2019-07-12T23:48:33.002Z,1,9,false
2019-07-12T23:49:11.269Z,1,1,false
2019-07-12T23:49:19.129Z,1,2,false
2019-07-12T23:49:28.384Z,1,3,false
2019-07-12T23:49:38.738Z,1,4,false
2019-07-12T23:49:49.630Z,1,5,false
2019-07-12T23:49:58.029Z,1,6,false
2019-07-12T23:50:08.325Z,1,7,false
2019-07-12T23:50:18.169Z,1,8,false
2019-07-12T23:50:27.562Z,1,9,false
2019-07-12T23:51:07.257Z,1,1,false
2019-07-12T23:51:15.574Z,1,2,false
2019-07-12T23:51:24.348Z,1,3,false
2019-07-12T23:51:34.745Z,1,4,false
2019-07-12T23:51:45.288Z,1,5,false
2019-07-12T23:51:53.759Z,1,6,false
2019-07-12T23:52:04.057Z,1,7,false
2019-07-12T23:52:13.537Z,1,8,false
2019-07-12T23:52:23.098Z,1,9,false
2019-07-12T23:53:03.209Z,1,1,false
2019-07-12T23:53:13.374Z,1,2,false
2019-07-12T23:53:22.590Z,1,3,false
2019-07-12T23:53:33.697Z,1,4,false
2019-07-12T23:53:43.589Z,1,5,false
2019-07-12T23:53:53.363Z,1,6,false
2019-07-12T23:54:03.725Z,1,7,false
2019-07-12T23:54:13.606Z,1,8,false
2019-07-12T23:54:23.439Z,1,9,false
2019-07-12T23:55:01.588Z,1,1,false
2019-07-12T23:55:10.141Z,1,2,false
2019-07-12T23:55:19.317Z,1,3,false
2019-07-12T23:55:29.067Z,1,4,false
2019-07-12T23:55:39.408Z,1,5,false
2019-07-12T23:55:49.199Z,1,6,false
2019-07-12T23:55:57.974Z,1,7,false
2019-07-12T23:56:07.930Z,1,8,false
2019-07-12T23:56:18.254Z,1,9,false
2019-07-12T23:56:58.309Z,1,1,false
2019-07-12T23:57:08.116Z,1,2,false
2019-07-12T23:57:17.623Z,1,3,false
2019-07-12T23:57:27.764Z,1,4,false
2019-07-12T23:57:37.994Z,1,5,false
2019-07-12T23:57:47.935Z,1,6,false
2019-07-12T23:57:58.137Z,1,7,false
2019-07-12T23:58:07.539Z,1,8,false
2019-07-12T23:58:16.269Z,1,9,false
2019-07-12T23:58:56.047Z,1,1,false
2019-07-12T23:59:05.787Z,1,2,false
2019-07-12T23:59:15.905Z,1,3,false
2019-07-12T23:59:34.457Z,1,4,false
2019-07-12T23:59:52.647Z,1,5,false
2019-07-13T00:00:11.859Z,1,6,false
2019-07-13T00:00:26.320Z,1,7,false
2019-07-13T00:00:35.787Z,1,8,false
2019-07-13T00:00:46.524Z,1,9,false
2019-07-13T00:01:26.135Z,1,1,false
2019-07-13T00:01:36.686Z,1,2,false
2019-07-13T00:01:47.047Z,1,3,false
2019-07-13T00:01:57.101Z,1,4,false
2019-07-13T00:02:07.382Z,1,5,false
2019-07-13T00:02:15.561Z,1,6,false
2019-07-13T00:02:26.056Z,1,7,false
2019-07-13T00:02:35.642Z,1,8,false
2019-07-13T00:02:46.276Z,1,9,false
2019-07-13T00:03:24.411Z,1,1,false
2019-07-13T00:03:34.748Z,1,2,false
2019-07-13T00:03:44.839Z,1,3,false
2019-07-13T00:03:53.176Z,1,4,false
2019-07-13T00:04:01.800Z,1,5,false
2019-07-13T00:04:09.939Z,1,6,false
2019-07-13T00:04:19.821Z,1,7,false
2019-07-13T00:04:29.860Z,1,8,false
2019-07-13T00:04:40.454Z,1,9,false
2019-07-13T00:05:20.989Z,1,1,false
2019-07-13T00:05:31.584Z,1,2,false
2019-07-13T00:05:41.762Z,1,3,false
2019-07-13T00:05:50.242Z,1,4,false
2019-07-13T00:05:58.866Z,1,5,false
2019-07-13T00:06:07.013Z,1,6,false
2019-07-13T00:06:17.491Z,1,7,false
2019-07-13T00:06:27.865Z,1,8,false
2019-07-13T00:06:38.508Z,1,9,false
2019-07-13T00:07:19.100Z,1,1,false
2019-07-13T00:07:29.078Z,1,2,false
2019-07-13T00:07:38.555Z,1,3,false
2019-07-13T00:07:48.681Z,1,4,false
2019-07-13T00:07:58.936Z,1,5,false
2019-07-13T00:08:07.117Z,1,6,false
2019-07-13T00:08:17.092Z,1,7,false
2019-07-13T00:08:26.951Z,1,8,false
2019-07-13T00:08:37.240Z,1,9,false
2019-07-13T00:09:17.970Z,1,1,false
2019-07-13T00:09:27.862Z,1,2,false
2019-07-13T00:09:35.592Z,1,3,false
2019-07-13T00:09:45.121Z,1,4,false
2019-07-13T00:09:53.747Z,1,5,false
2019-07-13T00:10:03.583Z,1,6,false
2019-07-13T00:10:13.657Z,1,7,false
2019-07-13T00:10:23.761Z,1,8,false
2019-07-13T00:10:34.310Z,1,9,false
2019-07-13T00:11:14.711Z,1,1,false
2019-07-13T00:11:25.166Z,1,2,false
2019-07-13T00:11:32.886Z,1,3,false
2019-07-13T00:11:41.263Z,1,4,false
2019-07-13T00:11:50.337Z,1,5,false
2019-07-13T00:11:58.505Z,1,6,false
2019-07-13T00:12:08.425Z,1,7,false
2019-07-13T00:12:17.770Z,1,8,false
2019-07-13T00:12:27.987Z,1,9,false
2019-07-13T00:13:08.634Z,1,1,false
2019-07-13T00:13:18.533Z,1,2,false
2019-07-13T00:13:26.231Z,1,3,false
2019-07-13T00:13:34.628Z,1,4,false
2019-07-13T00:13:43.276Z,1,5,false
2019-07-13T00:13:51.436Z,1,6,false
2019-07-13T00:14:02.375Z,1,7,false
2019-07-13T00:14:12.825Z,1,8,false
2019-07-13T00:14:23.689Z,1,9,false
2019-07-13T00:15:04.447Z,1,1,false
2019-07-13T00:15:13.401Z,1,2,false
2019-07-13T00:15:21.530Z,1,3,false
2019-07-13T00:15:29.934Z,1,4,false
2019-07-13T00:15:38.528Z,1,5,false
2019-07-13T00:15:48.534Z,1,6,false
2019-07-13T00:15:59.098Z,1,7,false
2019-07-13T00:16:09.181Z,1,8,false
2019-07-13T00:16:19.941Z,1,9,false
2019-07-13T00:17:00.517Z,1,1,false
2019-07-13T00:17:10.803Z,1,2,false
2019-07-13T00:17:18.531Z,1,3,false
2019-07-13T00:17:26.993Z,1,4,false
2019-07-13T00:17:35.582Z,1,5,false
2019-07-13T00:17:43.751Z,1,6,false
2019-07-13T00:17:54.553Z,1,7,false
2019-07-13T00:18:04.111Z,1,8,false
2019-07-13T00:18:14.360Z,1,9,false
2019-07-13T00:18:54.156Z,1,1,false
2019-07-13T00:19:03.840Z,1,2,false
2019-07-13T00:19:11.494Z,1,3,false
2019-07-13T00:19:21.513Z,1,4,false
2019-07-13T00:19:30.125Z,1,5,false
2019-07-13T00:19:38.302Z,1,6,false
2019-07-13T00:19:49.422Z,1,7,false
2019-07-13T00:19:59.157Z,1,8,false
2019-07-13T00:20:09.907Z,1,9,false
2019-07-13T00:20:50.662Z,1,1,false
2019-07-13T00:21:00.269Z,1,2,false
2019-07-13T00:21:09.628Z,1,3,false
2019-07-13T00:21:18.055Z,1,4,false
2019-07-13T00:21:26.648Z,1,5,false
2019-07-13T00:21:34.822Z,1,6,false
2019-07-13T00:21:45.278Z,1,7,false
2019-07-13T00:21:55.161Z,1,8,false
2019-07-13T00:22:05.365Z,1,9,false
2019-07-13T00:22:45.683Z,1,1,false
2019-07-13T00:22:56.210Z,1,2,false
2019-07-13T00:23:06.279Z,1,3,false
2019-07-13T00:23:14.696Z,1,4,false
2019-07-13T00:23:23.313Z,1,5,false
2019-07-13T00:23:31.465Z,1,6,false
2019-07-13T00:23:39.730Z,1,7,false
2019-07-13T00:23:50.133Z,1,8,false
2019-07-13T00:24:00.368Z,1,9,false
2019-07-13T00:24:40.673Z,1,1,false
2019-07-13T00:24:51.217Z,1,2,false
2019-07-13T00:25:00.955Z,1,3,false
2019-07-13T00:25:09.525Z,1,4,false
2019-07-13T00:25:18.170Z,1,5,false
2019-07-13T00:25:26.318Z,1,6,false
2019-07-13T00:25:36.196Z,1,7,false
2019-07-13T00:25:46.075Z,1,8,false
2019-07-13T00:25:55.496Z,1,9,false
2019-07-13T00:26:35.492Z,1,1,false
2019-07-13T00:26:45.120Z,1,2,false
2019-07-13T00:26:55.162Z,1,3,false
2019-07-13T00:27:03.488Z,1,4,false
2019-07-13T00:27:12.121Z,1,5,false
2019-07-13T00:27:20.274Z,1,6,false
2019-07-13T00:27:30.318Z,1,7,false
2019-07-13T00:27:40.392Z,1,8,false
2019-07-13T00:27:50.450Z,1,9,false
2019-07-13T00:28:30.711Z,1,1,false
2019-07-13T00:28:41.159Z,1,2,false
2019-07-13T00:28:51.477Z,1,3,false
2019-07-13T00:28:59.871Z,1,4,false
2019-07-13T00:29:08.766Z,1,5,false
2019-07-13T00:29:16.907Z,1,6,false
2019-07-13T00:29:25.210Z,1,7,false
2019-07-13T00:29:34.983Z,1,8,false
2019-07-13T00:29:45.578Z,1,9,false
2019-07-13T00:30:25.765Z,1,1,false
2019-07-13T00:30:34.876Z,1,2,false
2019-07-13T00:30:44.650Z,1,3,false
2019-07-13T00:30:55.013Z,1,4,false
2019-07-13T00:31:03.652Z,1,5,false
2019-07-13T00:31:11.782Z,1,6,false
2019-07-13T00:31:20.006Z,1,7,false
2019-07-13T00:31:30.471Z,1,8,false
2019-07-13T00:31:41.237Z,1,9,false
2019-07-13T00:32:21.993Z,1,1,false
2019-07-13T00:32:30.498Z,1,2,false
2019-07-13T00:32:40.313Z,1,3,false
2019-07-13T00:32:51.212Z,1,4,false
2019-07-13T00:32:59.821Z,1,5,false
2019-07-13T00:33:09.518Z,1,6,false
2019-07-13T00:33:19.440Z,1,7,false
2019-07-13T00:33:29.885Z,1,8,false
2019-07-13T00:33:40.724Z,1,9,false
2019-07-13T00:34:21.408Z,1,1,false
2019-07-13T00:34:30.121Z,1,2,false
2019-07-13T00:34:39.219Z,1,3,false
2019-07-13T00:34:48.908Z,1,4,false
2019-07-13T00:34:57.501Z,1,5,false
2019-07-13T00:35:07.157Z,1,6,false
2019-07-13T00:35:15.388Z,1,7,false
2019-07-13T00:35:25.847Z,1,8,false
2019-07-13T00:35:36.634Z,1,9,false
2019-07-13T00:36:17.519Z,1,1,false
2019-07-13T00:36:27.061Z,1,2,false
2019-07-13T00:36:36.649Z,1,3,false
2019-07-13T00:36:46.041Z,1,4,false
2019-07-13T00:36:54.658Z,1,5,false
2019-07-13T00:37:02.807Z,1,6,false
2019-07-13T00:37:11.064Z,1,7,false
2019-07-13T00:37:20.574Z,1,8,false
2019-07-13T00:37:30.906Z,1,9,false
2019-07-13T00:38:11.296Z,1,1,false
2019-07-13T00:38:20.832Z,1,2,false
2019-07-13T00:38:29.809Z,1,3,false
2019-07-13T00:38:40.447Z,1,4,false
2019-07-13T00:38:49.602Z,1,5,false
2019-07-13T00:38:57.755Z,1,6,false
2019-07-13T00:39:07.616Z,1,7,false
2019-07-13T00:39:17.860Z,1,8,false
2019-07-13T00:39:27.946Z,1,9,false
2019-07-13T00:40:07.833Z,1,1,false
2019-07-13T00:40:18.348Z,1,2,false
2019-07-13T00:40:27.855Z,1,3,false
2019-07-13T00:40:36.226Z,1,4,false
2019-07-13T00:40:46.487Z,1,5,false
2019-07-13T00:40:54.635Z,1,6,false
2019-07-13T00:41:03.007Z,1,7,false
2019-07-13T00:41:12.491Z,1,8,false
2019-07-13T00:41:22.706Z,1,9,false
2019-07-13T00:42:03.150Z,1,1,false
2019-07-13T00:42:11.353Z,1,2,false
2019-07-13T00:42:20.827Z,1,3,false
2019-07-13T00:42:29.182Z,1,4,false
2019-07-13T00:42:37.738Z,1,5,false
2019-07-13T00:42:47.524Z,1,6,false
2019-07-13T00:42:57.402Z,1,7,false
2019-07-13T00:43:06.927Z,1,8,false
2019-07-13T00:43:17.348Z,1,9,false
2019-07-13T00:43:56.916Z,1,1,false
2019-07-13T00:44:07.400Z,1,2,false
2019-07-13T00:44:17.137Z,1,3,false
2019-07-13T00:44:25.789Z,1,4,false
2019-07-13T00:44:34.515Z,1,5,false
2019-07-13T00:44:42.656Z,1,6,false
2019-07-13T00:44:51.10Z,1,7,false
2019-07-13T00:45:01.270Z,1,8,false
2019-07-13T00:45:11.231Z,1,9,false
2019-07-13T00:45:51.669Z,1,1,false
2019-07-13T00:46:01.025Z,1,2,false
2019-07-13T00:46:10.848Z,1,3,false
2019-07-13T00:46:19.259Z,1,4,false
2019-07-13T00:46:27.889Z,1,5,false
2019-07-13T00:46:36.151Z,1,6,false
2019-07-13T00:46:44.592Z,1,7,false
2019-07-13T00:46:54.10Z,1,8,false
2019-07-13T00:47:04.515Z,1,9,false
2019-07-13T00:47:45.039Z,1,1,false
2019-07-13T00:47:54.313Z,1,2,false
2019-07-13T00:48:04.202Z,1,3,false
2019-07-13T00:48:15.027Z,1,4,false
2019-07-13T00:48:23.833Z,1,5,false
2019-07-13T00:48:31.978Z,1,6,false
2019-07-13T00:48:40.283Z,1,7,false
2019-07-13T00:48:49.248Z,1,8,false
2019-07-13T00:48:59.700Z,1,9,false
2019-07-13T00:49:40.375Z,1,1,false
2019-07-13T00:49:49.959Z,1,2,false
2019-07-13T00:49:58.605Z,1,3,false
2019-07-13T00:50:09.092Z,1,4,false
2019-07-13T00:50:17.734Z,1,5,false
2019-07-13T00:50:25.881Z,1,6,false
2019-07-13T00:50:34.166Z,1,7,false
2019-07-13T00:50:43.545Z,1,8,false
2019-07-13T00:50:54.268Z,1,9,false
2019-07-13T00:51:34.715Z,1,1,false
2019-07-13T00:51:44.820Z,1,2,false
2019-07-13T00:51:53.081Z,1,3,false
2019-07-13T00:52:02.918Z,1,4,false
2019-07-13T00:52:12.560Z,1,5,false
2019-07-13T00:52:21.731Z,1,6,false
2019-07-13T00:52:30.035Z,1,7,false
2019-07-13T00:52:37.920Z,1,8,false
2019-07-13T00:52:48.739Z,1,9,false
2019-07-13T00:53:29.418Z,1,1,false
2019-07-13T00:53:39.786Z,1,2,false
2019-07-13T00:53:49.814Z,1,3,false
2019-07-13T00:54:00.287Z,1,4,false
2019-07-13T00:54:11.089Z,1,5,false
2019-07-13T00:54:20.870Z,1,6,false
2019-07-13T00:54:31.069Z,1,7,false
2019-07-13T00:54:38.945Z,1,8,false
2019-07-13T00:54:49.782Z,1,9,false
2019-07-13T00:55:30.496Z,1,1,false
2019-07-13T00:55:39.964Z,1,2,false
2019-07-13T00:55:49.880Z,1,3,false
2019-07-13T00:56:00.367Z,1,4,false
2019-07-13T00:56:10.977Z,1,5,false
2019-07-13T00:56:19.150Z,1,6,false
2019-07-13T00:56:29.043Z,1,7,false
2019-07-13T00:56:38.939Z,1,8,false
2019-07-13T00:56:49.723Z,1,9,false
2019-07-13T00:57:30.673Z,1,1,false
2019-07-13T00:57:40.986Z,1,2,false
2019-07-13T00:57:50.272Z,1,3,false
2019-07-13T00:58:00.295Z,1,4,false
2019-07-13T00:58:08.957Z,1,5,false
2019-07-13T00:58:19.144Z,1,6,false
2019-07-13T00:58:28.999Z,1,7,false
2019-07-13T00:58:36.873Z,1,8,false
2019-07-13T00:58:47.497Z,1,9,false
2019-07-13T00:59:27.710Z,1,1,false
2019-07-13T00:59:38.025Z,1,2,false
2019-07-13T00:59:47.629Z,1,3,false
2019-07-13T00:59:58.239Z,1,4,false
2019-07-13T01:00:06.817Z,1,5,false
2019-07-13T01:00:16.611Z,1,6,false
2019-07-13T01:00:24.924Z,1,7,false
2019-07-13T01:00:32.816Z,1,8,false
2019-07-13T01:00:42.688Z,1,9,false
2019-07-13T01:01:22.515Z,1,1,false
2019-07-13T01:01:32.835Z,1,2,false
2019-07-13T01:01:42.820Z,1,3,false
2019-07-13T01:01:53.732Z,1,4,false
2019-07-13T01:02:02.338Z,1,5,false
2019-07-13T01:02:10.515Z,1,6,false
2019-07-13T01:02:18.816Z,1,7,false
2019-07-13T01:02:26.709Z,1,8,false
2019-07-13T01:02:37.239Z,1,9,false
2019-07-13T01:03:18.008Z,1,1,false
2019-07-13T01:03:28.581Z,1,2,false
2019-07-13T01:03:38.804Z,1,3,false
2019-07-13T01:03:49.859Z,1,4,false
2019-07-13T01:04:00.093Z,1,5,false
2019-07-13T01:04:09.902Z,1,6,false
2019-07-13T01:04:18.190Z,1,7,false
2019-07-13T01:04:26.096Z,1,8,false
2019-07-13T01:04:36.221Z,1,9,false
2019-07-13T01:05:16.564Z,1,1,false
2019-07-13T01:05:26.578Z,1,2,false
2019-07-13T01:05:36.326Z,1,3,false
2019-07-13T01:05:46.578Z,1,4,false
2019-07-13T01:05:57.337Z,1,5,false
2019-07-13T01:06:05.801Z,1,6,false
2019-07-13T01:06:14.077Z,1,7,false
2019-07-13T01:06:21.968Z,1,8,false
2019-07-13T01:06:30.157Z,1,9,false
2019-07-13T01:07:10.914Z,1,1,false
2019-07-13T01:07:21.000Z,1,2,false
2019-07-13T01:07:31.150Z,1,3,false
2019-07-13T01:07:41.338Z,1,4,false
2019-07-13T01:07:51.847Z,1,5,false
2019-07-13T01:08:01.622Z,1,6,false
2019-07-13T01:08:11.561Z,1,7,false
2019-07-13T01:08:19.419Z,1,8,false
2019-07-13T01:08:27.635Z,1,9,false
2019-07-13T01:09:08.306Z,1,1,false
2019-07-13T01:09:18.834Z,1,2,false
2019-07-13T01:09:28.656Z,1,3,false
2019-07-13T01:09:39.468Z,1,4,false
2019-07-13T01:09:50.558Z,1,5,false
2019-07-13T01:10:00.475Z,1,6,false
2019-07-13T01:10:08.786Z,1,7,false
2019-07-13T01:10:16.666Z,1,8,false
2019-07-13T01:10:24.989Z,1,9,false
2019-07-13T01:11:03.134Z,1,1,false
2019-07-13T01:11:12.513Z,1,2,false
2019-07-13T01:11:22.020Z,1,3,false
2019-07-13T01:11:31.719Z,1,4,false
2019-07-13T01:11:41.167Z,1,5,false
2019-07-13T01:11:50.491Z,1,6,false
2019-07-13T01:11:58.910Z,1,7,false
2019-07-13T01:12:06.802Z,1,8,false
2019-07-13T01:12:14.967Z,1,9,false
2019-07-13T01:12:53.086Z,1,1,false
2019-07-13T01:13:03.211Z,1,2,false
2019-07-13T01:13:12.485Z,1,3,false
2019-07-13T01:13:23.298Z,1,4,false
2019-07-13T01:13:34.248Z,1,5,false
2019-07-13T01:13:44.513Z,1,6,false
2019-07-13T01:13:54.261Z,1,7,false
2019-07-13T01:14:02.168Z,1,8,false
2019-07-13T01:14:10.354Z,1,9,false
2019-07-13T01:14:48.444Z,1,1,false
2019-07-13T01:14:58.981Z,1,2,false
2019-07-13T01:15:09.288Z,1,3,false
2019-07-13T01:15:20.284Z,1,4,false
2019-07-13T01:15:31.026Z,1,5,false
2019-07-13T01:15:41.222Z,1,6,false
2019-07-13T01:15:51.891Z,1,7,false
2019-07-13T01:15:59.794Z,1,8,false
2019-07-13T01:16:07.998Z,1,9,false
2019-07-13T01:16:46.134Z,1,1,false
2019-07-13T01:16:56.488Z,1,2,false
2019-07-13T01:17:05.832Z,1,3,false
2019-07-13T01:17:16.136Z,1,4,false
2019-07-13T01:17:26.852Z,1,5,false
2019-07-13T01:17:37.325Z,1,6,false
2019-07-13T01:17:46.734Z,1,7,false
2019-07-13T01:17:54.633Z,1,8,false
2019-07-13T01:18:02.841Z,1,9,false
2019-07-13T01:18:40.971Z,1,1,false
2019-07-13T01:18:49.665Z,1,2,false
2019-07-13T01:18:58.996Z,1,3,false
2019-07-13T01:19:09.389Z,1,4,false
2019-07-13T01:19:19.970Z,1,5,false
2019-07-13T01:19:29.830Z,1,6,false
2019-07-13T01:19:40.005Z,1,7,false
2019-07-13T01:19:49.037Z,1,8,false
2019-07-13T01:19:58.157Z,1,9,false
2019-07-13T01:20:37.955Z,1,1,false
2019-07-13T01:20:47.740Z,1,2,false
2019-07-13T01:20:56.878Z,1,3,false
2019-07-13T01:21:07.660Z,1,4,false
2019-07-13T01:21:18.681Z,1,5,false
2019-07-13T01:21:29.268Z,1,6,false
2019-07-13T01:21:37.827Z,1,7,false
2019-07-13T01:21:47.128Z,1,8,false
2019-07-13T01:21:55.337Z,1,9,false
2019-07-13T01:22:33.448Z,1,1,false
2019-07-13T01:22:43.607Z,1,2,false
2019-07-13T01:22:53.741Z,1,3,false
2019-07-13T01:23:04.475Z,1,4,false
2019-07-13T01:23:13.847Z,1,5,false
2019-07-13T01:23:24.103Z,1,6,false
2019-07-13T01:23:33.032Z,1,7,false
2019-07-13T01:23:40.929Z,1,8,false
2019-07-13T01:23:49.606Z,1,9,false
2019-07-13T01:24:27.701Z,1,1,false
2019-07-13T01:24:37.531Z,1,2,false
2019-07-13T01:24:47.345Z,1,3,false
2019-07-13T01:24:57.895Z,1,4,false
2019-07-13T01:25:08.362Z,1,5,false
2019-07-13T01:25:18.242Z,1,6,false
2019-07-13T01:25:26.660Z,1,7,false
2019-07-13T01:25:34.556Z,1,8,false
2019-07-13T01:25:42.770Z,1,9,false
2019-07-13T01:26:20.987Z,1,1,false
2019-07-13T01:26:31.445Z,1,2,false
2019-07-13T01:26:41.650Z,1,3,false
2019-07-13T01:26:52.584Z,1,4,false
2019-07-13T01:27:02.889Z,1,5,false
2019-07-13T01:27:13.055Z,1,6,false
2019-07-13T01:27:24.086Z,1,7,false
2019-07-13T01:27:31.969Z,1,8,false
2019-07-13T01:27:40.152Z,1,9,false
2019-07-13T01:28:19.136Z,1,1,false
2019-07-13T01:28:28.834Z,1,2,false
2019-07-13T01:28:38.116Z,1,3,false
2019-07-13T01:28:48.530Z,1,4,false
2019-07-13T01:28:59.276Z,1,5,false
2019-07-13T01:29:08.551Z,1,6,false
2019-07-13T01:29:18.819Z,1,7,false
2019-07-13T01:29:26.753Z,1,8,false
2019-07-13T01:29:34.952Z,1,9,false
2019-07-13T01:30:13.115Z,1,1,false
2019-07-13T01:30:23.667Z,1,2,false
2019-07-13T01:30:33.992Z,1,3,false
2019-07-13T01:30:45.119Z,1,4,false
2019-07-13T01:30:56.318Z,1,5,false
2019-07-13T01:31:07.026Z,1,6,false
2019-07-13T01:31:17.786Z,1,7,false
2019-07-13T01:31:25.677Z,1,8,false
2019-07-13T01:31:33.854Z,1,9,false
2019-07-13T01:32:13.521Z,1,1,false
2019-07-13T01:32:23.718Z,1,2,false
2019-07-13T01:32:33.804Z,1,3,false
2019-07-13T01:32:43.696Z,1,4,false
2019-07-13T01:32:54.343Z,1,5,false
2019-07-13T01:33:04.798Z,1,6,false
2019-07-13T01:33:15.206Z,1,7,false
2019-07-13T01:33:23.128Z,1,8,false
2019-07-13T01:33:31.326Z,1,9,false
2019-07-13T01:34:11.095Z,1,1,false
2019-07-13T01:34:19.114Z,1,2,false
2019-07-13T01:34:28.373Z,1,3,false
2019-07-13T01:34:38.786Z,1,4,false
2019-07-13T01:34:49.006Z,1,5,false
2019-07-13T01:34:59.439Z,1,6,false
2019-07-13T01:35:09.965Z,1,7,false
2019-07-13T01:35:20.387Z,1,8,false
2019-07-13T01:35:28.557Z,1,9,false
2019-07-13T01:36:06.664Z,1,1,false
2019-07-13T01:36:16.242Z,1,2,false
2019-07-13T01:36:26.482Z,1,3,false
2019-07-13T01:36:37.480Z,1,4,false
2019-07-13T01:36:48.734Z,1,5,false
2019-07-13T01:36:58.742Z,1,6,false
2019-07-13T01:37:09.220Z,1,7,false
2019-07-13T01:37:18.753Z,1,8,false
2019-07-13T01:37:26.938Z,1,9,false
2019-07-13T01:38:05.083Z,1,1,false
2019-07-13T01:38:14.647Z,1,2,false
2019-07-13T01:38:24.940Z,1,3,false
2019-07-13T01:38:35.487Z,1,4,false
2019-07-13T01:38:45.469Z,1,5,false
2019-07-13T01:38:54.264Z,1,6,false
2019-07-13T01:39:04.530Z,1,7,false
2019-07-13T01:39:14.541Z,1,8,false
2019-07-13T01:39:22.792Z,1,9,false
2019-07-13T01:40:00.956Z,1,1,false
2019-07-13T01:40:11.017Z,1,2,false
2019-07-13T01:40:20.760Z,1,3,false
2019-07-13T01:40:31.140Z,1,4,false
2019-07-13T01:40:41.616Z,1,5,false
2019-07-13T01:40:51.693Z,1,6,false
2019-07-13T01:41:01.657Z,1,7,false
2019-07-13T01:41:11.202Z,1,8,false
2019-07-13T01:41:19.431Z,1,9,false
2019-07-13T01:41:57.503Z,1,1,false
2019-07-13T01:42:07.682Z,1,2,false
2019-07-13T01:42:17.918Z,1,3,false
2019-07-13T01:42:27.777Z,1,4,false
2019-07-13T01:42:38.385Z,1,5,false
2019-07-13T01:42:49.039Z,1,6,false
2019-07-13T01:42:59.681Z,1,7,false
2019-07-13T01:43:10.117Z,1,8,false
2019-07-13T01:43:18.821Z,1,9,false
2019-07-13T01:43:56.944Z,1,1,false
2019-07-13T01:44:07.167Z,1,2,false
2019-07-13T01:44:15.898Z,1,3,false
2019-07-13T01:44:26.295Z,1,4,false
2019-07-13T01:44:36.944Z,1,5,false
2019-07-13T01:44:46.856Z,1,6,false
2019-07-13T01:44:56.886Z,1,7,false
2019-07-13T01:45:06.895Z,1,8,false
2019-07-13T01:45:17.287Z,1,9,false
2019-07-13T01:45:55.429Z,1,1,false
2019-07-13T01:46:05.351Z,1,2,false
2019-07-13T01:46:14.802Z,1,3,false
2019-07-13T01:46:24.715Z,1,4,false
2019-07-13T01:46:34.938Z,1,5,false
2019-07-13T01:46:44.846Z,1,6,false
2019-07-13T01:46:55.243Z,1,7,false
2019-07-13T01:47:05.657Z,1,8,false
2019-07-13T01:47:16.021Z,1,9,false
2019-07-13T01:47:55.410Z,1,1,false
2019-07-13T01:48:05.747Z,1,2,false
2019-07-13T01:48:15.861Z,1,3,false
2019-07-13T01:48:26.455Z,1,4,false
2019-07-13T01:48:36.940Z,1,5,false
2019-07-13T01:48:47.498Z,1,6,false
2019-07-13T01:48:57.445Z,1,7,false
2019-07-13T01:49:06.949Z,1,8,false
2019-07-13T01:49:17.159Z,1,9,false
2019-07-13T01:49:55.297Z,1,1,false
2019-07-13T01:50:05.245Z,1,2,false
2019-07-13T01:50:14.827Z,1,3,false
2019-07-13T01:50:25.152Z,1,4,false
2019-07-13T01:50:35.666Z,1,5,false
2019-07-13T01:50:45.573Z,1,6,false
2019-07-13T01:50:55.853Z,1,7,false
2019-07-13T01:51:05.704Z,1,8,false
2019-07-13T01:51:14.132Z,1,9,false
2019-07-13T01:51:53.929Z,1,1,false
2019-07-13T01:52:02.902Z,1,2,false
2019-07-13T01:52:12.214Z,1,3,false
2019-07-13T01:52:22.473Z,1,4,false
2019-07-13T01:52:32.671Z,1,5,false
2019-07-13T01:52:42.721Z,1,6,false
2019-07-13T01:52:52.705Z,1,7,false
2019-07-13T01:53:02.274Z,1,8,false
2019-07-13T01:53:12.509Z,1,9,false
2019-07-13T01:53:50.621Z,1,1,false
2019-07-13T01:54:00.452Z,1,2,false
2019-07-13T01:54:10.678Z,1,3,false
2019-07-13T01:54:21.328Z,1,4,false
2019-07-13T01:54:32.554Z,1,5,false
2019-07-13T01:54:42.948Z,1,6,false
2019-07-13T01:54:52.928Z,1,7,false
2019-07-13T01:55:03.249Z,1,8,false
2019-07-13T01:55:13.337Z,1,9,false
2019-07-13T01:55:51.457Z,1,1,false
2019-07-13T01:56:01.619Z,1,2,false
2019-07-13T01:56:11.594Z,1,3,false
2019-07-13T01:56:22.576Z,1,4,false
2019-07-13T01:56:33.038Z,1,5,false
2019-07-13T01:56:43.253Z,1,6,false
2019-07-13T01:56:53.164Z,1,7,false
2019-07-13T01:57:03.090Z,1,8,false
2019-07-13T01:57:13.035Z,1,9,false
2019-07-13T01:57:51.172Z,1,1,false
2019-07-13T01:58:00.892Z,1,2,false
2019-07-13T01:58:10.888Z,1,3,false
2019-07-13T01:58:21.357Z,1,4,false
2019-07-13T01:58:32.040Z,1,5,false
2019-07-13T01:58:42.247Z,1,6,false
2019-07-13T01:58:52.856Z,1,7,false
2019-07-13T01:59:01.089Z,1,8,false
2019-07-13T01:59:11.207Z,1,9,false
2019-07-13T01:59:50.950Z,1,1,false
2019-07-13T02:00:01.269Z,1,2,false
2019-07-13T02:00:11.089Z,1,3,false
2019-07-13T02:00:21.335Z,1,4,false
2019-07-13T02:00:31.756Z,1,5,false
2019-07-13T02:00:40.979Z,1,6,false
2019-07-13T02:00:50.642Z,1,7,false
2019-07-13T02:01:00.309Z,1,8,false
2019-07-13T02:01:08.743Z,1,9,false
2019-07-13T02:01:46.848Z,1,1,false
2019-07-13T02:01:55.775Z,1,2,false
2019-07-13T02:02:04.006Z,1,3,false
2019-07-13T02:02:14.381Z,1,4,false
2019-07-13T02:02:24.955Z,1,5,false
2019-07-13T02:02:35.584Z,1,6,false
2019-07-13T02:02:46.390Z,1,7,false
2019-07-13T02:02:56.329Z,1,8,false
2019-07-13T02:03:06.551Z,1,9,false
2019-07-13T02:03:44.677Z,1,1,false
2019-07-13T02:03:53.760Z,1,2,false
2019-07-13T02:04:03.587Z,1,3,false
2019-07-13T02:04:13.830Z,1,4,false
2019-07-13T02:04:24.702Z,1,5,false
2019-07-13T02:04:35.430Z,1,6,false
2019-07-13T02:04:45.927Z,1,7,false
2019-07-13T02:04:56.154Z,1,8,false
2019-07-13T02:05:06.216Z,1,9,false
2019-07-13T02:05:44.414Z,1,1,false
2019-07-13T02:05:52.758Z,1,2,false
2019-07-13T02:06:02.748Z,1,3,false
2019-07-13T02:06:11.297Z,1,4,false
2019-07-13T02:06:22.230Z,1,5,false
2019-07-13T02:06:32.388Z,1,6,false
2019-07-13T02:06:42.534Z,1,7,false
2019-07-13T02:06:52.100Z,1,8,false
2019-07-13T02:07:02.672Z,1,9,false
2019-07-13T02:07:42.916Z,1,1,false
2019-07-13T02:07:53.209Z,1,2,false
2019-07-13T02:08:02.797Z,1,3,false
2019-07-13T02:08:13.034Z,1,4,false
2019-07-13T02:08:23.332Z,1,5,false
2019-07-13T02:08:33.115Z,1,6,false
2019-07-13T02:08:42.441Z,1,7,false
2019-07-13T02:08:52.069Z,1,8,false
2019-07-13T02:09:01.943Z,1,9,false
2019-07-13T02:09:42.571Z,1,1,false
2019-07-13T02:09:52.183Z,1,2,false
2019-07-13T02:10:01.686Z,1,3,false
2019-07-13T02:10:12.254Z,1,4,false
2019-07-13T02:10:22.755Z,1,5,false
2019-07-13T02:10:33.377Z,1,6,false
2019-07-13T02:10:43.957Z,1,7,false
2019-07-13T02:10:53.475Z,1,8,false
2019-07-13T02:11:03.368Z,1,9,false
2019-07-13T02:11:43.725Z,1,1,false
2019-07-13T02:11:53.257Z,1,2,false
2019-07-13T02:12:03.227Z,1,3,false
2019-07-13T02:12:13.936Z,1,4,false
2019-07-13T02:12:24.640Z,1,5,false
2019-07-13T02:12:34.473Z,1,6,false
2019-07-13T02:12:44.104Z,1,7,false
2019-07-13T02:12:54.164Z,1,8,false
2019-07-13T02:13:03.787Z,1,9,false
2019-07-13T02:13:43.794Z,1,1,false
2019-07-13T02:13:53.374Z,1,2,false
2019-07-13T02:14:02.692Z,1,3,false
2019-07-13T02:14:12.601Z,1,4,false
2019-07-13T02:14:22.705Z,1,5,false
2019-07-13T02:14:31.223Z,1,6,false
2019-07-13T02:14:41.480Z,1,7,false
2019-07-13T02:14:51.380Z,1,8,false
2019-07-13T02:15:00.035Z,1,9,false
2019-07-13T02:15:40.198Z,1,1,false
2019-07-13T02:15:49.310Z,1,2,false
2019-07-13T02:15:59.223Z,1,3,false
2019-07-13T02:16:09.585Z,1,4,false
2019-07-13T02:16:20.416Z,1,5,false
2019-07-13T02:16:30.878Z,1,6,false
2019-07-13T02:16:41.605Z,1,7,false
2019-07-13T02:16:51.647Z,1,8,false
2019-07-13T02:17:02.243Z,1,9,false
2019-07-13T02:17:42.049Z,1,1,false
2019-07-13T02:17:52.419Z,1,2,false
2019-07-13T02:18:01.835Z,1,3,false
2019-07-13T02:18:12.185Z,1,4,false
2019-07-13T02:18:22.543Z,1,5,false
2019-07-13T02:18:33.098Z,1,6,false
2019-07-13T02:18:43.150Z,1,7,false
2019-07-13T02:18:52.860Z,1,8,false
2019-07-13T02:19:03.296Z,1,9,false
2019-07-13T02:19:43.067Z,1,1,false
2019-07-13T02:19:53.373Z,1,2,false
2019-07-13T02:20:02.707Z,1,3,false
2019-07-13T02:20:13.379Z,1,4,false
2019-07-13T02:20:24.167Z,1,5,false
2019-07-13T02:20:34.687Z,1,6,false
2019-07-13T02:20:45.386Z,1,7,false
2019-07-13T02:20:55.542Z,1,8,false
2019-07-13T02:21:05.152Z,1,9,false
2019-07-13T02:21:44.979Z,1,1,false
2019-07-13T02:21:53.403Z,1,2,false
2019-07-13T02:22:02.927Z,1,3,false
2019-07-13T02:22:11.716Z,1,4,false
2019-07-13T02:22:22.272Z,1,5,false
2019-07-13T02:22:32.073Z,1,6,false
2019-07-13T02:22:41.680Z,1,7,false
2019-07-13T02:22:51.411Z,1,8,false
2019-07-13T02:23:01.192Z,1,9,false
2019-07-13T02:23:41.264Z,1,1,false
2019-07-13T02:23:51.589Z,1,2,false
2019-07-13T02:24:01.299Z,1,3,false
2019-07-13T02:24:11.089Z,1,4,false
2019-07-13T02:24:20.655Z,1,5,false
2019-07-13T02:24:30.541Z,1,6,false
2019-07-13T02:24:40.682Z,1,7,false
2019-07-13T02:24:50.607Z,1,8,false
2019-07-13T02:24:59.413Z,1,9,false
2019-07-13T02:25:39.278Z,1,1,false
2019-07-13T02:25:49.138Z,1,2,false
2019-07-13T02:25:58.821Z,1,3,false
2019-07-13T02:26:09.599Z,1,4,false
2019-07-13T02:26:20.133Z,1,5,false
2019-07-13T02:26:30.458Z,1,6,false
2019-07-13T02:26:40.615Z,1,7,false
2019-07-13T02:26:50.142Z,1,8,false
2019-07-13T02:27:00.052Z,1,9,false
2019-07-13T02:27:40.041Z,1,1,false
2019-07-13T02:27:49.007Z,1,2,false
2019-07-13T02:27:58.324Z,1,3,false
2019-07-13T02:28:08.442Z,1,4,false
2019-07-13T02:28:19.183Z,1,5,false
2019-07-13T02:28:28.531Z,1,6,false
2019-07-13T02:28:38.804Z,1,7,false
2019-07-13T02:28:49.126Z,1,8,false
2019-07-13T02:28:59.435Z,1,9,false
2019-07-13T02:29:39.623Z,1,1,false
2019-07-13T02:29:49.034Z,1,2,false
2019-07-13T02:29:58.964Z,1,3,false
2019-07-13T02:30:09.407Z,1,4,false
2019-07-13T02:30:19.999Z,1,5,false
2019-07-13T02:30:29.847Z,1,6,false
2019-07-13T02:30:40.189Z,1,7,false
2019-07-13T02:30:49.969Z,1,8,false
2019-07-13T02:31:00.256Z,1,9,false
2019-07-13T02:31:40.722Z,1,1,false
2019-07-13T02:31:51.241Z,1,2,false
2019-07-13T02:32:01.463Z,1,3,false
2019-07-13T02:32:12.463Z,1,4,false
2019-07-13T02:32:23.585Z,1,5,false
2019-07-13T02:32:33.781Z,1,6,false
2019-07-13T02:32:43.705Z,1,7,false
2019-07-13T02:32:53.259Z,1,8,false
2019-07-13T02:33:03.536Z,1,9,false
2019-07-13T02:33:44.115Z,1,1,false
2019-07-13T02:33:53.853Z,1,2,false
2019-07-13T02:34:03.200Z,1,3,false
2019-07-13T02:34:12.663Z,1,4,false
2019-07-13T02:34:21.809Z,1,5,false
2019-07-13T02:34:31.801Z,1,6,false
2019-07-13T02:34:41.744Z,1,7,false
2019-07-13T02:34:51.677Z,1,8,false
2019-07-13T02:35:02.241Z,1,9,false
2019-07-13T02:35:42.355Z,1,1,false
2019-07-13T02:35:52.221Z,1,2,false
2019-07-13T02:36:01.813Z,1,3,false
2019-07-13T02:36:10.601Z,1,4,false
2019-07-13T02:36:21.090Z,1,5,false
2019-07-13T02:36:31.526Z,1,6,false
2019-07-13T02:36:39.991Z,1,7,false
2019-07-13T02:36:50.228Z,1,8,false
2019-07-13T02:37:00.716Z,1,9,false
2019-07-13T02:37:39.836Z,1,1,false
2019-07-13T02:37:49.009Z,1,2,false
2019-07-13T02:37:57.578Z,1,3,false
2019-07-13T02:38:08.085Z,1,4,false
2019-07-13T02:38:18.482Z,1,5,false
2019-07-13T02:38:27.970Z,1,6,false
2019-07-13T02:38:38.561Z,1,7,false
2019-07-13T02:38:48.589Z,1,8,false
2019-07-13T02:38:57.941Z,1,9,false
2019-07-13T02:39:38.434Z,1,1,false
2019-07-13T02:39:48.981Z,1,2,false
2019-07-13T02:39:59.016Z,1,3,false
2019-07-13T02:40:09.732Z,1,4,false
2019-07-13T02:40:20.497Z,1,5,false
2019-07-13T02:40:30.809Z,1,6,false
2019-07-13T02:40:41.189Z,1,7,false
2019-07-13T02:40:51.459Z,1,8,false
2019-07-13T02:41:01.587Z,1,9,false
2019-07-13T02:41:39.864Z,1,1,false
2019-07-13T02:41:49.139Z,1,2,false
2019-07-13T02:41:58.759Z,1,3,false
2019-07-13T02:42:09.112Z,1,4,false
2019-07-13T02:42:18.582Z,1,5,false
2019-07-13T02:42:28.784Z,1,6,false
2019-07-13T02:42:38.777Z,1,7,false
2019-07-13T02:42:49.068Z,1,8,false
2019-07-13T02:42:59.069Z,1,9,false
2019-07-13T02:43:39.014Z,1,1,false
2019-07-13T02:43:49.533Z,1,2,false
2019-07-13T02:43:59.692Z,1,3,false
2019-07-13T02:44:10.491Z,1,4,false
2019-07-13T02:44:20.207Z,1,5,false
2019-07-13T02:44:30.252Z,1,6,false
2019-07-13T02:44:38.684Z,1,7,false
2019-07-13T02:44:48.575Z,1,8,false
2019-07-13T02:44:58.809Z,1,9,false
2019-07-13T02:45:39.068Z,1,1,false
2019-07-13T02:45:49.396Z,1,2,false
2019-07-13T02:45:59.223Z,1,3,false
2019-07-13T02:46:09.482Z,1,4,false
2019-07-13T02:46:19.104Z,1,5,false
2019-07-13T02:46:28.580Z,1,6,false
2019-07-13T02:46:38.378Z,1,7,false
2019-07-13T02:46:48.222Z,1,8,false
2019-07-13T02:46:58.725Z,1,9,false
2019-07-13T02:47:38.529Z,1,1,false
2019-07-13T02:47:49.118Z,1,2,false
2019-07-13T02:47:58.944Z,1,3,false
2019-07-13T02:48:09.430Z,1,4,false
2019-07-13T02:48:20.586Z,1,5,false
2019-07-13T02:48:31.101Z,1,6,false
2019-07-13T02:48:40.769Z,1,7,false
2019-07-13T02:48:50.088Z,1,8,false
2019-07-13T02:49:00.206Z,1,9,false
2019-07-13T02:49:38.561Z,1,1,false
2019-07-13T02:49:48.939Z,1,2,false
2019-07-13T02:49:58.019Z,1,3,false
2019-07-13T02:50:08.498Z,1,4,false
2019-07-13T02:50:19.113Z,1,5,false
2019-07-13T02:50:28.436Z,1,6,false
2019-07-13T02:50:38.824Z,1,7,false
2019-07-13T02:50:48.625Z,1,8,false
2019-07-13T02:50:57.861Z,1,9,false
2019-07-13T02:51:37.894Z,1,1,false
2019-07-13T02:51:48.362Z,1,2,false
2019-07-13T02:51:58.131Z,1,3,false
2019-07-13T02:52:08.729Z,1,4,false
2019-07-13T02:52:19.742Z,1,5,false
2019-07-13T02:52:30.303Z,1,6,false
2019-07-13T02:52:40.993Z,1,7,false
2019-07-13T02:52:51.138Z,1,8,false
2019-07-13T02:53:01.784Z,1,9,false
2019-07-13T02:53:39.939Z,1,1,false
2019-07-13T02:53:49.845Z,1,2,false
2019-07-13T02:53:59.287Z,1,3,false
2019-07-13T02:54:08.998Z,1,4,false
2019-07-13T02:54:18.989Z,1,5,false
2019-07-13T02:54:29.038Z,1,6,false
2019-07-13T02:54:39.122Z,1,7,false
2019-07-13T02:54:49.371Z,1,8,false
2019-07-13T02:54:58.993Z,1,9,false
2019-07-13T02:55:37.116Z,1,1,false
2019-07-13T02:55:47.490Z,1,2,false
2019-07-13T02:55:56.805Z,1,3,false
2019-07-13T02:56:06.857Z,1,4,false
2019-07-13T02:56:17.526Z,1,5,false
2019-07-13T02:56:27.551Z,1,6,false
2019-07-13T02:56:37.564Z,1,7,false
2019-07-13T02:56:47.890Z,1,8,false
2019-07-13T02:56:57.938Z,1,9,false
2019-07-13T02:57:37.203Z,1,1,false
2019-07-13T02:57:47.616Z,1,2,false
2019-07-13T02:57:57.040Z,1,3,false
2019-07-13T02:58:07.407Z,1,4,false
2019-07-13T02:58:17.929Z,1,5,false
2019-07-13T02:58:28.248Z,1,6,false
2019-07-13T02:58:38.199Z,1,7,false
2019-07-13T02:58:48.272Z,1,8,false
2019-07-13T02:58:58.373Z,1,9,false
2019-07-13T02:59:37.648Z,1,1,false
2019-07-13T02:59:47.330Z,1,2,false
2019-07-13T02:59:56.605Z,1,3,false
2019-07-13T03:00:07.115Z,1,4,false
2019-07-13T03:00:17.415Z,1,5,false
2019-07-13T03:00:26.202Z,1,6,false
2019-07-13T03:00:34.761Z,1,7,false
2019-07-13T03:00:44.362Z,1,8,false
2019-07-13T03:00:54.172Z,1,9,false
2019-07-13T03:01:32.689Z,1,1,false
2019-07-13T03:01:42.052Z,1,2,false
2019-07-13T03:01:51.762Z,1,3,false
2019-07-13T03:02:02.452Z,1,4,false
2019-07-13T03:02:13.574Z,1,5,false
2019-07-13T03:02:24.220Z,1,6,false
2019-07-13T03:02:34.979Z,1,7,false
2019-07-13T03:02:44.383Z,1,8,false
2019-07-13T03:02:55.096Z,1,9,false
2019-07-13T03:03:34.946Z,1,1,false
2019-07-13T03:03:44.490Z,1,2,false
2019-07-13T03:03:53.822Z,1,3,false
2019-07-13T03:04:03.908Z,1,4,false
2019-07-13T03:04:14.723Z,1,5,false
2019-07-13T03:04:24.345Z,1,6,false
2019-07-13T03:04:34.235Z,1,7,false
2019-07-13T03:04:44.228Z,1,8,false
2019-07-13T03:04:54.181Z,1,9,false
2019-07-13T03:05:32.568Z,1,1,false
2019-07-13T03:05:41.489Z,1,2,false
2019-07-13T03:05:51.285Z,1,3,false
2019-07-13T03:06:01.201Z,1,4,false
2019-07-13T03:06:11.950Z,1,5,false
2019-07-13T03:06:22.192Z,1,6,false
2019-07-13T03:06:32.769Z,1,7,false
2019-07-13T03:06:42.283Z,1,8,false
2019-07-13T03:06:52.190Z,1,9,false
2019-07-13T03:07:32.004Z,1,1,false
2019-07-13T03:07:41.107Z,1,2,false
2019-07-13T03:07:51.230Z,1,3,false
2019-07-13T03:08:01.323Z,1,4,false
2019-07-13T03:08:11.126Z,1,5,false
2019-07-13T03:08:20.965Z,1,6,false
2019-07-13T03:08:31.427Z,1,7,false
2019-07-13T03:08:40.259Z,1,8,false
2019-07-13T03:08:50.877Z,1,9,false
2019-07-13T03:09:29.117Z,1,1,false
2019-07-13T03:09:39.562Z,1,2,false
2019-07-13T03:09:49.236Z,1,3,false
2019-07-13T03:09:58.920Z,1,4,false
2019-07-13T03:10:08.365Z,1,5,false
2019-07-13T03:10:17.669Z,1,6,false
2019-07-13T03:10:27.554Z,1,7,false
2019-07-13T03:10:37.568Z,1,8,false
2019-07-13T03:10:48.125Z,1,9,false
2019-07-13T03:11:27.967Z,1,1,false
2019-07-13T03:11:38.413Z,1,2,false
2019-07-13T03:11:48.011Z,1,3,false
2019-07-13T03:11:58.450Z,1,4,false
2019-07-13T03:12:07.133Z,1,5,false
2019-07-13T03:12:17.098Z,1,6,false
2019-07-13T03:12:27.274Z,1,7,false
2019-07-13T03:12:37.104Z,1,8,false
2019-07-13T03:12:46.890Z,1,9,false
2019-07-13T03:13:25.266Z,1,1,false
2019-07-13T03:13:34.835Z,1,2,false
2019-07-13T03:13:44.190Z,1,3,false
2019-07-13T03:13:54.756Z,1,4,false
2019-07-13T03:14:05.247Z,1,5,false
2019-07-13T03:14:14.934Z,1,6,false
2019-07-13T03:14:23.754Z,1,7,false
2019-07-13T03:14:32.115Z,1,8,false
2019-07-13T03:14:42.593Z,1,9,false
2019-07-13T03:15:22.406Z,1,1,false
2019-07-13T03:15:32.689Z,1,2,false
2019-07-13T03:15:40.936Z,1,3,false
2019-07-13T03:15:50.272Z,1,4,false
2019-07-13T03:15:59.412Z,1,5,false
2019-07-13T03:16:09.112Z,1,6,false
2019-07-13T03:16:19.062Z,1,7,false
2019-07-13T03:16:29.069Z,1,8,false
2019-07-13T03:16:39.244Z,1,9,false
2019-07-13T03:17:18.979Z,1,1,false
2019-07-13T03:17:29.179Z,1,2,false
2019-07-13T03:17:38.889Z,1,3,false
2019-07-13T03:17:48.847Z,1,4,false
2019-07-13T03:17:58.252Z,1,5,false
2019-07-13T03:18:08.495Z,1,6,false
2019-07-13T03:18:18.707Z,1,7,false
2019-07-13T03:18:28.282Z,1,8,false
2019-07-13T03:18:38.478Z,1,9,false
2019-07-13T03:19:18.589Z,1,1,false
2019-07-13T03:19:28.626Z,1,2,false
2019-07-13T03:19:37.893Z,1,3,false
2019-07-13T03:19:48.697Z,1,4,false
2019-07-13T03:19:58.778Z,1,5,false
2019-07-13T03:20:08.753Z,1,6,false
2019-07-13T03:20:18.194Z,1,7,false
2019-07-13T03:20:27.779Z,1,8,false
2019-07-13T03:20:37.996Z,1,9,false
2019-07-13T03:21:17.959Z,1,1,false
2019-07-13T03:21:27.399Z,1,2,false
2019-07-13T03:21:36.722Z,1,3,false
2019-07-13T03:21:46.950Z,1,4,false
2019-07-13T03:21:57.745Z,1,5,false
2019-07-13T03:22:07.430Z,1,6,false
2019-07-13T03:22:17.795Z,1,7,false
2019-07-13T03:22:26.219Z,1,8,false
2019-07-13T03:22:36.261Z,1,9,false
2019-07-13T03:23:16.619Z,1,1,false
2019-07-13T03:23:24.939Z,1,2,false
2019-07-13T03:23:34.868Z,1,3,false
2019-07-13T03:23:45.240Z,1,4,false
2019-07-13T03:23:55.484Z,1,5,false
2019-07-13T03:24:05.299Z,1,6,false
2019-07-13T03:24:15.381Z,1,7,false
2019-07-13T03:24:23.842Z,1,8,false
2019-07-13T03:24:32.504Z,1,9,false
2019-07-13T03:25:12.373Z,1,1,false
2019-07-13T03:25:22.429Z,1,2,false
2019-07-13T03:25:31.500Z,1,3,false
2019-07-13T03:25:41.848Z,1,4,false
2019-07-13T03:25:52.955Z,1,5,false
2019-07-13T03:26:03.350Z,1,6,false
2019-07-13T03:26:14.017Z,1,7,false
2019-07-13T03:26:24.012Z,1,8,false
2019-07-13T03:26:34.489Z,1,9,false
2019-07-13T03:27:15.170Z,1,1,false
2019-07-13T03:27:25.307Z,1,2,false
2019-07-13T03:27:35.554Z,1,3,false
2019-07-13T03:27:46.383Z,1,4,false
2019-07-13T03:27:56.865Z,1,5,false
2019-07-13T03:28:07.028Z,1,6,false
2019-07-13T03:28:17.446Z,1,7,false
2019-07-13T03:28:27.931Z,1,8,false
2019-07-13T03:28:38.292Z,1,9,false
2019-07-13T03:29:18.471Z,1,1,false
2019-07-13T03:29:28.093Z,1,2,false
2019-07-13T03:29:37.472Z,1,3,false
2019-07-13T03:29:48.207Z,1,4,false
2019-07-13T03:29:58.606Z,1,5,false
2019-07-13T03:30:08.822Z,1,6,false
2019-07-13T03:30:19.306Z,1,7,false
2019-07-13T03:30:28.794Z,1,8,false
2019-07-13T03:30:39.011Z,1,9,false
2019-07-13T03:31:19.157Z,1,1,false
2019-07-13T03:31:29.737Z,1,2,false
2019-07-13T03:31:39.943Z,1,3,false
2019-07-13T03:31:50.864Z,1,4,false
2019-07-13T03:32:01.117Z,1,5,false
2019-07-13T03:32:10.800Z,1,6,false
2019-07-13T03:32:21.337Z,1,7,false
2019-07-13T03:32:31.377Z,1,8,false
2019-07-13T03:32:42.182Z,1,9,false
2019-07-13T03:33:22.532Z,1,1,false
2019-07-13T03:33:32.855Z,1,2,false
2019-07-13T03:33:42.454Z,1,3,false
2019-07-13T03:33:53.290Z,1,4,false
2019-07-13T03:34:03.173Z,1,5,false
2019-07-13T03:34:13.412Z,1,6,false
2019-07-13T03:34:23.913Z,1,7,false
2019-07-13T03:34:34.362Z,1,8,false
2019-07-13T03:34:45.027Z,1,9,false
2019-07-13T03:35:25.456Z,1,1,false
2019-07-13T03:35:35.921Z,1,2,false
2019-07-13T03:35:46.064Z,1,3,false
2019-07-13T03:35:56.597Z,1,4,false
2019-07-13T03:36:06.868Z,1,5,false
2019-07-13T03:36:17.325Z,1,6,false
2019-07-13T03:36:27.415Z,1,7,false
2019-07-13T03:36:37.394Z,1,8,false
2019-07-13T03:36:47.871Z,1,9,false
2019-07-13T03:37:27.698Z,1,1,false
2019-07-13T03:37:37.330Z,1,2,false
2019-07-13T03:37:47.660Z,1,3,false
2019-07-13T03:37:58.301Z,1,4,false
2019-07-13T03:38:09.362Z,1,5,false
2019-07-13T03:38:19.473Z,1,6,false
2019-07-13T03:38:29.785Z,1,7,false
2019-07-13T03:38:39.542Z,1,8,false
2019-07-13T03:38:50.243Z,1,9,false
2019-07-13T03:39:30.429Z,1,1,false
2019-07-13T03:39:40.459Z,1,2,false
2019-07-13T03:39:49.379Z,1,3,false
2019-07-13T03:39:59.987Z,1,4,false
2019-07-13T03:40:10.502Z,1,5,false
2019-07-13T03:40:21.229Z,1,6,false
2019-07-13T03:40:32.062Z,1,7,false
2019-07-13T03:40:42.468Z,1,8,false
2019-07-13T03:40:52.718Z,1,9,false
2019-07-13T03:41:33.421Z,1,1,false
2019-07-13T03:41:44.032Z,1,2,false
2019-07-13T03:41:54.317Z,1,3,false
2019-07-13T03:42:05.054Z,1,4,false
2019-07-13T03:42:15.488Z,1,5,false
2019-07-13T03:42:25.337Z,1,6,false
2019-07-13T03:42:36.253Z,1,7,false
2019-07-13T03:42:46.592Z,1,8,false
2019-07-13T03:42:57.231Z,1,9,false
2019-07-13T03:43:36.820Z,1,1,false
2019-07-13T03:43:46.972Z,1,2,false
2019-07-13T03:43:56.005Z,1,3,false
2019-07-13T03:44:05.429Z,1,4,false
2019-07-13T03:44:15.709Z,1,5,false
2019-07-13T03:44:25.992Z,1,6,false
2019-07-13T03:44:36.017Z,1,7,false
2019-07-13T03:44:45.030Z,1,8,false
2019-07-13T03:44:55.210Z,1,9,false
2019-07-13T03:45:33.933Z,1,1,false
2019-07-13T03:45:43.599Z,1,2,false
2019-07-13T03:45:53.654Z,1,3,false
2019-07-13T03:46:03.128Z,1,4,false
2019-07-13T03:46:12.285Z,1,5,false
2019-07-13T03:46:22.188Z,1,6,false
2019-07-13T03:46:32.590Z,1,7,false
2019-07-13T03:46:41.667Z,1,8,false
2019-07-13T03:46:51.880Z,1,9,false
2019-07-13T03:47:32.256Z,1,1,false
2019-07-13T03:47:40.176Z,1,2,false
2019-07-13T03:47:49.665Z,1,3,false
2019-07-13T03:48:00.040Z,1,4,false
2019-07-13T03:48:10.970Z,1,5,false
2019-07-13T03:48:21.746Z,1,6,false
2019-07-13T03:48:32.554Z,1,7,false
2019-07-13T03:48:43.005Z,1,8,false
2019-07-13T03:48:53.770Z,1,9,false
2019-07-13T03:49:34.274Z,1,1,false
2019-07-13T03:49:42.202Z,1,2,false
2019-07-13T03:49:52.443Z,1,3,false
2019-07-13T03:50:03.475Z,1,4,false
2019-07-13T03:50:14.702Z,1,5,false
2019-07-13T03:50:25.356Z,1,6,false
2019-07-13T03:50:36.133Z,1,7,false
2019-07-13T03:50:45.836Z,1,8,false
2019-07-13T03:50:55.757Z,1,9,false
2019-07-13T03:51:36.100Z,1,1,false
2019-07-13T03:51:44.039Z,1,2,false
2019-07-13T03:51:52.898Z,1,3,false
2019-07-13T03:52:03.707Z,1,4,false
2019-07-13T03:52:14.231Z,1,5,false
2019-07-13T03:52:24.015Z,1,6,false
2019-07-13T03:52:33.946Z,1,7,false
2019-07-13T03:52:42.253Z,1,8,false
2019-07-13T03:52:52.330Z,1,9,false
2019-07-13T03:53:32.597Z,1,1,false
2019-07-13T03:53:40.557Z,1,2,false
2019-07-13T03:53:49.297Z,1,3,false
2019-07-13T03:53:59.641Z,1,4,false
2019-07-13T03:54:10.733Z,1,5,false
2019-07-13T03:54:21.314Z,1,6,false
2019-07-13T03:54:31.605Z,1,7,false
2019-07-13T03:54:41.727Z,1,8,false
2019-07-13T03:54:52.334Z,1,9,false
2019-07-13T03:55:32.688Z,1,1,false
2019-07-13T03:55:40.669Z,1,2,false
2019-07-13T03:55:49.391Z,1,3,false
2019-07-13T03:55:59.963Z,1,4,false
2019-07-13T03:56:10.931Z,1,5,false
2019-07-13T03:56:21.159Z,1,6,false
2019-07-13T03:56:31.491Z,1,7,false
2019-07-13T03:56:41.899Z,1,8,false
2019-07-13T03:56:52.447Z,1,9,false
2019-07-13T03:57:32.367Z,1,1,false
2019-07-13T03:57:40.385Z,1,2,false
2019-07-13T03:57:49.225Z,1,3,false
2019-07-13T03:57:59.584Z,1,4,false
2019-07-13T03:58:10.443Z,1,5,false
2019-07-13T03:58:20.663Z,1,6,false
2019-07-13T03:58:30.645Z,1,7,false
2019-07-13T03:58:40.906Z,1,8,false
2019-07-13T03:58:51.561Z,1,9,false
2019-07-13T03:59:32.024Z,1,1,false
2019-07-13T03:59:41.592Z,1,2,false
2019-07-13T03:59:49.850Z,1,3,false
2019-07-13T04:00:00.642Z,1,4,false
2019-07-13T04:00:11.642Z,1,5,false
2019-07-13T04:00:21.494Z,1,6,false
2019-07-13T04:00:31.794Z,1,7,false
2019-07-13T04:00:41.828Z,1,8,false
2019-07-13T04:00:51.655Z,1,9,false
2019-07-13T04:01:30.973Z,1,1,false
2019-07-13T04:01:41.171Z,1,2,false
2019-07-13T04:01:49.558Z,1,3,false
2019-07-13T04:01:59.914Z,1,4,false
2019-07-13T04:02:09.945Z,1,5,false
2019-07-13T04:02:20.323Z,1,6,false
2019-07-13T04:02:30.687Z,1,7,false
2019-07-13T04:02:40.482Z,1,8,false
2019-07-13T04:02:50.717Z,1,9,false
2019-07-13T04:03:30.661Z,1,1,false
2019-07-13T04:03:38.620Z,1,2,false
2019-07-13T04:03:48.178Z,1,3,false
2019-07-13T04:03:58.311Z,1,4,false
2019-07-13T04:04:09.042Z,1,5,false
2019-07-13T04:04:19.486Z,1,6,false
2019-07-13T04:04:29.598Z,1,7,false
2019-07-13T04:04:39.153Z,1,8,false
2019-07-13T04:04:49.632Z,1,9,false
2019-07-13T04:05:29.952Z,1,1,false
2019-07-13T04:05:37.933Z,1,2,false
2019-07-13T04:05:46.856Z,1,3,false
2019-07-13T04:05:56.941Z,1,4,false
2019-07-13T04:06:07.330Z,1,5,false
2019-07-13T04:06:17.086Z,1,6,false
2019-07-13T04:06:27.072Z,1,7,false
2019-07-13T04:06:36.896Z,1,8,false
2019-07-13T04:06:47.529Z,1,9,false
2019-07-13T04:07:26.631Z,1,1,false
2019-07-13T04:07:34.602Z,1,2,false
2019-07-13T04:07:42.532Z,1,3,false
2019-07-13T04:07:52.585Z,1,4,false
2019-07-13T04:08:02.877Z,1,5,false
2019-07-13T04:08:13.003Z,1,6,false
2019-07-13T04:08:22.393Z,1,7,false
2019-07-13T04:08:31.684Z,1,8,false
2019-07-13T04:08:42.287Z,1,9,false
2019-07-13T04:09:22.447Z,1,1,false
2019-07-13T04:09:30.404Z,1,2,false
2019-07-13T04:09:38.124Z,1,3,false
2019-07-13T04:09:49.180Z,1,4,false
2019-07-13T04:09:59.728Z,1,5,false
2019-07-13T04:10:10.480Z,1,6,false
2019-07-13T04:10:21.328Z,1,7,false
2019-07-13T04:10:31.532Z,1,8,false
2019-07-13T04:10:41.946Z,1,9,false
2019-07-13T04:11:22.718Z,1,1,false
2019-07-13T04:11:32.302Z,1,2,false
2019-07-13T04:11:40.057Z,1,3,false
2019-07-13T04:11:50.986Z,1,4,false
2019-07-13T04:12:01.918Z,1,5,false
2019-07-13T04:12:11.774Z,1,6,false
2019-07-13T04:12:21.692Z,1,7,false
2019-07-13T04:12:32.001Z,1,8,false
2019-07-13T04:12:42.276Z,1,9,false
2019-07-13T04:13:22.612Z,1,1,false
2019-07-13T04:13:30.572Z,1,2,false
2019-07-13T04:13:39.245Z,1,3,false
2019-07-13T04:13:49.702Z,1,4,false
2019-07-13T04:14:00.538Z,1,5,false
2019-07-13T04:14:11.108Z,1,6,false
2019-07-13T04:14:21.063Z,1,7,false
2019-07-13T04:14:31.406Z,1,8,false
2019-07-13T04:14:41.746Z,1,9,false
2019-07-13T04:15:21.867Z,1,1,false
2019-07-13T04:15:29.814Z,1,2,false
2019-07-13T04:15:37.490Z,1,3,false
2019-07-13T04:15:48.351Z,1,4,false
2019-07-13T04:15:58.850Z,1,5,false
2019-07-13T04:16:09.661Z,1,6,false
2019-07-13T04:16:19.743Z,1,7,false
2019-07-13T04:16:30.303Z,1,8,false
2019-07-13T04:16:41.076Z,1,9,false
2019-07-13T04:17:21.471Z,1,1,false
2019-07-13T04:17:29.431Z,1,2,false
2019-07-13T04:17:37.171Z,1,3,false
2019-07-13T04:17:48.196Z,1,4,false
2019-07-13T04:17:59.355Z,1,5,false
2019-07-13T04:18:10.126Z,1,6,false
2019-07-13T04:18:21.059Z,1,7,false
2019-07-13T04:18:31.227Z,1,8,false
2019-07-13T04:18:41.316Z,1,9,false
2019-07-13T04:19:21.875Z,1,1,false
2019-07-13T04:19:29.833Z,1,2,false
2019-07-13T04:19:38.970Z,1,3,false
2019-07-13T04:19:49.870Z,1,4,false
2019-07-13T04:20:01.061Z,1,5,false
2019-07-13T04:20:10.177Z,1,6,false
2019-07-13T04:20:19.953Z,1,7,false
2019-07-13T04:20:28.580Z,1,8,false
2019-07-13T04:20:38.613Z,1,9,false
2019-07-13T04:21:19.134Z,1,1,false
2019-07-13T04:21:27.088Z,1,2,false
2019-07-13T04:21:34.963Z,1,3,false
2019-07-13T04:21:43.387Z,1,4,false
2019-07-13T04:21:54.592Z,1,5,false
2019-07-13T04:22:04.111Z,1,6,false
2019-07-13T04:22:14.469Z,1,7,false
2019-07-13T04:22:24.564Z,1,8,false
2019-07-13T04:22:34.975Z,1,9,false
2019-07-13T04:23:15.642Z,1,1,false
2019-07-13T04:23:23.632Z,1,2,false
2019-07-13T04:23:31.330Z,1,3,false
2019-07-13T04:23:39.738Z,1,4,false
2019-07-13T04:23:50.495Z,1,5,false
2019-07-13T04:24:00.625Z,1,6,false
2019-07-13T04:24:10.912Z,1,7,false
2019-07-13T04:24:20.822Z,1,8,false
2019-07-13T04:24:30.951Z,1,9,false
2019-07-13T04:25:11.341Z,1,1,false
2019-07-13T04:25:19.287Z,1,2,false
2019-07-13T04:25:27.038Z,1,3,false
2019-07-13T04:25:35.491Z,1,4,false
2019-07-13T04:25:46.483Z,1,5,false
2019-07-13T04:25:56.568Z,1,6,false
2019-07-13T04:26:06.026Z,1,7,false
2019-07-13T04:26:16.303Z,1,8,false
2019-07-13T04:26:26.139Z,1,9,false
2019-07-13T04:27:06.553Z,1,1,false
2019-07-13T04:27:14.480Z,1,2,false
2019-07-13T04:27:22.229Z,1,3,false
2019-07-13T04:27:30.637Z,1,4,false
2019-07-13T04:27:41.181Z,1,5,false
2019-07-13T04:27:51.624Z,1,6,false
2019-07-13T04:28:01.698Z,1,7,false
2019-07-13T04:28:11.931Z,1,8,false
2019-07-13T04:28:22.416Z,1,9,false
2019-07-13T04:29:02.580Z,1,1,false
2019-07-13T04:29:10.547Z,1,2,false
2019-07-13T04:29:19.709Z,1,3,false
2019-07-13T04:29:28.101Z,1,4,false
2019-07-13T04:29:39.320Z,1,5,false
2019-07-13T04:29:50.009Z,1,6,false
2019-07-13T04:30:00.402Z,1,7,false
2019-07-13T04:30:10.748Z,1,8,false
2019-07-13T04:30:21.032Z,1,9,false
2019-07-13T04:31:01.473Z,1,1,false
2019-07-13T04:31:09.436Z,1,2,false
2019-07-13T04:31:18.739Z,1,3,false
2019-07-13T04:31:27.211Z,1,4,false
2019-07-13T04:31:37.939Z,1,5,false
2019-07-13T04:31:48.085Z,1,6,false
2019-07-13T04:31:58.091Z,1,7,false
2019-07-13T04:32:08.130Z,1,8,false
2019-07-13T04:32:20.342Z,1,9,false
2019-07-13T04:33:00.873Z,1,1,false
2019-07-13T04:33:10.459Z,1,2,false
2019-07-13T04:33:18.169Z,1,3,false
2019-07-13T04:33:26.601Z,1,4,false
2019-07-13T04:33:37.095Z,1,5,false
2019-07-13T04:33:47.738Z,1,6,false
2019-07-13T04:33:57.037Z,1,7,false
2019-07-13T04:34:07.050Z,1,8,false
2019-07-13T04:34:16.635Z,1,9,false
2019-07-13T04:34:56.466Z,1,1,false
2019-07-13T04:35:04.635Z,1,2,false
2019-07-13T04:35:12.355Z,1,3,false
2019-07-13T04:35:20.765Z,1,4,false
2019-07-13T04:35:31.127Z,1,5,false
2019-07-13T04:35:40.937Z,1,6,false
2019-07-13T04:35:50.712Z,1,7,false
2019-07-13T04:35:59.911Z,1,8,false
2019-07-13T04:36:10.119Z,1,9,false
2019-07-13T04:36:50.397Z,1,1,false
2019-07-13T04:36:59.896Z,1,2,false
2019-07-13T04:37:07.615Z,1,3,false
2019-07-13T04:37:15.980Z,1,4,false
2019-07-13T04:38:06.293Z,1,5,false
2019-07-13T04:38:16.752Z,1,6,false
2019-07-13T04:38:27.118Z,1,7,false
2019-07-13T04:38:37.148Z,1,8,false
2019-07-13T04:38:47.255Z,1,9,false
2019-07-13T04:39:27.594Z,1,1,false
2019-07-13T04:39:37.333Z,1,2,false
2019-07-13T04:39:46.030Z,1,3,false
2019-07-13T04:39:56.096Z,1,4,false
2019-07-13T04:40:05.437Z,1,5,false
2019-07-13T04:40:15.368Z,1,6,false
2019-07-13T04:40:25.182Z,1,7,false
2019-07-13T04:40:34.168Z,1,8,false
2019-07-13T04:40:44.099Z,1,9,false
2019-07-13T04:41:23.923Z,1,1,false
2019-07-13T04:41:31.883Z,1,2,false
2019-07-13T04:41:42.147Z,1,3,false
2019-07-13T04:41:53.106Z,1,4,false
2019-07-13T04:42:03.349Z,1,5,false
2019-07-13T04:42:13.987Z,1,6,false
2019-07-13T04:42:24.509Z,1,7,false
2019-07-13T04:42:34.959Z,1,8,false
2019-07-13T04:42:45.801Z,1,9,false
2019-07-13T04:43:26.223Z,1,1,false
2019-07-13T04:43:34.328Z,1,2,false
2019-07-13T04:43:43.801Z,1,3,false
2019-07-13T04:43:54.337Z,1,4,false
2019-07-13T04:44:05.488Z,1,5,false
2019-07-13T04:44:15.811Z,1,6,false
2019-07-13T04:44:25.973Z,1,7,false
2019-07-13T04:44:35.231Z,1,8,false
2019-07-13T04:44:45.212Z,1,9,false
2019-07-13T04:45:25.206Z,1,1,false
2019-07-13T04:45:33.184Z,1,2,false
2019-07-13T04:45:42.971Z,1,3,false
2019-07-13T04:45:53.674Z,1,4,false
2019-07-13T04:46:02.957Z,1,5,false
2019-07-13T04:46:12.657Z,1,6,false
2019-07-13T04:46:22.870Z,1,7,false
2019-07-13T04:46:32.999Z,1,8,false
2019-07-13T04:46:43.181Z,1,9,false
2019-07-13T04:47:22.840Z,1,1,false
2019-07-13T04:47:30.774Z,1,2,false
2019-07-13T04:47:40.789Z,1,3,false
2019-07-13T04:47:51.535Z,1,4,false
2019-07-13T04:48:01.331Z,1,5,false
2019-07-13T04:48:11.977Z,1,6,false
2019-07-13T04:48:22.468Z,1,7,false
2019-07-13T04:48:32.895Z,1,8,false
2019-07-13T04:48:42.727Z,1,9,false
2019-07-13T04:49:23.420Z,1,1,false
2019-07-13T04:49:33.016Z,1,2,false
2019-07-13T04:49:42.371Z,1,3,false
2019-07-13T04:49:52.427Z,1,4,false
2019-07-13T04:50:03.376Z,1,5,false
2019-07-13T04:50:13.194Z,1,6,false
2019-07-13T04:50:23.166Z,1,7,false
2019-07-13T04:50:32.731Z,1,8,false
2019-07-13T04:50:43.100Z,1,9,false
2019-07-13T04:51:23.789Z,1,1,false
2019-07-13T04:51:31.739Z,1,2,false
2019-07-13T04:51:41.301Z,1,3,false
2019-07-13T04:51:52.192Z,1,4,false
2019-07-13T04:52:02.452Z,1,5,false
2019-07-13T04:52:12.655Z,1,6,false
2019-07-13T04:52:23.028Z,1,7,false
2019-07-13T04:52:33.110Z,1,8,false
2019-07-13T04:52:42.979Z,1,9,false
2019-07-13T04:53:22.393Z,1,1,false
2019-07-13T04:53:30.349Z,1,2,false
2019-07-13T04:53:38.053Z,1,3,false
2019-07-13T04:53:48.644Z,1,4,false
2019-07-13T04:53:59.189Z,1,5,false
2019-07-13T04:54:09.721Z,1,6,false
2019-07-13T04:54:20.167Z,1,7,false
2019-07-13T04:54:30.677Z,1,8,false
2019-07-13T04:54:41.413Z,1,9,false
2019-07-13T04:55:22.178Z,1,1,false
2019-07-13T04:55:30.150Z,1,2,false
2019-07-13T04:55:37.866Z,1,3,false
2019-07-13T04:55:48.464Z,1,4,false
2019-07-13T04:55:59.666Z,1,5,false
2019-07-13T04:56:09.734Z,1,6,false
2019-07-13T04:56:19.503Z,1,7,false
2019-07-13T04:56:29.787Z,1,8,false
2019-07-13T04:56:39.996Z,1,9,false
2019-07-13T04:57:20.270Z,1,1,false
2019-07-13T04:57:28.229Z,1,2,false
2019-07-13T04:57:37.546Z,1,3,false
2019-07-13T04:57:47.978Z,1,4,false
2019-07-13T04:57:59.092Z,1,5,false
2019-07-13T04:58:09.555Z,1,6,false
2019-07-13T04:58:20.031Z,1,7,false
2019-07-13T04:58:30.072Z,1,8,false
2019-07-13T04:58:40.208Z,1,9,false
2019-07-13T04:59:19.939Z,1,1,false
2019-07-13T04:59:27.868Z,1,2,false
2019-07-13T04:59:35.589Z,1,3,false
2019-07-13T04:59:46.048Z,1,4,false
2019-07-13T04:59:57.096Z,1,5,false
2019-07-13T05:00:06.837Z,1,6,false
2019-07-13T05:00:16.643Z,1,7,false
2019-07-13T05:00:26.800Z,1,8,false
2019-07-13T05:00:37.047Z,1,9,false
2019-07-13T05:01:17.518Z,1,1,false
2019-07-13T05:01:25.458Z,1,2,false
2019-07-13T05:01:33.135Z,1,3,false
2019-07-13T05:01:41.514Z,1,4,false
2019-07-13T05:01:52.137Z,1,5,false
2019-07-13T05:02:02.766Z,1,6,false
2019-07-13T05:02:13.554Z,1,7,false
2019-07-13T05:02:22.966Z,1,8,false
2019-07-13T05:02:33.687Z,1,9,false
2019-07-13T05:03:14.373Z,1,1,false
2019-07-13T05:03:23.520Z,1,2,false
2019-07-13T05:03:31.223Z,1,3,false
2019-07-13T05:03:39.617Z,1,4,false
2019-07-13T05:03:49.830Z,1,5,false
2019-07-13T05:03:59.749Z,1,6,false
2019-07-13T05:04:10.257Z,1,7,false
2019-07-13T05:04:20.685Z,1,8,false
2019-07-13T05:04:31.170Z,1,9,false
2019-07-13T05:05:11.929Z,1,1,false
2019-07-13T05:05:20.071Z,1,2,false
2019-07-13T05:05:27.767Z,1,3,false
2019-07-13T05:05:36.177Z,1,4,false
2019-07-13T05:05:47.421Z,1,5,false
2019-07-13T05:05:58.131Z,1,6,false
2019-07-13T05:06:08.855Z,1,7,false
2019-07-13T05:06:18.377Z,1,8,false
2019-07-13T05:06:27.585Z,1,9,false
2019-07-13T05:07:07.595Z,1,1,false
2019-07-13T05:07:15.534Z,1,2,false
2019-07-13T05:07:23.231Z,1,3,false
2019-07-13T05:07:31.612Z,1,4,false
2019-07-13T05:07:40.193Z,1,5,false
2019-07-13T05:07:50.621Z,1,6,false
2019-07-13T05:08:00.925Z,1,7,false
2019-07-13T05:08:11.018Z,1,8,false
2019-07-13T05:08:21.286Z,1,9,false
2019-07-13T05:09:01.614Z,1,1,false
2019-07-13T05:09:11.836Z,1,2,false
2019-07-13T05:09:19.508Z,1,3,false
2019-07-13T05:09:29.495Z,1,4,false
2019-07-13T05:09:38.107Z,1,5,false
2019-07-13T05:09:48.516Z,1,6,false
2019-07-13T05:09:59.239Z,1,7,false
2019-07-13T05:10:09.709Z,1,8,false
2019-07-13T05:10:20.390Z,1,9,false
2019-07-13T05:11:00.511Z,1,1,false
2019-07-13T05:11:10.907Z,1,2,false
2019-07-13T05:11:20.217Z,1,3,false
2019-07-13T05:11:28.658Z,1,4,false
2019-07-13T05:11:37.294Z,1,5,false
2019-07-13T05:11:47.560Z,1,6,false
2019-07-13T05:11:58.138Z,1,7,false
2019-07-13T05:12:08.193Z,1,8,false
2019-07-13T05:12:18.724Z,1,9,false
2019-07-13T05:12:57.758Z,1,1,false
2019-07-13T05:13:07.325Z,1,2,false
2019-07-13T05:13:15.041Z,1,3,false
2019-07-13T05:13:25.047Z,1,4,false
2019-07-13T05:13:33.663Z,1,5,false
2019-07-13T05:13:43.253Z,1,6,false
2019-07-13T05:13:53.354Z,1,7,false
2019-07-13T05:14:03.330Z,1,8,false
2019-07-13T05:14:13.372Z,1,9,false
2019-07-13T05:14:52.369Z,1,1,false
2019-07-13T05:15:02.930Z,1,2,false
2019-07-13T05:15:10.635Z,1,3,false
2019-07-13T05:15:19.071Z,1,4,false
2019-07-13T05:15:27.667Z,1,5,false
2019-07-13T05:15:35.809Z,1,6,false
2019-07-13T05:15:46.224Z,1,7,false
2019-07-13T05:15:55.511Z,1,8,false
2019-07-13T05:16:05.286Z,1,9,false
2019-07-13T05:16:45.554Z,1,1,false
2019-07-13T05:16:56.137Z,1,2,false
2019-07-13T05:17:03.880Z,1,3,false
2019-07-13T05:17:12.282Z,1,4,false
2019-07-13T05:17:21.787Z,1,5,false
2019-07-13T05:17:31.561Z,1,6,false
2019-07-13T05:17:41.983Z,1,7,false
2019-07-13T05:17:51.106Z,1,8,false
2019-07-13T05:18:00.820Z,1,9,false
2019-07-13T05:18:40.985Z,1,1,false
2019-07-13T05:18:51.481Z,1,2,false
2019-07-13T05:18:59.166Z,1,3,false
2019-07-13T05:19:07.630Z,1,4,false
2019-07-13T05:19:16.268Z,1,5,false
2019-07-13T05:19:24.426Z,1,6,false
2019-07-13T05:19:34.344Z,1,7,false
2019-07-13T05:19:44.092Z,1,8,false
2019-07-13T05:19:54.511Z,1,9,false
2019-07-13T05:20:34.739Z,1,1,false
2019-07-13T05:20:45.087Z,1,2,false
2019-07-13T05:20:52.781Z,1,3,false
2019-07-13T05:21:01.176Z,1,4,false
2019-07-13T05:21:09.817Z,1,5,false
2019-07-13T05:21:17.948Z,1,6,false
2019-07-13T05:21:28.894Z,1,7,false
2019-07-13T05:21:39.005Z,1,8,false
2019-07-13T05:21:49.386Z,1,9,false
2019-07-13T05:22:29.947Z,1,1,false
2019-07-13T05:22:38.807Z,1,2,false
2019-07-13T05:22:48.176Z,1,3,false
2019-07-13T05:22:56.820Z,1,4,false
2019-07-13T05:23:05.459Z,1,5,false
2019-07-13T05:23:13.587Z,1,6,false
2019-07-13T05:23:24.371Z,1,7,false
2019-07-13T05:23:34.850Z,1,8,false
2019-07-13T05:23:45.617Z,1,9,false
2019-07-13T05:24:26.310Z,1,1,false
2019-07-13T05:24:36.286Z,1,2,false
2019-07-13T05:24:44.385Z,1,3,false
2019-07-13T05:24:52.808Z,1,4,false
2019-07-13T05:25:01.440Z,1,5,false
2019-07-13T05:25:09.630Z,1,6,false
2019-07-13T05:25:20.528Z,1,7,false
2019-07-13T05:25:30.906Z,1,8,false
2019-07-13T05:25:41.512Z,1,9,false
2019-07-13T05:26:22.326Z,1,1,false
2019-07-13T05:26:32.615Z,1,2,false
2019-07-13T05:26:41.048Z,1,3,false
2019-07-13T05:26:50.590Z,1,4,false
2019-07-13T05:26:59.179Z,1,5,false
2019-07-13T05:27:08.994Z,1,6,false
2019-07-13T05:27:19.051Z,1,7,false
2019-07-13T05:27:29.135Z,1,8,false
2019-07-13T05:27:39.015Z,1,9,false
2019-07-13T05:28:18.894Z,1,1,false
2019-07-13T05:28:28.587Z,1,2,false
2019-07-13T05:28:36.296Z,1,3,false
2019-07-13T05:28:47.416Z,1,4,false
2019-07-13T05:28:57.003Z,1,5,false
2019-07-13T05:29:06.900Z,1,6,false
2019-07-13T05:29:16.828Z,1,7,false
2019-07-13T05:29:26.267Z,1,8,false
2019-07-13T05:29:35.982Z,1,9,false
2019-07-13T05:30:16.605Z,1,1,false
2019-07-13T05:30:26.260Z,1,2,false
2019-07-13T05:30:33.958Z,1,3,false
2019-07-13T05:30:42.358Z,1,4,false
2019-07-13T05:30:52.647Z,1,5,false
2019-07-13T05:31:00.844Z,1,6,false
2019-07-13T05:31:11.006Z,1,7,false
2019-07-13T05:31:20.711Z,1,8,false
2019-07-13T05:31:30.519Z,1,9,false
2019-07-13T05:32:10.717Z,1,1,false
2019-07-13T05:32:19.115Z,1,2,false
2019-07-13T05:32:27.780Z,1,3,false
2019-07-13T05:32:37.850Z,1,4,false
2019-07-13T05:32:48.299Z,1,5,false
2019-07-13T05:32:56.481Z,1,6,false
2019-07-13T05:33:06.496Z,1,7,false
2019-07-13T05:33:16.836Z,1,8,false
2019-07-13T05:33:27.063Z,1,9,false
2019-07-13T05:34:07.789Z,1,1,false
2019-07-13T05:34:17.562Z,1,2,false
2019-07-13T05:34:25.262Z,1,3,false
2019-07-13T05:34:33.640Z,1,4,false
2019-07-13T05:34:42.265Z,1,5,false
2019-07-13T05:34:50.422Z,1,6,false
2019-07-13T05:35:01.277Z,1,7,false
2019-07-13T05:35:11.791Z,1,8,false
2019-07-13T05:35:22.546Z,1,9,false
2019-07-13T05:36:03.257Z,1,1,false
2019-07-13T05:36:13.166Z,1,2,false
2019-07-13T05:36:22.275Z,1,3,false
2019-07-13T05:36:30.663Z,1,4,false
2019-07-13T05:36:39.313Z,1,5,false
2019-07-13T05:36:48.857Z,1,6,false
2019-07-13T05:36:59.669Z,1,7,false
2019-07-13T05:37:10.102Z,1,8,false
2019-07-13T05:37:20.827Z,1,9,false
2019-07-13T05:38:01.427Z,1,1,false
2019-07-13T05:38:11.517Z,1,2,false
2019-07-13T05:38:20.310Z,1,3,false
2019-07-13T05:38:28.780Z,1,4,false
2019-07-13T05:38:37.410Z,1,5,false
2019-07-13T05:38:46.686Z,1,6,false
2019-07-13T05:38:57.590Z,1,7,false
2019-07-13T05:39:08.027Z,1,8,false
2019-07-13T05:39:18.502Z,1,9,false
2019-07-13T05:39:58.760Z,1,1,false
2019-07-13T05:40:09.259Z,1,2,false
2019-07-13T05:40:19.567Z,1,3,false
2019-07-13T05:40:27.977Z,1,4,false
2019-07-13T05:40:38.229Z,1,5,false
2019-07-13T05:40:48.265Z,1,6,false
2019-07-13T05:40:58.999Z,1,7,false
2019-07-13T05:41:09.058Z,1,8,false
2019-07-13T05:41:18.940Z,1,9,false
2019-07-13T05:41:59.540Z,1,1,false
2019-07-13T05:42:09.946Z,1,2,false
2019-07-13T05:42:20.250Z,1,3,false
2019-07-13T05:42:30.219Z,1,4,false
2019-07-13T05:42:39.140Z,1,5,false
2019-07-13T05:42:48.954Z,1,6,false
2019-07-13T05:42:59.851Z,1,7,false
2019-07-13T05:43:10.371Z,1,8,false
2019-07-13T05:43:20.647Z,1,9,false
2019-07-13T05:44:00.542Z,1,1,false
2019-07-13T05:44:11.096Z,1,2,false
2019-07-13T05:44:21.480Z,1,3,false
2019-07-13T05:44:30.153Z,1,4,false
2019-07-13T05:44:38.796Z,1,5,false
2019-07-13T05:44:48.770Z,1,6,false
2019-07-13T05:44:58.006Z,1,7,false
2019-07-13T05:45:07.750Z,1,8,false
2019-07-13T05:45:17.763Z,1,9,false
2019-07-13T05:45:57.252Z,1,1,false
2019-07-13T05:46:06.451Z,1,2,false
2019-07-13T05:46:15.724Z,1,3,false
2019-07-13T05:46:24.257Z,1,4,false
2019-07-13T05:46:33.474Z,1,5,false
2019-07-13T05:46:41.636Z,1,6,false
2019-07-13T05:46:50.150Z,1,7,false
2019-07-13T05:47:00.671Z,1,8,false
2019-07-13T05:47:10.889Z,1,9,false
2019-07-13T05:47:51.583Z,1,1,false
2019-07-13T05:48:01.202Z,1,2,false
2019-07-13T05:48:10.10Z,1,3,false
2019-07-13T05:48:20.522Z,1,4,false
2019-07-13T05:48:29.700Z,1,5,false
2019-07-13T05:48:39.477Z,1,6,false
2019-07-13T05:48:49.855Z,1,7,false
2019-07-13T05:48:57.756Z,1,8,false
2019-07-13T05:49:07.724Z,1,9,false
2019-07-13T05:49:46.533Z,1,1,false
2019-07-13T05:49:54.949Z,1,2,false
2019-07-13T05:50:04.839Z,1,3,false
2019-07-13T05:50:14.827Z,1,4,false
2019-07-13T05:50:24.119Z,1,5,false
2019-07-13T05:50:33.928Z,1,6,false
2019-07-13T05:50:42.170Z,1,7,false
2019-07-13T05:50:52.047Z,1,8,false
2019-07-13T05:51:02.489Z,1,9,false
2019-07-13T05:51:43.061Z,1,1,false
2019-07-13T05:51:53.342Z,1,2,false
2019-07-13T05:52:03.413Z,1,3,false
2019-07-13T05:52:11.895Z,1,4,false
2019-07-13T05:52:20.574Z,1,5,false
2019-07-13T05:52:28.716Z,1,6,false
2019-07-13T05:52:37.048Z,1,7,false
2019-07-13T05:52:47.618Z,1,8,false
2019-07-13T05:52:58.325Z,1,9,false
2019-07-13T05:53:38.786Z,1,1,false
2019-07-13T05:53:48.732Z,1,2,false
2019-07-13T05:53:57.117Z,1,3,false
2019-07-13T05:54:07.434Z,1,4,false
2019-07-13T05:54:17.691Z,1,5,false
2019-07-13T05:54:25.836Z,1,6,false
2019-07-13T05:54:34.116Z,1,7,false
2019-07-13T05:54:44.550Z,1,8,false
2019-07-13T05:54:55.055Z,1,9,false
2019-07-13T05:55:35.749Z,1,1,false
2019-07-13T05:55:44.508Z,1,2,false
2019-07-13T05:55:53.837Z,1,3,false
2019-07-13T05:56:03.474Z,1,4,false
2019-07-13T05:56:12.136Z,1,5,false
2019-07-13T05:56:20.287Z,1,6,false
2019-07-13T05:56:28.532Z,1,7,false
2019-07-13T05:56:38.298Z,1,8,false
2019-07-13T05:56:48.829Z,1,9,false
2019-07-13T05:57:27.523Z,1,1,false
2019-07-13T05:57:37.902Z,1,2,false
2019-07-13T05:57:48.131Z,1,3,false
2019-07-13T05:57:58.690Z,1,4,false
2019-07-13T05:58:07.307Z,1,5,false
2019-07-13T05:58:15.508Z,1,6,false
2019-07-13T05:58:23.788Z,1,7,false
2019-07-13T05:58:33.132Z,1,8,false
2019-07-13T05:58:43.605Z,1,9,false
2019-07-13T05:59:22.827Z,1,1,false
2019-07-13T05:59:32.756Z,1,2,false
2019-07-13T05:59:42.725Z,1,3,false
2019-07-13T05:59:54.378Z,1,4,false
2019-07-13T06:00:02.922Z,1,5,false
2019-07-13T06:00:11.091Z,1,6,false
2019-07-13T06:00:19.386Z,1,7,false
2019-07-13T06:00:27.305Z,1,8,false
2019-07-13T06:00:38.015Z,1,9,false
2019-07-13T06:01:18.451Z,1,1,false
2019-07-13T06:01:28.478Z,1,2,false
2019-07-13T06:01:38.283Z,1,3,false
2019-07-13T06:01:48.977Z,1,4,false
2019-07-13T06:01:57.938Z,1,5,false
2019-07-13T06:02:07.833Z,1,6,false
2019-07-13T06:02:16.117Z,1,7,false
2019-07-13T06:02:24.016Z,1,8,false
2019-07-13T06:02:34.550Z,1,9,false
2019-07-13T06:03:15.278Z,1,1,false
2019-07-13T06:03:25.10Z,1,2,false
2019-07-13T06:03:34.606Z,1,3,false
2019-07-13T06:03:45.295Z,1,4,false
2019-07-13T06:03:53.975Z,1,5,false
2019-07-13T06:04:02.143Z,1,6,false
2019-07-13T06:04:10.446Z,1,7,false
2019-07-13T06:04:18.338Z,1,8,false
2019-07-13T06:04:27.806Z,1,9,false
2019-07-13T06:05:07.640Z,1,1,false
2019-07-13T06:05:16.616Z,1,2,false
2019-07-13T06:05:26.205Z,1,3,false
2019-07-13T06:05:36.344Z,1,4,false
2019-07-13T06:05:46.341Z,1,5,false
2019-07-13T06:05:54.479Z,1,6,false
2019-07-13T06:06:02.957Z,1,7,false
2019-07-13T06:06:10.836Z,1,8,false
2019-07-13T06:06:19.063Z,1,9,false
2019-07-13T06:06:59.539Z,1,1,false
2019-07-13T06:07:10.089Z,1,2,false
2019-07-13T06:07:20.035Z,1,3,false
2019-07-13T06:07:30.651Z,1,4,false
2019-07-13T06:07:41.828Z,1,5,false
2019-07-13T06:07:52.073Z,1,6,false
2019-07-13T06:08:00.525Z,1,7,false
2019-07-13T06:08:08.439Z,1,8,false
2019-07-13T06:08:16.672Z,1,9,false
2019-07-13T06:08:56.080Z,1,1,false
2019-07-13T06:09:05.854Z,1,2,false
2019-07-13T06:09:15.247Z,1,3,false
2019-07-13T06:09:25.322Z,1,4,false
2019-07-13T06:09:35.468Z,1,5,false
2019-07-13T06:09:44.530Z,1,6,false
2019-07-13T06:09:54.920Z,1,7,false
2019-07-13T06:10:02.794Z,1,8,false
2019-07-13T06:10:10.985Z,1,9,false
2019-07-13T06:10:49.115Z,1,1,false
2019-07-13T06:10:59.730Z,1,2,false
2019-07-13T06:11:09.950Z,1,3,false
2019-07-13T06:11:20.965Z,1,4,false
2019-07-13T06:11:32.163Z,1,5,false
2019-07-13T06:11:42.917Z,1,6,false
2019-07-13T06:11:53.877Z,1,7,false
2019-07-13T06:12:01.801Z,1,8,false
2019-07-13T06:12:10.037Z,1,9,false
2019-07-13T06:12:49.807Z,1,1,false
2019-07-13T06:12:59.902Z,1,2,false
2019-07-13T06:13:07.972Z,1,3,false
2019-07-13T06:13:17.410Z,1,4,false
2019-07-13T06:13:28.363Z,1,5,false
2019-07-13T06:13:36.843Z,1,6,false
2019-07-13T06:13:46.792Z,1,7,false
2019-07-13T06:13:55.567Z,1,8,false
2019-07-13T06:14:03.765Z,1,9,false
2019-07-13T06:14:43.896Z,1,1,false
2019-07-13T06:14:54.145Z,1,2,false
2019-07-13T06:15:02.475Z,1,3,false
2019-07-13T06:15:12.475Z,1,4,false
2019-07-13T06:15:21.892Z,1,5,false
2019-07-13T06:15:32.188Z,1,6,false
2019-07-13T06:15:42.757Z,1,7,false
2019-07-13T06:15:52.336Z,1,8,false
2019-07-13T06:16:00.488Z,1,9,false
2019-07-13T06:16:38.641Z,1,1,false
2019-07-13T06:16:48.355Z,1,2,false
2019-07-13T06:16:57.880Z,1,3,false
2019-07-13T06:17:08.026Z,1,4,false
2019-07-13T06:17:18.596Z,1,5,false
2019-07-13T06:17:28.477Z,1,6,false
2019-07-13T06:17:38.016Z,1,7,false
2019-07-13T06:17:48.003Z,1,8,false
2019-07-13T06:17:56.221Z,1,9,false
2019-07-13T06:18:34.518Z,1,1,false
2019-07-13T06:18:44.578Z,1,2,false
2019-07-13T06:18:53.163Z,1,3,false
2019-07-13T06:19:03.354Z,1,4,false
2019-07-13T06:19:13.545Z,1,5,false
2019-07-13T06:19:23.829Z,1,6,false
2019-07-13T06:19:33.997Z,1,7,false
2019-07-13T06:19:42.360Z,1,8,false
2019-07-13T06:19:50.632Z,1,9,false
2019-07-13T06:20:30.385Z,1,1,false
2019-07-13T06:20:39.950Z,1,2,false
2019-07-13T06:20:50.028Z,1,3,false
2019-07-13T06:21:00.240Z,1,4,false
2019-07-13T06:21:10.853Z,1,5,false
2019-07-13T06:21:21.075Z,1,6,false
2019-07-13T06:21:30.630Z,1,7,false
2019-07-13T06:21:40.139Z,1,8,false
2019-07-13T06:21:49.417Z,1,9,false
2019-07-13T06:22:27.547Z,1,1,false
2019-07-13T06:22:37.179Z,1,2,false
2019-07-13T06:22:46.373Z,1,3,false
2019-07-13T06:22:55.588Z,1,4,false
2019-07-13T06:23:04.839Z,1,5,false
2019-07-13T06:23:13.791Z,1,6,false
2019-07-13T06:23:22.733Z,1,7,false
2019-07-13T06:23:32.793Z,1,8,false
2019-07-13T06:23:42.627Z,1,9,false
2019-07-13T06:24:20.824Z,1,1,false
2019-07-13T06:24:31.123Z,1,2,false
2019-07-13T06:24:40.785Z,1,3,false
2019-07-13T06:24:51.479Z,1,4,false
2019-07-13T06:25:00.175Z,1,5,false
2019-07-13T06:25:10.685Z,1,6,false
2019-07-13T06:25:19.576Z,1,7,false
2019-07-13T06:25:29.522Z,1,8,false
2019-07-13T06:25:37.773Z,1,9,false
2019-07-13T06:26:18.151Z,1,1,false
2019-07-13T06:26:27.749Z,1,2,false
2019-07-13T06:26:36.754Z,1,3,false
2019-07-13T06:26:47.561Z,1,4,false
2019-07-13T06:26:58.195Z,1,5,false
2019-07-13T06:27:08.460Z,1,6,false
2019-07-13T06:27:18.610Z,1,7,false
2019-07-13T06:27:27.316Z,1,8,false
2019-07-13T06:27:37.144Z,1,9,false
2019-07-13T06:28:16.180Z,1,1,false
2019-07-13T06:28:25.834Z,1,2,false
2019-07-13T06:28:35.679Z,1,3,false
2019-07-13T06:28:45.276Z,1,4,false
2019-07-13T06:28:55.982Z,1,5,false
2019-07-13T06:29:05.181Z,1,6,false
2019-07-13T06:29:14.341Z,1,7,false
2019-07-13T06:29:23.730Z,1,8,false
2019-07-13T06:29:33.589Z,1,9,false
2019-07-13T06:30:11.777Z,1,1,false
2019-07-13T06:30:20.349Z,1,2,false
2019-07-13T06:30:30.086Z,1,3,false
2019-07-13T06:30:40.593Z,1,4,false
2019-07-13T06:30:50.680Z,1,5,false
2019-07-13T06:31:00.370Z,1,6,false
2019-07-13T06:31:09.679Z,1,7,false
2019-07-13T06:31:19.241Z,1,8,false
2019-07-13T06:31:27.409Z,1,9,false
2019-07-13T06:32:05.551Z,1,1,false
2019-07-13T06:32:14.447Z,1,2,false
2019-07-13T06:32:23.838Z,1,3,false
2019-07-13T06:32:33.831Z,1,4,false
2019-07-13T06:32:44.767Z,1,5,false
2019-07-13T06:32:53.821Z,1,6,false
2019-07-13T06:33:03.841Z,1,7,false
2019-07-13T06:33:13.581Z,1,8,false
2019-07-13T06:33:21.813Z,1,9,false
2019-07-13T06:33:59.959Z,1,1,false
2019-07-13T06:34:09.802Z,1,2,false
2019-07-13T06:34:18.723Z,1,3,false
2019-07-13T06:34:29.144Z,1,4,false
2019-07-13T06:34:39.755Z,1,5,false
2019-07-13T06:34:49.661Z,1,6,false
2019-07-13T06:35:00.451Z,1,7,false
2019-07-13T06:35:10.006Z,1,8,false
2019-07-13T06:35:19.434Z,1,9,false
2019-07-13T06:35:57.572Z,1,1,false
2019-07-13T06:36:07.210Z,1,2,false
2019-07-13T06:36:17.565Z,1,3,false
2019-07-13T06:36:28.537Z,1,4,false
2019-07-13T06:36:39.722Z,1,5,false
2019-07-13T06:36:50.472Z,1,6,false
2019-07-13T06:37:01.308Z,1,7,false
2019-07-13T06:37:10.781Z,1,8,false
2019-07-13T06:37:19.004Z,1,9,false
2019-07-13T06:37:57.159Z,1,1,false
2019-07-13T06:38:07.450Z,1,2,false
2019-07-13T06:38:17.277Z,1,3,false
2019-07-13T06:38:27.792Z,1,4,false
2019-07-13T06:38:38.914Z,1,5,false
2019-07-13T06:38:49.644Z,1,6,false
2019-07-13T06:38:59.883Z,1,7,false
2019-07-13T06:39:10.228Z,1,8,false
2019-07-13T06:39:18.491Z,1,9,false
2019-07-13T06:39:57.144Z,1,1,false
2019-07-13T06:40:07.373Z,1,2,false
2019-07-13T06:40:17.318Z,1,3,false
2019-07-13T06:40:28.083Z,1,4,false
2019-07-13T06:40:38.729Z,1,5,false
2019-07-13T06:40:49.423Z,1,6,false
2019-07-13T06:41:00.187Z,1,7,false
2019-07-13T06:41:10.282Z,1,8,false
2019-07-13T06:41:19.036Z,1,9,false
2019-07-13T06:41:57.194Z,1,1,false
2019-07-13T06:42:06.597Z,1,2,false
2019-07-13T06:42:15.909Z,1,3,false
2019-07-13T06:42:25.622Z,1,4,false
2019-07-13T06:42:35.102Z,1,5,false
2019-07-13T06:42:45.499Z,1,6,false
2019-07-13T06:42:56.184Z,1,7,false
2019-07-13T06:43:06.452Z,1,8,false
2019-07-13T06:43:16.220Z,1,9,false
2019-07-13T06:43:55.476Z,1,1,false
2019-07-13T06:44:05.586Z,1,2,false
2019-07-13T06:44:14.322Z,1,3,false
2019-07-13T06:44:24.647Z,1,4,false
2019-07-13T06:44:33.641Z,1,5,false
2019-07-13T06:44:43.361Z,1,6,false
2019-07-13T06:44:53.209Z,1,7,false
2019-07-13T06:45:03.115Z,1,8,false
2019-07-13T06:45:13.116Z,1,9,false
2019-07-13T06:45:51.250Z,1,1,false
2019-07-13T06:46:01.635Z,1,2,false
2019-07-13T06:46:13.025Z,1,3,false
2019-07-13T06:46:26.459Z,1,4,false
2019-07-13T06:46:37.717Z,1,5,false
2019-07-13T06:46:48.235Z,1,6,false
2019-07-13T06:46:58.652Z,1,7,false
2019-07-13T06:47:08.548Z,1,8,false
2019-07-13T06:47:18.390Z,1,9,false
2019-07-13T06:47:56.571Z,1,1,false
2019-07-13T06:48:06.336Z,1,2,false
2019-07-13T06:48:15.135Z,1,3,false
2019-07-13T06:48:25.251Z,1,4,false
2019-07-13T06:48:35.583Z,1,5,false
2019-07-13T06:48:44.354Z,1,6,false
2019-07-13T06:48:54.349Z,1,7,false
2019-07-13T06:49:03.042Z,1,8,false
2019-07-13T06:49:13.013Z,1,9,false
2019-07-13T06:49:53.059Z,1,1,false
2019-07-13T06:50:03.412Z,1,2,false
2019-07-13T06:50:11.739Z,1,3,false
2019-07-13T06:50:21.897Z,1,4,false
2019-07-13T06:50:32.110Z,1,5,false
2019-07-13T06:50:41.995Z,1,6,false
2019-07-13T06:50:52.161Z,1,7,false
2019-07-13T06:51:01.546Z,1,8,false
2019-07-13T06:51:11.987Z,1,9,false
2019-07-13T06:51:52.707Z,1,1,false
2019-07-13T06:52:03.181Z,1,2,false
2019-07-13T06:52:12.962Z,1,3,false
2019-07-13T06:52:23.830Z,1,4,false
2019-07-13T06:52:34.872Z,1,5,false
2019-07-13T06:52:44.909Z,1,6,false
2019-07-13T06:52:55.287Z,1,7,false
2019-07-13T06:53:05.679Z,1,8,false
2019-07-13T06:53:15.986Z,1,9,false
2019-07-13T06:53:56.603Z,1,1,false
2019-07-13T06:54:06.757Z,1,2,false
2019-07-13T06:54:16.926Z,1,3,false
2019-07-13T06:54:27.413Z,1,4,false
2019-07-13T06:54:37.695Z,1,5,false
2019-07-13T06:54:48.295Z,1,6,false
2019-07-13T06:54:58.792Z,1,7,false
2019-07-13T06:55:09.196Z,1,8,false
2019-07-13T06:55:19.095Z,1,9,false
2019-07-13T06:55:58.993Z,1,1,false
2019-07-13T06:56:09.280Z,1,2,false
2019-07-13T06:56:18.889Z,1,3,false
2019-07-13T06:56:29.249Z,1,4,false
2019-07-13T06:56:40.315Z,1,5,false
2019-07-13T06:56:50.325Z,1,6,false
2019-07-13T06:57:00.834Z,1,7,false
2019-07-13T06:57:11.013Z,1,8,false
2019-07-13T06:57:21.339Z,1,9,false
2019-07-13T06:58:01.730Z,1,1,false
2019-07-13T06:58:11.398Z,1,2,false
2019-07-13T06:58:20.741Z,1,3,false
2019-07-13T06:58:31.368Z,1,4,false
2019-07-13T06:58:41.975Z,1,5,false
2019-07-13T06:58:52.099Z,1,6,false
2019-07-13T06:59:02.662Z,1,7,false
2019-07-13T06:59:12.739Z,1,8,false
2019-07-13T06:59:23.432Z,1,9,false
2019-07-13T07:00:03.899Z,1,1,false
2019-07-13T07:00:13.216Z,1,2,false
2019-07-13T07:00:22.634Z,1,3,false
2019-07-13T07:00:33.302Z,1,4,false
2019-07-13T07:00:42.416Z,1,5,false
2019-07-13T07:00:52.287Z,1,6,false
2019-07-13T07:01:02.631Z,1,7,false
2019-07-13T07:01:12.540Z,1,8,false
2019-07-13T07:01:22.925Z,1,9,false
2019-07-13T07:02:03.572Z,1,1,false
2019-07-13T07:02:13.684Z,1,2,false
2019-07-13T07:02:23.887Z,1,3,false
2019-07-13T07:02:34.812Z,1,4,false
2019-07-13T07:02:45.542Z,1,5,false
2019-07-13T07:02:55.938Z,1,6,false
2019-07-13T07:03:06.300Z,1,7,false
2019-07-13T07:03:15.871Z,1,8,false
2019-07-13T07:03:25.773Z,1,9,false
2019-07-13T07:04:05.967Z,1,1,false
2019-07-13T07:04:16.007Z,1,2,false
2019-07-13T07:04:25.336Z,1,3,false
2019-07-13T07:04:35.358Z,1,4,false
2019-07-13T07:04:46.560Z,1,5,false
2019-07-13T07:04:55.898Z,1,6,false
2019-07-13T07:05:04.272Z,1,7,false
2019-07-13T07:05:13.611Z,1,8,false
2019-07-13T07:05:23.650Z,1,9,false
2019-07-13T07:06:04.231Z,1,1,false
2019-07-13T07:06:14.352Z,1,2,false
2019-07-13T07:06:23.822Z,1,3,false
2019-07-13T07:06:34.364Z,1,4,false
2019-07-13T07:06:45.000Z,1,5,false
2019-07-13T07:06:55.119Z,1,6,false
2019-07-13T07:07:05.589Z,1,7,false
2019-07-13T07:07:15.965Z,1,8,false
2019-07-13T07:07:26.462Z,1,9,false
2019-07-13T07:08:06.162Z,1,1,false
2019-07-13T07:08:16.148Z,1,2,false
2019-07-13T07:08:26.038Z,1,3,false
2019-07-13T07:08:35.902Z,1,4,false
2019-07-13T07:08:46.970Z,1,5,false
2019-07-13T07:08:56.033Z,1,6,false
2019-07-13T07:09:06.551Z,1,7,false
2019-07-13T07:09:16.367Z,1,8,false
2019-07-13T07:09:26.870Z,1,9,false
2019-07-13T07:10:06.891Z,1,1,false
2019-07-13T07:10:17.319Z,1,2,false
2019-07-13T07:10:27.531Z,1,3,false
2019-07-13T07:10:37.316Z,1,4,false
2019-07-13T07:10:48.026Z,1,5,false
2019-07-13T07:10:58.383Z,1,6,false
2019-07-13T07:11:08.979Z,1,7,false
2019-07-13T07:11:19.297Z,1,8,false
2019-07-13T07:11:29.368Z,1,9,false
2019-07-13T07:12:07.571Z,1,1,false
2019-07-13T07:12:17.070Z,1,2,false
2019-07-13T07:12:26.523Z,1,3,false
2019-07-13T07:12:35.371Z,1,4,false
2019-07-13T07:12:46.339Z,1,5,false
2019-07-13T07:12:56.434Z,1,6,false
2019-07-13T07:13:06.362Z,1,7,false
2019-07-13T07:13:15.543Z,1,8,false
2019-07-13T07:13:25.594Z,1,9,false
2019-07-13T07:14:05.253Z,1,1,false
2019-07-13T07:14:15.647Z,1,2,false
2019-07-13T07:14:25.667Z,1,3,false
2019-07-13T07:14:36.502Z,1,4,false
2019-07-13T07:14:47.161Z,1,5,false
2019-07-13T07:14:57.739Z,1,6,false
2019-07-13T07:15:08.280Z,1,7,false
2019-07-13T07:15:18.550Z,1,8,false
2019-07-13T07:15:29.339Z,1,9,false
2019-07-13T07:16:07.847Z,1,1,false
2019-07-13T07:16:18.250Z,1,2,false
2019-07-13T07:16:28.140Z,1,3,false
2019-07-13T07:16:38.047Z,1,4,false
2019-07-13T07:16:48.973Z,1,5,false
2019-07-13T07:16:58.830Z,1,6,false
2019-07-13T07:17:09.496Z,1,7,false
2019-07-13T07:17:19.593Z,1,8,false
2019-07-13T07:17:29.907Z,1,9,false
2019-07-13T07:18:08.231Z,1,1,false
2019-07-13T07:18:17.079Z,1,2,false
2019-07-13T07:18:26.405Z,1,3,false
2019-07-13T07:18:36.548Z,1,4,false
2019-07-13T07:18:47.583Z,1,5,false
2019-07-13T07:18:57.432Z,1,6,false
2019-07-13T07:19:07.427Z,1,7,false
2019-07-13T07:19:16.777Z,1,8,false
2019-07-13T07:19:26.988Z,1,9,false
2019-07-13T07:20:07.251Z,1,1,false
2019-07-13T07:20:17.449Z,1,2,false
2019-07-13T07:20:27.499Z,1,3,false
2019-07-13T07:20:37.909Z,1,4,false
2019-07-13T07:20:48.646Z,1,5,false
2019-07-13T07:20:57.491Z,1,6,false
2019-07-13T07:21:07.739Z,1,7,false
2019-07-13T07:21:17.949Z,1,8,false
2019-07-13T07:21:28.157Z,1,9,false
2019-07-13T07:22:08.397Z,1,1,false
2019-07-13T07:22:18.615Z,1,2,false
2019-07-13T07:22:28.673Z,1,3,false
2019-07-13T07:22:37.231Z,1,4,false
2019-07-13T07:22:48.358Z,1,5,false
2019-07-13T07:22:58.377Z,1,6,false
2019-07-13T07:23:07.600Z,1,7,false
2019-07-13T07:23:16.822Z,1,8,false
2019-07-13T07:23:27.012Z,1,9,false
2019-07-13T07:24:06.980Z,1,1,false
2019-07-13T07:24:16.704Z,1,2,false
2019-07-13T07:24:26.572Z,1,3,false
2019-07-13T07:24:37.017Z,1,4,false
2019-07-13T07:24:48.267Z,1,5,false
2019-07-13T07:24:58.448Z,1,6,false
2019-07-13T07:25:08.820Z,1,7,false
2019-07-13T07:25:18.931Z,1,8,false
2019-07-13T07:25:29.134Z,1,9,false
2019-07-13T07:26:09.318Z,1,1,false
2019-07-13T07:26:19.453Z,1,2,false
2019-07-13T07:26:28.787Z,1,3,false
2019-07-13T07:26:39.154Z,1,4,false
2019-07-13T07:26:49.881Z,1,5,false
2019-07-13T07:27:00.319Z,1,6,false
2019-07-13T07:27:10.623Z,1,7,false
2019-07-13T07:27:20.716Z,1,8,false
2019-07-13T07:27:30.532Z,1,9,false
2019-07-13T07:28:10.881Z,1,1,false
2019-07-13T07:28:21.193Z,1,2,false
2019-07-13T07:28:31.238Z,1,3,false
2019-07-13T07:28:41.741Z,1,4,false
2019-07-13T07:28:52.789Z,1,5,false
2019-07-13T07:29:02.119Z,1,6,false
2019-07-13T07:29:12.873Z,1,7,false
2019-07-13T07:29:22.850Z,1,8,false
2019-07-13T07:29:33.205Z,1,9,false
2019-07-13T07:30:13.520Z,1,1,false
2019-07-13T07:30:24.034Z,1,2,false
2019-07-13T07:30:34.244Z,1,3,false
2019-07-13T07:30:45.136Z,1,4,false
2019-07-13T07:30:55.825Z,1,5,false
2019-07-13T07:31:06.107Z,1,6,false
2019-07-13T07:31:16.356Z,1,7,false
2019-07-13T07:31:25.261Z,1,8,false
2019-07-13T07:31:35.867Z,1,9,false
2019-07-13T07:32:15.329Z,1,1,false
2019-07-13T07:32:23.928Z,1,2,false
2019-07-13T07:32:33.219Z,1,3,false
2019-07-13T07:32:43.967Z,1,4,false
2019-07-13T07:32:53.327Z,1,5,false
2019-07-13T07:33:03.708Z,1,6,false
2019-07-13T07:33:13.848Z,1,7,false
2019-07-13T07:33:23.878Z,1,8,false
2019-07-13T07:33:33.753Z,1,9,false
2019-07-13T07:34:13.968Z,1,1,false
2019-07-13T07:34:24.259Z,1,2,false
2019-07-13T07:34:33.701Z,1,3,false
2019-07-13T07:34:44.440Z,1,4,false
2019-07-13T07:34:55.078Z,1,5,false
2019-07-13T07:35:05.548Z,1,6,false
2019-07-13T07:35:15.293Z,1,7,false
2019-07-13T07:35:24.868Z,1,8,false
2019-07-13T07:35:35.003Z,1,9,false
2019-07-13T07:36:13.428Z,1,1,false
2019-07-13T07:36:23.345Z,1,2,false
2019-07-13T07:36:32.610Z,1,3,false
2019-07-13T07:36:43.377Z,1,4,false
2019-07-13T07:36:54.046Z,1,5,false
2019-07-13T07:37:03.991Z,1,6,false
2019-07-13T07:37:14.342Z,1,7,false
2019-07-13T07:37:24.370Z,1,8,false
2019-07-13T07:37:34.277Z,1,9,false
2019-07-13T07:38:14.027Z,1,1,false
2019-07-13T07:38:24.145Z,1,2,false
2019-07-13T07:38:33.386Z,1,3,false
2019-07-13T07:38:44.030Z,1,4,false
2019-07-13T07:38:55.017Z,1,5,false
2019-07-13T07:39:04.515Z,1,6,false
2019-07-13T07:39:15.023Z,1,7,false
2019-07-13T07:39:24.260Z,1,8,false
2019-07-13T07:39:34.368Z,1,9,false
2019-07-13T07:40:12.644Z,1,1,false
2019-07-13T07:40:21.844Z,1,2,false
2019-07-13T07:40:31.216Z,1,3,false
2019-07-13T07:40:41.336Z,1,4,false
2019-07-13T07:40:52.123Z,1,5,false
2019-07-13T07:41:01.848Z,1,6,false
2019-07-13T07:41:11.696Z,1,7,false
2019-07-13T07:41:21.606Z,1,8,false
2019-07-13T07:41:31.644Z,1,9,false
2019-07-13T07:42:11.396Z,1,1,false
2019-07-13T07:42:20.780Z,1,2,false
2019-07-13T07:42:30.578Z,1,3,false
2019-07-13T07:42:40.512Z,1,4,false
2019-07-13T07:42:50.197Z,1,5,false
2019-07-13T07:43:00.700Z,1,6,false
2019-07-13T07:43:11.212Z,1,7,false
2019-07-13T07:43:20.598Z,1,8,false
2019-07-13T07:43:31.106Z,1,9,false
2019-07-13T07:44:09.549Z,1,1,false
2019-07-13T07:44:19.299Z,1,2,false
2019-07-13T07:44:28.579Z,1,3,false
2019-07-13T07:44:38.650Z,1,4,false
2019-07-13T07:44:49.481Z,1,5,false
2019-07-13T07:44:59.516Z,1,6,false
2019-07-13T07:45:07.958Z,1,7,false
2019-07-13T07:45:17.542Z,1,8,false
2019-07-13T07:45:27.437Z,1,9,false
2019-07-13T07:46:07.254Z,1,1,false
2019-07-13T07:46:17.294Z,1,2,false
2019-07-13T07:46:26.017Z,1,3,false
2019-07-13T07:46:35.953Z,1,4,false
2019-07-13T07:46:45.575Z,1,5,false
2019-07-13T07:46:55.103Z,1,6,false
2019-07-13T07:47:03.830Z,1,7,false
2019-07-13T07:47:14.076Z,1,8,false
2019-07-13T07:47:24.088Z,1,9,false
2019-07-13T07:48:04.047Z,1,1,false
2019-07-13T07:48:14.039Z,1,2,false
2019-07-13T07:48:23.589Z,1,3,false
2019-07-13T07:48:33.757Z,1,4,false
2019-07-13T07:48:44.155Z,1,5,false
2019-07-13T07:48:54.817Z,1,6,false
2019-07-13T07:49:03.430Z,1,7,false
2019-07-13T07:49:13.006Z,1,8,false
2019-07-13T07:49:23.153Z,1,9,false
2019-07-13T07:50:03.257Z,1,1,false
2019-07-13T07:50:13.618Z,1,2,false
2019-07-13T07:50:23.697Z,1,3,false
2019-07-13T07:50:33.848Z,1,4,false
2019-07-13T07:50:44.318Z,1,5,false
2019-07-13T07:50:54.077Z,1,6,false
2019-07-13T07:51:03.982Z,1,7,false
2019-07-13T07:51:13.584Z,1,8,false
2019-07-13T07:51:23.783Z,1,9,false
2019-07-13T07:52:03.987Z,1,1,false
2019-07-13T07:52:14.376Z,1,2,false
2019-07-13T07:52:24.505Z,1,3,false
2019-07-13T07:52:35.038Z,1,4,false
2019-07-13T07:52:46.179Z,1,5,false
2019-07-13T07:52:56.294Z,1,6,false
2019-07-13T07:53:06.921Z,1,7,false
2019-07-13T07:53:16.872Z,1,8,false
2019-07-13T07:53:26.293Z,1,9,false
2019-07-13T07:54:06.164Z,1,1,false
2019-07-13T07:54:16.418Z,1,2,false
2019-07-13T07:54:26.475Z,1,3,false
2019-07-13T07:54:36.370Z,1,4,false
2019-07-13T07:54:47.410Z,1,5,false
2019-07-13T07:54:57.757Z,1,6,false
2019-07-13T07:55:08.253Z,1,7,false
2019-07-13T07:55:18.135Z,1,8,false
2019-07-13T07:55:28.137Z,1,9,false
2019-07-13T07:56:06.767Z,1,1,false
2019-07-13T07:56:15.685Z,1,2,false
2019-07-13T07:56:25.370Z,1,3,false
2019-07-13T07:56:35.324Z,1,4,false
2019-07-13T07:56:45.256Z,1,5,false
2019-07-13T07:56:55.040Z,1,6,false
2019-07-13T07:57:05.697Z,1,7,false
2019-07-13T07:57:15.386Z,1,8,false
2019-07-13T07:57:24.757Z,1,9,false
2019-07-13T07:58:03.307Z,1,1,false
2019-07-13T07:58:13.623Z,1,2,false
2019-07-13T07:58:23.284Z,1,3,false
2019-07-13T07:58:33.165Z,1,4,false
2019-07-13T07:58:43.591Z,1,5,false
2019-07-13T07:58:54.011Z,1,6,false
2019-07-13T07:59:03.934Z,1,7,false
2019-07-13T07:59:13.891Z,1,8,false
2019-07-13T07:59:23.295Z,1,9,false
2019-07-13T08:00:03.167Z,1,1,false
2019-07-13T08:00:12.718Z,1,2,false
2019-07-13T08:00:22.065Z,1,3,false
2019-07-13T08:00:32.144Z,1,4,false
2019-07-13T08:00:41.925Z,1,5,false
2019-07-13T08:00:52.589Z,1,6,false
2019-07-13T08:01:03.080Z,1,7,false
2019-07-13T08:01:12.759Z,1,8,false
2019-07-13T08:01:23.119Z,1,9,false
2019-07-13T08:02:03.887Z,1,1,false
2019-07-13T08:02:13.413Z,1,2,false
2019-07-13T08:02:23.621Z,1,3,false
2019-07-13T08:02:33.744Z,1,4,false
2019-07-13T08:02:44.609Z,1,5,false
2019-07-13T08:02:55.193Z,1,6,false
2019-07-13T08:03:05.526Z,1,7,false
2019-07-13T08:03:15.327Z,1,8,false
2019-07-13T08:03:25.868Z,1,9,false
2019-07-13T08:04:06.095Z,1,1,false
2019-07-13T08:04:15.254Z,1,2,false
2019-07-13T08:04:25.178Z,1,3,false
2019-07-13T08:04:35.898Z,1,4,false
2019-07-13T08:04:45.126Z,1,5,false
2019-07-13T08:04:55.483Z,1,6,false
2019-07-13T08:05:05.852Z,1,7,false
2019-07-13T08:05:15.228Z,1,8,false
2019-07-13T08:05:25.804Z,1,9,false
2019-07-13T08:06:05.526Z,1,1,false
2019-07-13T08:06:14.848Z,1,2,false
2019-07-13T08:06:24.171Z,1,3,false
2019-07-13T08:06:34.402Z,1,4,false
2019-07-13T08:06:44.017Z,1,5,false
2019-07-13T08:06:53.760Z,1,6,false
2019-07-13T08:07:03.069Z,1,7,false
2019-07-13T08:07:12.675Z,1,8,false
2019-07-13T08:07:23.082Z,1,9,false
2019-07-13T08:08:03.186Z,1,1,false
2019-07-13T08:08:12.739Z,1,2,false
2019-07-13T08:08:22.008Z,1,3,false
2019-07-13T08:08:32.464Z,1,4,false
2019-07-13T08:08:43.176Z,1,5,false
2019-07-13T08:08:53.434Z,1,6,false
2019-07-13T08:09:03.360Z,1,7,false
2019-07-13T08:09:12.922Z,1,8,false
2019-07-13T08:09:23.326Z,1,9,false
2019-07-13T08:10:03.177Z,1,1,false
2019-07-13T08:10:12.288Z,1,2,false
2019-07-13T08:10:21.686Z,1,3,false
2019-07-13T08:10:32.467Z,1,4,false
2019-07-13T08:10:42.912Z,1,5,false
2019-07-13T08:10:52.828Z,1,6,false
2019-07-13T08:11:03.117Z,1,7,false
2019-07-13T08:11:13.110Z,1,8,false
2019-07-13T08:11:23.201Z,1,9,false
2019-07-13T08:12:03.461Z,1,1,false
2019-07-13T08:12:13.504Z,1,2,false
2019-07-13T08:12:22.101Z,1,3,false
2019-07-13T08:12:32.159Z,1,4,false
2019-07-13T08:12:42.858Z,1,5,false
2019-07-13T08:12:52.432Z,1,6,false
2019-07-13T08:13:02.842Z,1,7,false
2019-07-13T08:13:11.448Z,1,8,false
2019-07-13T08:13:21.700Z,1,9,false
2019-07-13T08:14:01.655Z,1,1,false
2019-07-13T08:14:10.707Z,1,2,false
2019-07-13T08:14:20.086Z,1,3,false
2019-07-13T08:14:30.243Z,1,4,false
2019-07-13T08:14:40.931Z,1,5,false
2019-07-13T08:14:50.463Z,1,6,false
2019-07-13T08:15:01.312Z,1,7,false
2019-07-13T08:15:09.644Z,1,8,false
2019-07-13T08:15:20.222Z,1,9,false
2019-07-13T08:15:59.835Z,1,1,false
2019-07-13T08:16:08.544Z,1,2,false
2019-07-13T08:16:17.422Z,1,3,false
2019-07-13T08:16:27.592Z,1,4,false
2019-07-13T08:16:36.718Z,1,5,false
2019-07-13T08:16:46.926Z,1,6,false
2019-07-13T08:16:57.439Z,1,7,false
2019-07-13T08:17:07.235Z,1,8,false
2019-07-13T08:17:17.441Z,1,9,false
2019-07-13T08:17:55.826Z,1,1,false
2019-07-13T08:18:04.852Z,1,2,false
2019-07-13T08:18:13.502Z,1,3,false
2019-07-13T08:18:23.633Z,1,4,false
2019-07-13T08:18:34.337Z,1,5,false
2019-07-13T08:18:44.579Z,1,6,false
2019-07-13T08:18:54.613Z,1,7,false
2019-07-13T08:19:04.777Z,1,8,false
2019-07-13T08:19:14.250Z,1,9,false
2019-07-13T08:19:53.434Z,1,1,false
2019-07-13T08:20:03.739Z,1,2,false
2019-07-13T08:20:12.038Z,1,3,false
2019-07-13T08:20:22.191Z,1,4,false
2019-07-13T08:20:32.594Z,1,5,false
2019-07-13T08:20:43.071Z,1,6,false
2019-07-13T08:20:52.744Z,1,7,false
2019-07-13T08:21:01.797Z,1,8,false
2019-07-13T08:21:12.261Z,1,9,false
2019-07-13T08:21:51.822Z,1,1,false
2019-07-13T08:22:01.576Z,1,2,false
2019-07-13T08:22:11.080Z,1,3,false
2019-07-13T08:22:19.620Z,1,4,false
2019-07-13T08:22:30.029Z,1,5,false
2019-07-13T08:22:39.298Z,1,6,false
2019-07-13T08:22:49.176Z,1,7,false
2019-07-13T08:22:58.707Z,1,8,false
2019-07-13T08:23:09.048Z,1,9,false
2019-07-13T08:23:49.399Z,1,1,false
2019-07-13T08:23:59.028Z,1,2,false
2019-07-13T08:24:08.323Z,1,3,false
2019-07-13T08:24:19.322Z,1,4,false
2019-07-13T08:24:30.544Z,1,5,false
2019-07-13T08:24:40.335Z,1,6,false
2019-07-13T08:24:51.267Z,1,7,false
2019-07-13T08:25:01.655Z,1,8,false
2019-07-13T08:25:12.421Z,1,9,false
2019-07-13T08:25:53.130Z,1,1,false
2019-07-13T08:26:02.195Z,1,2,false
2019-07-13T08:26:11.569Z,1,3,false
2019-07-13T08:26:22.226Z,1,4,false
2019-07-13T08:26:33.280Z,1,5,false
2019-07-13T08:26:43.550Z,1,6,false
2019-07-13T08:26:54.343Z,1,7,false
2019-07-13T08:27:03.912Z,1,8,false
2019-07-13T08:27:14.318Z,1,9,false
2019-07-13T08:27:54.572Z,1,1,false
2019-07-13T08:28:04.629Z,1,2,false
2019-07-13T08:28:13.935Z,1,3,false
2019-07-13T08:28:24.524Z,1,4,false
2019-07-13T08:28:35.270Z,1,5,false
2019-07-13T08:28:45.637Z,1,6,false
2019-07-13T08:28:54.565Z,1,7,false
2019-07-13T08:29:04.090Z,1,8,false
2019-07-13T08:29:13.966Z,1,9,false
2019-07-13T08:29:54.145Z,1,1,false
2019-07-13T08:30:04.234Z,1,2,false
2019-07-13T08:30:14.259Z,1,3,false
2019-07-13T08:30:25.056Z,1,4,false
2019-07-13T08:30:35.818Z,1,5,false
2019-07-13T08:30:46.242Z,1,6,false
2019-07-13T08:30:56.891Z,1,7,false
2019-07-13T08:31:06.819Z,1,8,false
2019-07-13T08:31:16.409Z,1,9,false
2019-07-13T08:31:55.946Z,1,1,false
2019-07-13T08:32:06.110Z,1,2,false
2019-07-13T08:32:16.008Z,1,3,false
2019-07-13T08:32:25.633Z,1,4,false
2019-07-13T08:32:36.098Z,1,5,false
2019-07-13T08:32:45.779Z,1,6,false
2019-07-13T08:32:55.976Z,1,7,false
2019-07-13T08:33:05.556Z,1,8,false
2019-07-13T08:33:16.141Z,1,9,false
2019-07-13T08:33:56.307Z,1,1,false
2019-07-13T08:34:05.826Z,1,2,false
2019-07-13T08:34:15.091Z,1,3,false
2019-07-13T08:34:24.742Z,1,4,false
2019-07-13T08:34:33.421Z,1,5,false
2019-07-13T08:34:43.910Z,1,6,false
2019-07-13T08:34:53.320Z,1,7,false
2019-07-13T08:35:03.573Z,1,8,false
2019-07-13T08:35:14.143Z,1,9,false
2019-07-13T08:35:54.122Z,1,1,false
2019-07-13T08:36:02.008Z,1,2,false
2019-07-13T08:36:11.997Z,1,3,false
2019-07-13T08:36:20.756Z,1,4,false
2019-07-13T08:36:31.172Z,1,5,false
2019-07-13T08:36:41.416Z,1,6,false
2019-07-13T08:36:51.921Z,1,7,false
2019-07-13T08:37:02.312Z,1,8,false
2019-07-13T08:37:12.768Z,1,9,false
2019-07-13T08:37:53.297Z,1,1,false
2019-07-13T08:38:02.856Z,1,2,false
2019-07-13T08:38:11.647Z,1,3,false
2019-07-13T08:38:22.502Z,1,4,false
2019-07-13T08:38:32.751Z,1,5,false
2019-07-13T08:38:42.690Z,1,6,false
2019-07-13T08:38:52.675Z,1,7,false
2019-07-13T08:39:02.030Z,1,8,false
2019-07-13T08:39:11.877Z,1,9,false
2019-07-13T08:39:50.277Z,1,1,false
2019-07-13T08:40:00.440Z,1,2,false
2019-07-13T08:40:10.105Z,1,3,false
2019-07-13T08:40:20.264Z,1,4,false
2019-07-13T08:40:30.202Z,1,5,false
2019-07-13T08:40:40.132Z,1,6,false
2019-07-13T08:40:49.964Z,1,7,false
2019-07-13T08:40:59.760Z,1,8,false
2019-07-13T08:41:09.502Z,1,9,false
2019-07-13T08:41:49.668Z,1,1,false
2019-07-13T08:41:59.785Z,1,2,false
2019-07-13T08:42:09.735Z,1,3,false
2019-07-13T08:42:20.679Z,1,4,false
2019-07-13T08:42:30.828Z,1,5,false
2019-07-13T08:42:41.605Z,1,6,false
2019-07-13T08:42:52.296Z,1,7,false
2019-07-13T08:43:01.867Z,1,8,false
2019-07-13T08:43:12.565Z,1,9,false
2019-07-13T08:43:52.273Z,1,1,false
2019-07-13T08:44:01.885Z,1,2,false
2019-07-13T08:44:12.110Z,1,3,false
2019-07-13T08:44:22.946Z,1,4,false
2019-07-13T08:44:33.366Z,1,5,false
2019-07-13T08:44:43.518Z,1,6,false
2019-07-13T08:44:53.943Z,1,7,false
2019-07-13T08:45:04.126Z,1,8,false
2019-07-13T08:45:14.454Z,1,9,false
2019-07-13T08:45:54.625Z,1,1,false
2019-07-13T08:46:04.300Z,1,2,false
2019-07-13T08:46:14.374Z,1,3,false
2019-07-13T08:46:23.479Z,1,4,false
2019-07-13T08:46:34.177Z,1,5,false
2019-07-13T08:46:43.187Z,1,6,false
2019-07-13T08:46:53.142Z,1,7,false
2019-07-13T08:47:03.387Z,1,8,false
2019-07-13T08:47:13.753Z,1,9,false
2019-07-13T08:47:52.101Z,1,1,false
2019-07-13T08:48:01.004Z,1,2,false
2019-07-13T08:48:10.093Z,1,3,false
2019-07-13T08:48:20.219Z,1,4,false
2019-07-13T08:48:30.527Z,1,5,false
2019-07-13T08:48:40.287Z,1,6,false
2019-07-13T08:48:49.640Z,1,7,false
2019-07-13T08:48:59.190Z,1,8,false
2019-07-13T08:49:09.469Z,1,9,false
2019-07-13T08:49:49.535Z,1,1,false
2019-07-13T08:49:59.647Z,1,2,false
2019-07-13T08:50:09.841Z,1,3,false
2019-07-13T08:50:20.374Z,1,4,false
2019-07-13T08:50:31.568Z,1,5,false
2019-07-13T08:50:42.147Z,1,6,false
2019-07-13T08:50:52.353Z,1,7,false
2019-07-13T08:51:01.871Z,1,8,false
2019-07-13T08:51:12.192Z,1,9,false
2019-07-13T08:51:52.031Z,1,1,false
2019-07-13T08:52:01.617Z,1,2,false
2019-07-13T08:52:11.357Z,1,3,false
2019-07-13T08:52:22.232Z,1,4,false
2019-07-13T08:52:32.911Z,1,5,false
2019-07-13T08:52:42.644Z,1,6,false
2019-07-13T08:52:53.438Z,1,7,false
2019-07-13T08:53:03.859Z,1,8,false
2019-07-13T08:53:14.191Z,1,9,false
2019-07-13T08:53:54.836Z,1,1,false
2019-07-13T08:54:04.009Z,1,2,false
2019-07-13T08:54:13.148Z,1,3,false
2019-07-13T08:54:23.765Z,1,4,false
2019-07-13T08:54:34.097Z,1,5,false
2019-07-13T08:54:44.712Z,1,6,false
2019-07-13T08:54:55.073Z,1,7,false
2019-07-13T08:55:05.457Z,1,8,false
2019-07-13T08:55:15.614Z,1,9,false
2019-07-13T08:55:55.876Z,1,1,false
2019-07-13T08:56:06.322Z,1,2,false
2019-07-13T08:56:16.576Z,1,3,false
2019-07-13T08:56:27.450Z,1,4,false
2019-07-13T08:56:38.143Z,1,5,false
2019-07-13T08:56:47.924Z,1,6,false
2019-07-13T08:56:56.596Z,1,7,false
2019-07-13T08:57:06.336Z,1,8,false
2019-07-13T08:57:16.278Z,1,9,false
2019-07-13T08:57:55.979Z,1,1,false
2019-07-13T08:58:06.412Z,1,2,false
2019-07-13T08:58:15.554Z,1,3,false
2019-07-13T08:58:24.902Z,1,4,false
2019-07-13T08:58:35.256Z,1,5,false
2019-07-13T08:58:45.286Z,1,6,false
2019-07-13T08:58:55.554Z,1,7,false
2019-07-13T08:59:05.442Z,1,8,false
2019-07-13T08:59:15.526Z,1,9,false
2019-07-13T08:59:55.696Z,1,1,false
2019-07-13T09:00:05.899Z,1,2,false
2019-07-13T09:00:15.203Z,1,3,false
2019-07-13T09:00:25.047Z,1,4,false
2019-07-13T09:00:34.741Z,1,5,false
2019-07-13T09:00:44.536Z,1,6,false
2019-07-13T09:00:54.817Z,1,7,false
2019-07-13T09:01:04.539Z,1,8,false
2019-07-13T09:01:13.962Z,1,9,false
2019-07-13T09:01:53.853Z,1,1,false
2019-07-13T09:02:03.785Z,1,2,false
2019-07-13T09:02:13.805Z,1,3,false
2019-07-13T09:02:23.932Z,1,4,false
2019-07-13T09:02:34.033Z,1,5,false
2019-07-13T09:02:42.735Z,1,6,false
2019-07-13T09:02:52.969Z,1,7,false
2019-07-13T09:03:02.618Z,1,8,false
2019-07-13T09:03:12.909Z,1,9,false
2019-07-13T09:03:53.662Z,1,1,false
2019-07-13T09:04:03.255Z,1,2,false
2019-07-13T09:04:12.664Z,1,3,false
2019-07-13T09:04:22.818Z,1,4,false
2019-07-13T09:04:33.755Z,1,5,false
2019-07-13T09:04:44.227Z,1,6,false
2019-07-13T09:04:54.765Z,1,7,false
2019-07-13T09:05:04.543Z,1,8,false
2019-07-13T09:05:14.807Z,1,9,false
2019-07-13T09:05:54.530Z,1,1,false
2019-07-13T09:06:04.555Z,1,2,false
2019-07-13T09:06:14.045Z,1,3,false
2019-07-13T09:06:24.334Z,1,4,false
2019-07-13T09:06:35.029Z,1,5,false
2019-07-13T09:06:44.965Z,1,6,false
2019-07-13T09:06:55.371Z,1,7,false
2019-07-13T09:07:05.651Z,1,8,false
2019-07-13T09:07:15.479Z,1,9,false
2019-07-13T09:07:55.865Z,1,1,false
2019-07-13T09:08:06.305Z,1,2,false
2019-07-13T09:08:16.078Z,1,3,false
2019-07-13T09:08:26.171Z,1,4,false
2019-07-13T09:08:36.936Z,1,5,false
2019-07-13T09:08:47.637Z,1,6,false
2019-07-13T09:08:57.892Z,1,7,false
2019-07-13T09:09:07.932Z,1,8,false
2019-07-13T09:09:18.402Z,1,9,false
2019-07-13T09:09:58.608Z,1,1,false
2019-07-13T09:10:08.432Z,1,2,false
2019-07-13T09:10:16.618Z,1,3,false
2019-07-13T09:10:27.230Z,1,4,false
2019-07-13T09:10:37.852Z,1,5,false
2019-07-13T09:10:48.451Z,1,6,false
2019-07-13T09:10:59.001Z,1,7,false
2019-07-13T09:11:08.324Z,1,8,false
2019-07-13T09:11:18.305Z,1,9,false
2019-07-13T09:11:56.770Z,1,1,false
2019-07-13T09:12:06.390Z,1,2,false
2019-07-13T09:12:15.785Z,1,3,false
2019-07-13T09:12:24.943Z,1,4,false
2019-07-13T09:12:35.266Z,1,5,false
2019-07-13T09:12:45.579Z,1,6,false
2019-07-13T09:12:55.714Z,1,7,false
2019-07-13T09:13:05.476Z,1,8,false
2019-07-13T09:13:15.577Z,1,9,false
2019-07-13T09:13:54.082Z,1,1,false
2019-07-13T09:14:03.693Z,1,2,false
2019-07-13T09:14:12.771Z,1,3,false
2019-07-13T09:14:23.573Z,1,4,false
2019-07-13T09:14:33.831Z,1,5,false
2019-07-13T09:14:43.785Z,1,6,false
2019-07-13T09:14:53.274Z,1,7,false
2019-07-13T09:15:03.220Z,1,8,false
2019-07-13T09:15:13.061Z,1,9,false
2019-07-13T09:15:52.640Z,1,1,false
2019-07-13T09:16:02.200Z,1,2,false
2019-07-13T09:16:11.495Z,1,3,false
2019-07-13T09:16:22.068Z,1,4,false
2019-07-13T09:16:32.422Z,1,5,false
2019-07-13T09:16:42.793Z,1,6,false
2019-07-13T09:16:53.044Z,1,7,false
2019-07-13T09:17:03.284Z,1,8,false
2019-07-13T09:17:12.483Z,1,9,false
2019-07-13T09:17:52.386Z,1,1,false
2019-07-13T09:18:00.963Z,1,2,false
2019-07-13T09:18:09.872Z,1,3,false
2019-07-13T09:18:19.964Z,1,4,false
2019-07-13T09:18:29.313Z,1,5,false
2019-07-13T09:18:39.332Z,1,6,false
2019-07-13T09:18:49.914Z,1,7,false
2019-07-13T09:19:00.122Z,1,8,false
2019-07-13T09:19:09.996Z,1,9,false
2019-07-13T09:19:50.021Z,1,1,false
2019-07-13T09:20:00.004Z,1,2,false
2019-07-13T09:20:09.665Z,1,3,false
2019-07-13T09:20:20.427Z,1,4,false
2019-07-13T09:20:31.048Z,1,5,false
2019-07-13T09:20:41.207Z,1,6,false
2019-07-13T09:20:51.156Z,1,7,false
2019-07-13T09:21:00.842Z,1,8,false
2019-07-13T09:21:10.228Z,1,9,false
2019-07-13T09:21:50.411Z,1,1,false
2019-07-13T09:22:00.560Z,1,2,false
2019-07-13T09:22:10.185Z,1,3,false
2019-07-13T09:22:20.329Z,1,4,false
2019-07-13T09:22:29.469Z,1,5,false
2019-07-13T09:22:39.633Z,1,6,false
2019-07-13T09:22:49.189Z,1,7,false
2019-07-13T09:22:59.378Z,1,8,false
2019-07-13T09:23:09.278Z,1,9,false
2019-07-13T09:23:49.205Z,1,1,false
2019-07-13T09:23:58.379Z,1,2,false
2019-07-13T09:24:06.448Z,1,3,false
2019-07-13T09:24:17.198Z,1,4,false
2019-07-13T09:24:26.488Z,1,5,false
2019-07-13T09:24:36.748Z,1,6,false
2019-07-13T09:24:47.073Z,1,7,false
2019-07-13T09:24:57.229Z,1,8,false
2019-07-13T09:25:07.807Z,1,9,false
2019-07-13T09:25:46.292Z,1,1,false
2019-07-13T09:25:55.532Z,1,2,false
2019-07-13T09:26:05.002Z,1,3,false
2019-07-13T09:26:13.929Z,1,4,false
2019-07-13T09:26:24.289Z,1,5,false
2019-07-13T09:26:34.473Z,1,6,false
2019-07-13T09:26:44.969Z,1,7,false
2019-07-13T09:26:55.058Z,1,8,false
2019-07-13T09:27:05.683Z,1,9,false
2019-07-13T09:27:46.098Z,1,1,false
2019-07-13T09:27:56.584Z,1,2,false
2019-07-13T09:28:05.933Z,1,3,false
2019-07-13T09:28:16.846Z,1,4,false
2019-07-13T09:28:27.906Z,1,5,false
2019-07-13T09:28:38.590Z,1,6,false
2019-07-13T09:28:48.965Z,1,7,false
2019-07-13T09:28:58.639Z,1,8,false
2019-07-13T09:29:08.880Z,1,9,false
2019-07-13T09:29:49.105Z,1,1,false
2019-07-13T09:29:59.213Z,1,2,false
2019-07-13T09:30:09.034Z,1,3,false
2019-07-13T09:30:19.409Z,1,4,false
2019-07-13T09:30:29.736Z,1,5,false
2019-07-13T09:30:39.494Z,1,6,false
2019-07-13T09:30:49.338Z,1,7,false
2019-07-13T09:30:59.044Z,1,8,false
2019-07-13T09:31:09.264Z,1,9,false
2019-07-13T09:31:49.711Z,1,1,false
2019-07-13T09:32:00.139Z,1,2,false
2019-07-13T09:32:10.203Z,1,3,false
2019-07-13T09:32:20.299Z,1,4,false
2019-07-13T09:32:31.150Z,1,5,false
2019-07-13T09:32:41.707Z,1,6,false
2019-07-13T09:32:51.027Z,1,7,false
2019-07-13T09:33:00.273Z,1,8,false
2019-07-13T09:33:10.428Z,1,9,false
2019-07-13T09:33:50.785Z,1,1,false
2019-07-13T09:34:00.523Z,1,2,false
2019-07-13T09:34:10.193Z,1,3,false
2019-07-13T09:34:20.807Z,1,4,false
2019-07-13T09:34:31.426Z,1,5,false
2019-07-13T09:34:41.651Z,1,6,false
2019-07-13T09:34:51.666Z,1,7,false
2019-07-13T09:35:00.699Z,1,8,false
2019-07-13T09:35:10.998Z,1,9,false
2019-07-13T09:35:51.709Z,1,1,false
2019-07-13T09:36:02.069Z,1,2,false
2019-07-13T09:36:11.575Z,1,3,false
2019-07-13T09:36:21.897Z,1,4,false
2019-07-13T09:36:32.376Z,1,5,false
2019-07-13T09:36:42.426Z,1,6,false
2019-07-13T09:36:52.973Z,1,7,false
2019-07-13T09:37:03.115Z,1,8,false
2019-07-13T09:37:13.702Z,1,9,false
2019-07-13T09:37:53.669Z,1,1,false
2019-07-13T09:38:03.771Z,1,2,false
2019-07-13T09:38:13.771Z,1,3,false
2019-07-13T09:38:22.717Z,1,4,false
2019-07-13T09:38:32.994Z,1,5,false
2019-07-13T09:38:42.752Z,1,6,false
2019-07-13T09:38:53.485Z,1,7,false
2019-07-13T09:39:03.007Z,1,8,false
2019-07-13T09:39:13.058Z,1,9,false
2019-07-13T09:39:53.186Z,1,1,false
2019-07-13T09:40:01.438Z,1,2,false
2019-07-13T09:40:11.163Z,1,3,false
2019-07-13T09:40:21.487Z,1,4,false
2019-07-13T09:40:32.182Z,1,5,false
2019-07-13T09:40:42.430Z,1,6,false
2019-07-13T09:40:52.927Z,1,7,false
2019-07-13T09:41:02.720Z,1,8,false
2019-07-13T09:41:12.553Z,1,9,false
2019-07-13T09:41:52.751Z,1,1,false
2019-07-13T09:42:01.810Z,1,2,false
2019-07-13T09:42:11.761Z,1,3,false
2019-07-13T09:42:22.677Z,1,4,false
2019-07-13T09:42:33.781Z,1,5,false
2019-07-13T09:42:43.097Z,1,6,false
2019-07-13T09:42:53.087Z,1,7,false
2019-07-13T09:43:02.663Z,1,8,false
2019-07-13T09:43:13.029Z,1,9,false
2019-07-13T09:43:53.804Z,1,1,false
2019-07-13T09:44:04.039Z,1,2,false
2019-07-13T09:44:13.947Z,1,3,false
2019-07-13T09:44:24.417Z,1,4,false
2019-07-13T09:44:34.699Z,1,5,false
2019-07-13T09:44:44.512Z,1,6,false
2019-07-13T09:44:55.025Z,1,7,false
2019-07-13T09:45:04.650Z,1,8,false
2019-07-13T09:45:15.031Z,1,9,false
2019-07-13T09:45:55.515Z,1,1,false
2019-07-13T09:46:04.080Z,1,2,false
2019-07-13T09:46:14.096Z,1,3,false
2019-07-13T09:46:24.546Z,1,4,false
2019-07-13T09:46:36.122Z,1,5,false
2019-07-13T09:46:46.188Z,1,6,false
2019-07-13T09:46:56.841Z,1,7,false
2019-07-13T09:47:07.052Z,1,8,false
2019-07-13T09:47:15.884Z,1,9,false
2019-07-13T09:47:55.968Z,1,1,false
2019-07-13T09:48:06.056Z,1,2,false
2019-07-13T09:48:15.806Z,1,3,false
2019-07-13T09:48:25.242Z,1,4,false
2019-07-13T09:48:34.933Z,1,5,false
2019-07-13T09:48:45.018Z,1,6,false
2019-07-13T09:48:55.242Z,1,7,false
2019-07-13T09:49:04.850Z,1,8,false
2019-07-13T09:49:14.837Z,1,9,false
2019-07-13T09:49:54.128Z,1,1,false
2019-07-13T09:50:04.414Z,1,2,false
2019-07-13T09:50:13.772Z,1,3,false
2019-07-13T09:50:23.913Z,1,4,false
2019-07-13T09:50:34.631Z,1,5,false
2019-07-13T09:50:43.632Z,1,6,false
2019-07-13T09:50:53.795Z,1,7,false
2019-07-13T09:51:03.079Z,1,8,false
2019-07-13T09:51:11.660Z,1,9,false
2019-07-13T09:51:51.831Z,1,1,false
2019-07-13T09:52:01.322Z,1,2,false
2019-07-13T09:52:10.628Z,1,3,false
2019-07-13T09:52:19.190Z,1,4,false
2019-07-13T09:52:29.582Z,1,5,false
2019-07-13T09:52:39.870Z,1,6,false
2019-07-13T09:52:50.479Z,1,7,false
2019-07-13T09:53:00.037Z,1,8,false
2019-07-13T09:53:10.356Z,1,9,false
2019-07-13T09:53:51.059Z,1,1,false
2019-07-13T09:54:01.510Z,1,2,false
2019-07-13T09:54:11.099Z,1,3,false
2019-07-13T09:54:21.454Z,1,4,false
2019-07-13T09:54:31.859Z,1,5,false
2019-07-13T09:54:41.154Z,1,6,false
2019-07-13T09:54:51.823Z,1,7,false
2019-07-13T09:55:01.425Z,1,8,false
2019-07-13T09:55:11.781Z,1,9,false
2019-07-13T09:55:51.683Z,1,1,false
2019-07-13T09:56:01.830Z,1,2,false
2019-07-13T09:56:11.665Z,1,3,false
2019-07-13T09:56:22.107Z,1,4,false
2019-07-13T09:56:32.788Z,1,5,false
2019-07-13T09:56:43.470Z,1,6,false
2019-07-13T09:56:53.466Z,1,7,false
2019-07-13T09:57:02.953Z,1,8,false
2019-07-13T09:57:13.410Z,1,9,false
2019-07-13T09:57:54.111Z,1,1,false
2019-07-13T09:58:04.438Z,1,2,false
2019-07-13T09:58:14.452Z,1,3,false
2019-07-13T09:58:24.494Z,1,4,false
2019-07-13T09:58:34.520Z,1,5,false
2019-07-13T09:58:44.438Z,1,6,false
2019-07-13T09:58:53.325Z,1,7,false
2019-07-13T09:59:03.407Z,1,8,false
2019-07-13T09:59:13.711Z,1,9,false
2019-07-13T09:59:54.330Z,1,1,false
2019-07-13T10:00:04.770Z,1,2,false
2019-07-13T10:00:14.605Z,1,3,false
2019-07-13T10:00:25.073Z,1,4,false
2019-07-13T10:00:35.445Z,1,5,false
2019-07-13T10:00:44.280Z,1,6,false
2019-07-13T10:00:54.521Z,1,7,false
2019-07-13T10:01:04.375Z,1,8,false
2019-07-13T10:01:14.170Z,1,9,false
2019-07-13T10:01:53.985Z,1,1,false
2019-07-13T10:02:04.243Z,1,2,false
2019-07-13T10:02:14.296Z,1,3,false
2019-07-13T10:02:24.049Z,1,4,false
2019-07-13T10:02:34.899Z,1,5,false
2019-07-13T10:02:44.309Z,1,6,false
2019-07-13T10:02:54.901Z,1,7,false
2019-07-13T10:03:05.008Z,1,8,false
2019-07-13T10:03:14.969Z,1,9,false
2019-07-13T10:03:54.106Z,1,1,false
2019-07-13T10:04:03.115Z,1,2,false
2019-07-13T10:04:12.450Z,1,3,false
2019-07-13T10:04:21.715Z,1,4,false
2019-07-13T10:04:30.811Z,1,5,false
2019-07-13T10:04:39.465Z,1,6,false
2019-07-13T10:04:49.557Z,1,7,false
2019-07-13T10:04:57.807Z,1,8,false
2019-07-13T10:05:07.834Z,1,9,false
2019-07-13T10:05:48.041Z,1,1,false
2019-07-13T10:05:58.202Z,1,2,false
2019-07-13T10:06:08.267Z,1,3,false
2019-07-13T10:06:17.237Z,1,4,false
2019-07-13T10:06:27.601Z,1,5,false
2019-07-13T10:06:37.365Z,1,6,false
2019-07-13T10:06:47.739Z,1,7,false
2019-07-13T10:06:57.361Z,1,8,false
2019-07-13T10:07:07.507Z,1,9,false
2019-07-13T10:07:47.422Z,1,1,false
2019-07-13T10:07:57.715Z,1,2,false
2019-07-13T10:08:07.607Z,1,3,false
2019-07-13T10:08:17.788Z,1,4,false
2019-07-13T10:08:28.739Z,1,5,false
2019-07-13T10:08:38.285Z,1,6,false
2019-07-13T10:08:48.492Z,1,7,false
2019-07-13T10:08:58.132Z,1,8,false
2019-07-13T10:09:08.276Z,1,9,false
2019-07-13T10:09:48.578Z,1,1,false
2019-07-13T10:09:58.967Z,1,2,false
2019-07-13T10:10:08.756Z,1,3,false
2019-07-13T10:10:19.589Z,1,4,false
2019-07-13T10:10:29.178Z,1,5,false
2019-07-13T10:10:39.531Z,1,6,false
2019-07-13T10:10:49.864Z,1,7,false
2019-07-13T10:10:59.637Z,1,8,false
2019-07-13T10:11:09.531Z,1,9,false
2019-07-13T10:11:49.371Z,1,1,false
2019-07-13T10:11:59.749Z,1,2,false
2019-07-13T10:12:09.565Z,1,3,false
2019-07-13T10:12:20.104Z,1,4,false
2019-07-13T10:12:29.529Z,1,5,false
2019-07-13T10:12:39.099Z,1,6,false
2019-07-13T10:12:49.378Z,1,7,false
2019-07-13T10:12:58.612Z,1,8,false
2019-07-13T10:13:08.828Z,1,9,false
2019-07-13T10:13:48.990Z,1,1,false
2019-07-13T10:13:58.087Z,1,2,false
2019-07-13T10:14:07.492Z,1,3,false
2019-07-13T10:14:16.440Z,1,4,false
2019-07-13T10:14:27.167Z,1,5,false
2019-07-13T10:14:36.962Z,1,6,false
2019-07-13T10:14:47.839Z,1,7,false
2019-07-13T10:14:57.774Z,1,8,false
2019-07-13T10:15:07.754Z,1,9,false
2019-07-13T10:15:47.910Z,1,1,false
2019-07-13T10:15:56.851Z,1,2,false
2019-07-13T10:16:06.695Z,1,3,false
2019-07-13T10:16:16.015Z,1,4,false
2019-07-13T10:16:26.528Z,1,5,false
2019-07-13T10:16:36.301Z,1,6,false
2019-07-13T10:16:46.839Z,1,7,false
2019-07-13T10:16:55.815Z,1,8,false
2019-07-13T10:17:05.963Z,1,9,false
2019-07-13T10:17:44.003Z,1,1,false
2019-07-13T10:17:53.577Z,1,2,false
2019-07-13T10:18:01.818Z,1,3,false
2019-07-13T10:18:11.868Z,1,4,false
2019-07-13T10:18:21.115Z,1,5,false
2019-07-13T10:18:31.161Z,1,6,false
2019-07-13T10:18:41.193Z,1,7,false
2019-07-13T10:18:50.580Z,1,8,false
2019-07-13T10:18:59.772Z,1,9,false
2019-07-13T10:19:38.149Z,1,1,false
2019-07-13T10:19:48.494Z,1,2,false
2019-07-13T10:19:56.777Z,1,3,false
2019-07-13T10:20:05.972Z,1,4,false
2019-07-13T10:20:16.169Z,1,5,false
2019-07-13T10:20:24.983Z,1,6,false
2019-07-13T10:20:34.996Z,1,7,false
2019-07-13T10:20:44.533Z,1,8,false
2019-07-13T10:20:55.066Z,1,9,false
2019-07-13T10:21:35.379Z,1,1,false
2019-07-13T10:21:45.819Z,1,2,false
2019-07-13T10:21:55.620Z,1,3,false
2019-07-13T10:22:05.502Z,1,4,false
2019-07-13T10:22:16.426Z,1,5,false
2019-07-13T10:22:26.657Z,1,6,false
2019-07-13T10:22:37.056Z,1,7,false
2019-07-13T10:22:46.854Z,1,8,false
2019-07-13T10:22:57.135Z,1,9,false
2019-07-13T10:23:37.006Z,1,1,false
2019-07-13T10:23:46.837Z,1,2,false
2019-07-13T10:23:55.340Z,1,3,false
2019-07-13T10:24:04.841Z,1,4,false
2019-07-13T10:24:15.097Z,1,5,false
2019-07-13T10:24:24.677Z,1,6,false
2019-07-13T10:24:34.258Z,1,7,false
2019-07-13T10:24:44.224Z,1,8,false
2019-07-13T10:24:54.487Z,1,9,false
2019-07-13T10:25:34.787Z,1,1,false
2019-07-13T10:25:45.276Z,1,2,false
2019-07-13T10:25:55.251Z,1,3,false
2019-07-13T10:26:05.777Z,1,4,false
2019-07-13T10:26:16.838Z,1,5,false
2019-07-13T10:26:27.504Z,1,6,false
2019-07-13T10:26:38.078Z,1,7,false
2019-07-13T10:26:48.550Z,1,8,false
2019-07-13T10:26:59.270Z,1,9,false
2019-07-13T10:27:39.556Z,1,1,false
2019-07-13T10:27:50.137Z,1,2,false
2019-07-13T10:28:00.528Z,1,3,false
2019-07-13T10:28:11.463Z,1,4,false
2019-07-13T10:28:22.617Z,1,5,false
2019-07-13T10:28:33.333Z,1,6,false
2019-07-13T10:28:44.177Z,1,7,false
2019-07-13T10:28:54.669Z,1,8,false
2019-07-13T10:29:04.910Z,1,9,false
2019-07-13T10:29:45.377Z,1,1,false
2019-07-13T10:29:55.007Z,1,2,false
2019-07-13T10:30:05.007Z,1,3,false
2019-07-13T10:30:15.112Z,1,4,false
2019-07-13T10:30:25.034Z,1,5,false
2019-07-13T10:30:34.500Z,1,6,false
2019-07-13T10:30:44.574Z,1,7,false
2019-07-13T10:30:54.100Z,1,8,false
2019-07-13T10:31:04.045Z,1,9,false
2019-07-13T10:31:44.666Z,1,1,false
2019-07-13T10:31:54.504Z,1,2,false
2019-07-13T10:32:03.857Z,1,3,false
2019-07-13T10:32:13.937Z,1,4,false
2019-07-13T10:32:24.164Z,1,5,false
2019-07-13T10:32:34.211Z,1,6,false
2019-07-13T10:32:44.148Z,1,7,false
2019-07-13T10:32:53.215Z,1,8,false
2019-07-13T10:33:03.619Z,1,9,false
2019-07-13T10:33:44.225Z,1,1,false
2019-07-13T10:33:53.816Z,1,2,false
2019-07-13T10:34:03.167Z,1,3,false
2019-07-13T10:34:14.174Z,1,4,false
2019-07-13T10:34:24.880Z,1,5,false
2019-07-13T10:34:34.694Z,1,6,false
2019-07-13T10:34:45.523Z,1,7,false
2019-07-13T10:34:55.120Z,1,8,false
2019-07-13T10:35:05.340Z,1,9,false
2019-07-13T10:35:45.530Z,1,1,false
2019-07-13T10:35:55.024Z,1,2,false
2019-07-13T10:36:04.853Z,1,3,false
2019-07-13T10:36:15.374Z,1,4,false
2019-07-13T10:36:25.637Z,1,5,false
2019-07-13T10:36:36.135Z,1,6,false
2019-07-13T10:36:46.038Z,1,7,false
2019-07-13T10:36:55.586Z,1,8,false
2019-07-13T10:37:05.918Z,1,9,false
2019-07-13T10:37:46.439Z,1,1,false
2019-07-13T10:37:56.038Z,1,2,false
2019-07-13T10:38:05.408Z,1,3,false
2019-07-13T10:38:15.875Z,1,4,false
2019-07-13T10:38:26.431Z,1,5,false
2019-07-13T10:38:37.112Z,1,6,false
2019-07-13T10:38:47.535Z,1,7,false
2019-07-13T10:38:57.158Z,1,8,false
2019-07-13T10:39:06.885Z,1,9,false
2019-07-13T10:39:46.874Z,1,1,false
2019-07-13T10:39:56.674Z,1,2,false
2019-07-13T10:40:05.993Z,1,3,false
2019-07-13T10:40:16.073Z,1,4,false
2019-07-13T10:40:24.779Z,1,5,false
2019-07-13T10:40:34.843Z,1,6,false
2019-07-13T10:40:43.548Z,1,7,false
2019-07-13T10:40:53.316Z,1,8,false
2019-07-13T10:41:03.253Z,1,9,false
2019-07-13T10:41:43.506Z,1,1,false
2019-07-13T10:41:53.139Z,1,2,false
2019-07-13T10:42:03.128Z,1,3,false
2019-07-13T10:42:13.174Z,1,4,false
2019-07-13T10:42:23.702Z,1,5,false
2019-07-13T10:42:33.748Z,1,6,false
2019-07-13T10:42:44.213Z,1,7,false
2019-07-13T10:42:54.669Z,1,8,false
2019-07-13T10:43:04.972Z,1,9,false
2019-07-13T10:43:45.749Z,1,1,false
2019-07-13T10:43:55.327Z,1,2,false
2019-07-13T10:44:05.020Z,1,3,false
2019-07-13T10:44:15.578Z,1,4,false
2019-07-13T10:44:24.133Z,1,5,false
2019-07-13T10:44:34.679Z,1,6,false
2019-07-13T10:44:44.090Z,1,7,false
2019-07-13T10:44:53.587Z,1,8,false
2019-07-13T10:45:03.662Z,1,9,false
2019-07-13T10:45:43.547Z,1,1,false
2019-07-13T10:45:53.147Z,1,2,false
2019-07-13T10:46:02.541Z,1,3,false
2019-07-13T10:46:13.028Z,1,4,false
2019-07-13T10:46:23.869Z,1,5,false
2019-07-13T10:46:33.613Z,1,6,false
2019-07-13T10:46:44.575Z,1,7,false
2019-07-13T10:46:54.663Z,1,8,false
2019-07-13T10:47:04.699Z,1,9,false
2019-07-13T10:47:44.485Z,1,1,false
2019-07-13T10:47:53.991Z,1,2,false
2019-07-13T10:48:03.337Z,1,3,false
2019-07-13T10:48:13.506Z,1,4,false
2019-07-13T10:48:23.943Z,1,5,false
2019-07-13T10:48:33.779Z,1,6,false
2019-07-13T10:48:42.533Z,1,7,false
2019-07-13T10:48:52.775Z,1,8,false
2019-07-13T10:49:03.065Z,1,9,false
2019-07-13T10:49:42.896Z,1,1,false
2019-07-13T10:49:53.163Z,1,2,false
2019-07-13T10:50:02.856Z,1,3,false
2019-07-13T10:50:13.318Z,1,4,false
2019-07-13T10:50:23.479Z,1,5,false
2019-07-13T10:50:33.744Z,1,6,false
2019-07-13T10:50:44.239Z,1,7,false
2019-07-13T10:50:54.034Z,1,8,false
2019-07-13T10:51:04.130Z,1,9,false
2019-07-13T10:51:44.111Z,1,1,false
2019-07-13T10:51:53.491Z,1,2,false
2019-07-13T10:52:02.748Z,1,3,false
2019-07-13T10:52:12.896Z,1,4,false
2019-07-13T10:52:23.332Z,1,5,false
2019-07-13T10:52:33.172Z,1,6,false
2019-07-13T10:52:43.368Z,1,7,false
2019-07-13T10:52:53.263Z,1,8,false
2019-07-13T10:53:03.499Z,1,9,false
2019-07-13T10:53:43.636Z,1,1,false
2019-07-13T10:53:53.745Z,1,2,false
2019-07-13T10:54:03.753Z,1,3,false
2019-07-13T10:54:14.161Z,1,4,false
2019-07-13T10:54:24.551Z,1,5,false
2019-07-13T10:54:33.922Z,1,6,false
2019-07-13T10:54:44.019Z,1,7,false
2019-07-13T10:54:53.939Z,1,8,false
2019-07-13T10:55:04.417Z,1,9,false
2019-07-13T10:55:44.350Z,1,1,false
2019-07-13T10:55:53.421Z,1,2,false
2019-07-13T10:56:02.278Z,1,3,false
2019-07-13T10:56:12.555Z,1,4,false
2019-07-13T10:56:23.389Z,1,5,false
2019-07-13T10:56:33.161Z,1,6,false
2019-07-13T10:56:43.031Z,1,7,false
2019-07-13T10:56:53.337Z,1,8,false
2019-07-13T10:57:03.647Z,1,9,false
2019-07-13T10:57:44.341Z,1,1,false
2019-07-13T10:57:54.015Z,1,2,false
2019-07-13T10:58:04.110Z,1,3,false
2019-07-13T10:58:14.728Z,1,4,false
2019-07-13T10:58:25.153Z,1,5,false
2019-07-13T10:58:34.541Z,1,6,false
2019-07-13T10:58:44.979Z,1,7,false
2019-07-13T10:58:55.070Z,1,8,false
2019-07-13T10:59:05.366Z,1,9,false
2019-07-13T10:59:46.019Z,1,1,false
2019-07-13T10:59:56.151Z,1,2,false
2019-07-13T11:00:05.558Z,1,3,false
2019-07-13T11:00:16.194Z,1,4,false
2019-07-13T11:00:26.986Z,1,5,false
2019-07-13T11:00:37.476Z,1,6,false
2019-07-13T11:00:48.268Z,1,7,false
2019-07-13T11:00:58.359Z,1,8,false
2019-07-13T11:01:08.289Z,1,9,false
2019-07-13T11:01:48.526Z,1,1,false
2019-07-13T11:01:58.137Z,1,2,false
2019-07-13T11:02:07.468Z,1,3,false
2019-07-13T11:02:18.471Z,1,4,false
2019-07-13T11:02:29.581Z,1,5,false
2019-07-13T11:02:40.304Z,1,6,false
2019-07-13T11:02:51.197Z,1,7,false
2019-07-13T11:03:01.648Z,1,8,false
2019-07-13T11:03:12.459Z,1,9,false
2019-07-13T11:03:53.256Z,1,1,false
2019-07-13T11:04:03.339Z,1,2,false
2019-07-13T11:04:13.513Z,1,3,false
2019-07-13T11:04:23.676Z,1,4,false
2019-07-13T11:04:33.972Z,1,5,false
2019-07-13T11:04:44.612Z,1,6,false
2019-07-13T11:04:55.075Z,1,7,false
2019-07-13T11:05:05.002Z,1,8,false
2019-07-13T11:05:15.401Z,1,9,false
2019-07-13T11:05:55.589Z,1,1,false
2019-07-13T11:06:05.229Z,1,2,false
2019-07-13T11:06:14.538Z,1,3,false
2019-07-13T11:06:24.025Z,1,4,false
2019-07-13T11:06:34.981Z,1,5,false
2019-07-13T11:06:44.769Z,1,6,false
2019-07-13T11:06:53.534Z,1,7,false
2019-07-13T11:07:03.804Z,1,8,false
2019-07-13T11:07:14.380Z,1,9,false
2019-07-13T11:07:54.235Z,1,1,false
2019-07-13T11:08:04.036Z,1,2,false
2019-07-13T11:08:13.556Z,1,3,false
2019-07-13T11:08:24.391Z,1,4,false
2019-07-13T11:08:34.972Z,1,5,false
2019-07-13T11:08:44.700Z,1,6,false
2019-07-13T11:08:54.522Z,1,7,false
2019-07-13T11:09:04.886Z,1,8,false
2019-07-13T11:09:14.676Z,1,9,false
2019-07-13T11:09:54.886Z,1,1,false
2019-07-13T11:10:03.967Z,1,2,false
2019-07-13T11:10:13.935Z,1,3,false
2019-07-13T11:10:24.436Z,1,4,false
2019-07-13T11:10:34.762Z,1,5,false
2019-07-13T11:10:45.290Z,1,6,false
2019-07-13T11:10:55.584Z,1,7,false
2019-07-13T11:11:05.220Z,1,8,false
2019-07-13T11:11:15.108Z,1,9,false
2019-07-13T11:11:55.381Z,1,1,false
2019-07-13T11:12:05.896Z,1,2,false
2019-07-13T11:12:15.319Z,1,3,false
2019-07-13T11:12:26.261Z,1,4,false
2019-07-13T11:12:37.019Z,1,5,false
2019-07-13T11:12:45.708Z,1,6,false
2019-07-13T11:12:56.022Z,1,7,false
2019-07-13T11:13:05.805Z,1,8,false
2019-07-13T11:13:16.156Z,1,9,false
2019-07-13T11:13:55.653Z,1,1,false
2019-07-13T11:14:05.290Z,1,2,false
2019-07-13T11:14:13.749Z,1,3,false
2019-07-13T11:14:23.930Z,1,4,false
2019-07-13T11:14:33.659Z,1,5,false
2019-07-13T11:14:43.614Z,1,6,false
2019-07-13T11:14:53.767Z,1,7,false
2019-07-13T11:15:03.801Z,1,8,false
2019-07-13T11:15:13.700Z,1,9,false
2019-07-13T11:15:53.384Z,1,1,false
2019-07-13T11:16:03.477Z,1,2,false
2019-07-13T11:16:12.748Z,1,3,false
2019-07-13T11:16:23.547Z,1,4,false
2019-07-13T11:16:34.106Z,1,5,false
2019-07-13T11:16:44.659Z,1,6,false
2019-07-13T11:16:54.618Z,1,7,false
2019-07-13T11:17:04.217Z,1,8,false
2019-07-13T11:17:14.956Z,1,9,false
2019-07-13T11:17:55.665Z,1,1,false
2019-07-13T11:18:05.848Z,1,2,false
2019-07-13T11:18:15.993Z,1,3,false
2019-07-13T11:18:25.598Z,1,4,false
2019-07-13T11:18:36.483Z,1,5,false
2019-07-13T11:18:46.805Z,1,6,false
2019-07-13T11:18:56.937Z,1,7,false
2019-07-13T11:19:06.509Z,1,8,false
2019-07-13T11:19:16.864Z,1,9,false
2019-07-13T11:19:57.169Z,1,1,false
2019-07-13T11:20:07.205Z,1,2,false
2019-07-13T11:20:16.047Z,1,3,false
2019-07-13T11:20:27.201Z,1,4,false
2019-07-13T11:20:37.839Z,1,5,false
2019-07-13T11:20:47.300Z,1,6,false
2019-07-13T11:20:57.842Z,1,7,false
2019-07-13T11:21:07.303Z,1,8,false
2019-07-13T11:21:16.996Z,1,9,false
2019-07-13T11:21:55.538Z,1,1,false
2019-07-13T11:22:05.521Z,1,2,false
2019-07-13T11:22:14.892Z,1,3,false
2019-07-13T11:22:25.047Z,1,4,false
2019-07-13T11:22:35.799Z,1,5,false
2019-07-13T11:22:45.872Z,1,6,false
2019-07-13T11:22:55.545Z,1,7,false
2019-07-13T11:23:05.628Z,1,8,false
2019-07-13T11:23:15.506Z,1,9,false
2019-07-13T11:23:55.817Z,1,1,false
2019-07-13T11:24:05.785Z,1,2,false
2019-07-13T11:24:15.115Z,1,3,false
2019-07-13T11:24:24.109Z,1,4,false
2019-07-13T11:24:33.072Z,1,5,false
2019-07-13T11:24:43.658Z,1,6,false
2019-07-13T11:24:53.607Z,1,7,false
2019-07-13T11:25:02.983Z,1,8,false
2019-07-13T11:25:11.792Z,1,9,false
2019-07-13T11:25:51.638Z,1,1,false
2019-07-13T11:26:01.685Z,1,2,false
2019-07-13T11:26:11.255Z,1,3,false
2019-07-13T11:26:21.975Z,1,4,false
2019-07-13T11:26:31.575Z,1,5,false
2019-07-13T11:26:41.231Z,1,6,false
2019-07-13T11:26:50.198Z,1,7,false
2019-07-13T11:27:00.442Z,1,8,false
2019-07-13T11:27:10.766Z,1,9,false
2019-07-13T11:27:50.972Z,1,1,false
2019-07-13T11:28:01.118Z,1,2,false
2019-07-13T11:28:11.023Z,1,3,false
2019-07-13T11:28:21.391Z,1,4,false
2019-07-13T11:28:31.662Z,1,5,false
2019-07-13T11:28:41.339Z,1,6,false
2019-07-13T11:28:52.073Z,1,7,false
2019-07-13T11:29:02.062Z,1,8,false
2019-07-13T11:29:11.914Z,1,9,false
2019-07-13T11:29:51.816Z,1,1,false
2019-07-13T11:30:02.353Z,1,2,false
2019-07-13T11:30:12.224Z,1,3,false
2019-07-13T11:30:22.505Z,1,4,false
2019-07-13T11:30:33.114Z,1,5,false
2019-07-13T11:30:43.572Z,1,6,false
2019-07-13T11:30:54.307Z,1,7,false
2019-07-13T11:31:04.229Z,1,8,false
2019-07-13T11:31:13.097Z,1,9,false
2019-07-13T11:31:52.955Z,1,1,false
2019-07-13T11:32:02.841Z,1,2,false
2019-07-13T11:32:12.670Z,1,3,false
2019-07-13T11:32:22.951Z,1,4,false
2019-07-13T11:32:33.797Z,1,5,false
2019-07-13T11:32:43.058Z,1,6,false
2019-07-13T11:32:53.131Z,1,7,false
2019-07-13T11:33:03.118Z,1,8,false
2019-07-13T11:33:13.152Z,1,9,false
2019-07-13T11:33:53.338Z,1,1,false
2019-07-13T11:34:02.995Z,1,2,false
2019-07-13T11:34:12.454Z,1,3,false
2019-07-13T11:34:22.793Z,1,4,false
2019-07-13T11:34:33.110Z,1,5,false
2019-07-13T11:34:43.245Z,1,6,false
2019-07-13T11:34:53.328Z,1,7,false
2019-07-13T11:35:03.309Z,1,8,false
2019-07-13T11:35:13.573Z,1,9,false
2019-07-13T11:35:54.243Z,1,1,false
2019-07-13T11:36:04.402Z,1,2,false
2019-07-13T11:36:13.731Z,1,3,false
2019-07-13T11:36:24.020Z,1,4,false
2019-07-13T11:36:34.294Z,1,5,false
2019-07-13T11:36:44.537Z,1,6,false
2019-07-13T11:36:55.047Z,1,7,false
2019-07-13T11:37:05.472Z,1,8,false
2019-07-13T11:37:15.815Z,1,9,false
2019-07-13T11:37:55.614Z,1,1,false
2019-07-13T11:38:05.750Z,1,2,false
2019-07-13T11:38:15.083Z,1,3,false
2019-07-13T11:38:25.973Z,1,4,false
2019-07-13T11:38:36.613Z,1,5,false
2019-07-13T11:38:47.265Z,1,6,false
2019-07-13T11:38:57.737Z,1,7,false
2019-07-13T11:39:07.317Z,1,8,false
2019-07-13T11:39:17.089Z,1,9,false
2019-07-13T11:39:57.770Z,1,1,false
2019-07-13T11:40:07.577Z,1,2,false
2019-07-13T11:40:17.492Z,1,3,false
2019-07-13T11:40:28.465Z,1,4,false
2019-07-13T11:40:39.632Z,1,5,false
2019-07-13T11:40:49.840Z,1,6,false
2019-07-13T11:41:00.462Z,1,7,false
2019-07-13T11:41:10.878Z,1,8,false
2019-07-13T11:41:21.261Z,1,9,false
2019-07-13T11:42:01.693Z,1,1,false
2019-07-13T11:42:11.351Z,1,2,false
2019-07-13T11:42:21.457Z,1,3,false
2019-07-13T11:42:32.176Z,1,4,false
2019-07-13T11:42:42.536Z,1,5,false
2019-07-13T11:42:52.547Z,1,6,false
2019-07-13T11:43:02.899Z,1,7,false
2019-07-13T11:43:12.936Z,1,8,false
2019-07-13T11:43:23.111Z,1,9,false
2019-07-13T11:44:03.390Z,1,1,false
2019-07-13T11:44:13.004Z,1,2,false
2019-07-13T11:44:22.947Z,1,3,false
2019-07-13T11:44:33.528Z,1,4,false
2019-07-13T11:44:43.711Z,1,5,false
2019-07-13T11:44:54.465Z,1,6,false
2019-07-13T11:45:05.334Z,1,7,false
2019-07-13T11:45:15.584Z,1,8,false
2019-07-13T11:45:26.360Z,1,9,false
2019-07-13T11:46:07.080Z,1,1,false
2019-07-13T11:46:17.197Z,1,2,false
2019-07-13T11:46:27.408Z,1,3,false
2019-07-13T11:46:37.439Z,1,4,false
2019-07-13T11:46:48.506Z,1,5,false
2019-07-13T11:46:58.321Z,1,6,false
2019-07-13T11:47:08.369Z,1,7,false
2019-07-13T11:47:18.378Z,1,8,false
2019-07-13T11:47:28.387Z,1,9,false
2019-07-13T11:48:08.907Z,1,1,false
2019-07-13T11:48:18.682Z,1,2,false
2019-07-13T11:48:28.104Z,1,3,false
2019-07-13T11:48:36.768Z,1,4,false
2019-07-13T11:48:47.830Z,1,5,false
2019-07-13T11:48:57.614Z,1,6,false
2019-07-13T11:49:08.061Z,1,7,false
2019-07-13T11:49:17.597Z,1,8,false
2019-07-13T11:49:27.831Z,1,9,false
2019-07-13T11:50:08.089Z,1,1,false
2019-07-13T11:50:17.584Z,1,2,false
2019-07-13T11:50:26.660Z,1,3,false
2019-07-13T11:50:36.962Z,1,4,false
2019-07-13T11:50:48.174Z,1,5,false
2019-07-13T11:50:57.936Z,1,6,false
2019-07-13T11:51:08.470Z,1,7,false
2019-07-13T11:51:18.292Z,1,8,false
2019-07-13T11:51:28.801Z,1,9,false
2019-07-13T11:52:08.566Z,1,1,false
2019-07-13T11:52:18.591Z,1,2,false
2019-07-13T11:52:27.986Z,1,3,false
2019-07-13T11:52:38.305Z,1,4,false
2019-07-13T11:52:48.966Z,1,5,false
2019-07-13T11:52:59.074Z,1,6,false
2019-07-13T11:53:09.193Z,1,7,false
2019-07-13T11:53:17.653Z,1,8,false
2019-07-13T11:53:26.364Z,1,9,false
2019-07-13T11:54:06.544Z,1,1,false
2019-07-13T11:54:16.510Z,1,2,false
2019-07-13T11:54:25.757Z,1,3,false
2019-07-13T11:54:35.720Z,1,4,false
2019-07-13T11:54:46.773Z,1,5,false
2019-07-13T11:54:56.849Z,1,6,false
2019-07-13T11:55:06.849Z,1,7,false
2019-07-13T11:55:16.094Z,1,8,false
2019-07-13T11:55:25.905Z,1,9,false
2019-07-13T11:56:05.154Z,1,1,false
2019-07-13T11:56:13.137Z,1,2,false
2019-07-13T11:56:22.810Z,1,3,false
2019-07-13T11:56:33.157Z,1,4,false
2019-07-13T11:56:44.064Z,1,5,false
2019-07-13T11:56:54.381Z,1,6,false
2019-07-13T11:57:04.939Z,1,7,false
2019-07-13T11:57:14.751Z,1,8,false
2019-07-13T11:57:24.058Z,1,9,false
2019-07-13T11:58:03.960Z,1,1,false
2019-07-13T11:58:14.154Z,1,2,false
2019-07-13T11:58:23.724Z,1,3,false
2019-07-13T11:58:33.639Z,1,4,false
2019-07-13T11:58:42.296Z,1,5,false
2019-07-13T11:58:52.126Z,1,6,false
2019-07-13T11:59:02.637Z,1,7,false
2019-07-13T11:59:11.478Z,1,8,false
2019-07-13T11:59:21.673Z,1,9,false
2019-07-13T12:00:01.518Z,1,1,false
2019-07-13T12:00:09.901Z,1,2,false
2019-07-13T12:00:18.145Z,1,3,false
2019-07-13T12:00:27.388Z,1,4,false
2019-07-13T12:00:36.193Z,1,5,false
2019-07-13T12:00:45.947Z,1,6,false
2019-07-13T12:00:56.077Z,1,7,false
2019-07-13T12:01:05.611Z,1,8,false
2019-07-13T12:01:15.467Z,1,9,false
2019-07-13T12:01:55.388Z,1,1,false
2019-07-13T12:02:05.231Z,1,2,false
2019-07-13T12:02:14.547Z,1,3,false
2019-07-13T12:02:25.059Z,1,4,false
2019-07-13T12:02:34.130Z,1,5,false
2019-07-13T12:02:44.245Z,1,6,false
2019-07-13T12:02:54.551Z,1,7,false
2019-07-13T12:03:03.539Z,1,8,false
2019-07-13T12:03:13.830Z,1,9,false
2019-07-13T12:03:53.951Z,1,1,false
2019-07-13T12:04:03.579Z,1,2,false
2019-07-13T12:04:12.536Z,1,3,false
2019-07-13T12:04:23.447Z,1,4,false
2019-07-13T12:04:34.235Z,1,5,false
2019-07-13T12:04:44.162Z,1,6,false
2019-07-13T12:04:54.957Z,1,7,false
2019-07-13T12:05:03.954Z,1,8,false
2019-07-13T12:05:14.012Z,1,9,false
2019-07-13T12:05:54.524Z,1,1,false
2019-07-13T12:06:04.963Z,1,2,false
2019-07-13T12:06:15.069Z,1,3,false
2019-07-13T12:06:25.663Z,1,4,false
2019-07-13T12:06:36.692Z,1,5,false
2019-07-13T12:06:47.290Z,1,6,false
2019-07-13T12:06:58.043Z,1,7,false
2019-07-13T12:07:07.897Z,1,8,false
2019-07-13T12:07:17.946Z,1,9,false
2019-07-13T12:07:58.044Z,1,1,false
2019-07-13T12:08:08.424Z,1,2,false
2019-07-13T12:08:18.573Z,1,3,false
2019-07-13T12:08:28.504Z,1,4,false
2019-07-13T12:08:38.900Z,1,5,false
2019-07-13T12:08:49.278Z,1,6,false
2019-07-13T12:08:57.737Z,1,7,false
2019-07-13T12:09:07.706Z,1,8,false
2019-07-13T12:09:18.320Z,1,9,false
2019-07-13T12:09:58.176Z,1,1,false
2019-07-13T12:10:08.294Z,1,2,false
2019-07-13T12:10:17.716Z,1,3,false
2019-07-13T12:10:27.644Z,1,4,false
2019-07-13T12:10:37.937Z,1,5,false
2019-07-13T12:10:47.323Z,1,6,false
2019-07-13T12:10:56.677Z,1,7,false
2019-07-13T12:11:06.383Z,1,8,false
2019-07-13T12:11:16.756Z,1,9,false
2019-07-13T12:11:55.246Z,1,1,false
2019-07-13T12:12:05.085Z,1,2,false
2019-07-13T12:12:14.478Z,1,3,false
2019-07-13T12:12:23.479Z,1,4,false
2019-07-13T12:12:33.793Z,1,5,false
2019-07-13T12:12:43.541Z,1,6,false
2019-07-13T12:12:53.518Z,1,7,false
2019-07-13T12:13:03.055Z,1,8,false
2019-07-13T12:13:12.951Z,1,9,false
2019-07-13T12:13:52.856Z,1,1,false
2019-07-13T12:14:02.924Z,1,2,false
2019-07-13T12:14:12.323Z,1,3,false
2019-07-13T12:14:22.582Z,1,4,false
2019-07-13T12:14:33.381Z,1,5,false
2019-07-13T12:14:43.600Z,1,6,false
2019-07-13T12:14:53.327Z,1,7,false
2019-07-13T12:15:02.877Z,1,8,false
2019-07-13T12:15:13.507Z,1,9,false
2019-07-13T12:15:54.249Z,1,1,false
2019-07-13T12:16:04.615Z,1,2,false
2019-07-13T12:16:14.861Z,1,3,false
2019-07-13T12:16:24.988Z,1,4,false
2019-07-13T12:16:35.599Z,1,5,false
2019-07-13T12:16:46.228Z,1,6,false
2019-07-13T12:16:56.516Z,1,7,false
2019-07-13T12:17:06.103Z,1,8,false
2019-07-13T12:17:16.809Z,1,9,false
2019-07-13T12:17:56.916Z,1,1,false
2019-07-13T12:18:07.288Z,1,2,false
2019-07-13T12:18:17.267Z,1,3,false
2019-07-13T12:18:26.626Z,1,4,false
2019-07-13T12:18:37.113Z,1,5,false
2019-07-13T12:18:46.189Z,1,6,false
2019-07-13T12:18:56.641Z,1,7,false
2019-07-13T12:19:06.283Z,1,8,false
2019-07-13T12:19:15.741Z,1,9,false
2019-07-13T12:19:54.116Z,1,1,false
2019-07-13T12:20:02.462Z,1,2,false
2019-07-13T12:20:10.741Z,1,3,false
2019-07-13T12:20:21.107Z,1,4,false
2019-07-13T12:20:31.935Z,1,5,false
2019-07-13T12:20:41.615Z,1,6,false
2019-07-13T12:20:50.857Z,1,7,false
2019-07-13T12:20:59.269Z,1,8,false
2019-07-13T12:21:09.357Z,1,9,false
2019-07-13T12:21:49.338Z,1,1,false
2019-07-13T12:21:57.939Z,1,2,false
2019-07-13T12:22:07.886Z,1,3,false
2019-07-13T12:22:18.365Z,1,4,false
2019-07-13T12:22:28.424Z,1,5,false
2019-07-13T12:22:37.161Z,1,6,false
2019-07-13T12:22:47.256Z,1,7,false
2019-07-13T12:22:56.819Z,1,8,false
2019-07-13T12:23:06.675Z,1,9,false
2019-07-13T12:23:46.188Z,1,1,false
2019-07-13T12:23:56.510Z,1,2,false
2019-07-13T12:24:05.066Z,1,3,false
2019-07-13T12:24:15.182Z,1,4,false
2019-07-13T12:24:24.866Z,1,5,false
2019-07-13T12:24:34.257Z,1,6,false
2019-07-13T12:24:42.678Z,1,7,false
2019-07-13T12:24:52.902Z,1,8,false
2019-07-13T12:25:02.707Z,1,9,false
2019-07-13T12:25:41.096Z,1,1,false
2019-07-13T12:25:50.904Z,1,2,false
2019-07-13T12:26:00.795Z,1,3,false
2019-07-13T12:26:11.461Z,1,4,false
2019-07-13T12:26:22.441Z,1,5,false
2019-07-13T12:26:33.060Z,1,6,false
2019-07-13T12:26:43.617Z,1,7,false
2019-07-13T12:26:53.777Z,1,8,false
2019-07-13T12:27:02.701Z,1,9,false
2019-07-13T12:27:41.156Z,1,1,false
2019-07-13T12:27:50.094Z,1,2,false
2019-07-13T12:27:59.594Z,1,3,false
2019-07-13T12:28:09.823Z,1,4,false
2019-07-13T12:28:20.490Z,1,5,false
2019-07-13T12:28:30.355Z,1,6,false
2019-07-13T12:28:40.991Z,1,7,false
2019-07-13T12:28:49.910Z,1,8,false
2019-07-13T12:29:00.544Z,1,9,false
2019-07-13T12:29:40.819Z,1,1,false
2019-07-13T12:29:51.306Z,1,2,false
2019-07-13T12:30:00.478Z,1,3,false
2019-07-13T12:30:11.194Z,1,4,false
2019-07-13T12:30:20.197Z,1,5,false
2019-07-13T12:30:30.453Z,1,6,false
2019-07-13T12:30:39.818Z,1,7,false
2019-07-13T12:30:49.623Z,1,8,false
2019-07-13T12:30:59.746Z,1,9,false
2019-07-13T12:31:38.157Z,1,1,false
2019-07-13T12:31:47.959Z,1,2,false
2019-07-13T12:31:57.283Z,1,3,false
2019-07-13T12:32:07.399Z,1,4,false
2019-07-13T12:32:16.696Z,1,5,false
2019-07-13T12:32:25.785Z,1,6,false
2019-07-13T12:32:36.343Z,1,7,false
2019-07-13T12:32:46.693Z,1,8,false
2019-07-13T12:32:57.165Z,1,9,false
2019-07-13T12:33:35.301Z,1,1,false
2019-07-13T12:33:44.748Z,1,2,false
2019-07-13T12:33:54.085Z,1,3,false
2019-07-13T12:34:04.291Z,1,4,false
2019-07-13T12:34:13.672Z,1,5,false
2019-07-13T12:34:23.637Z,1,6,false
2019-07-13T12:34:32.630Z,1,7,false
2019-07-13T12:34:40.911Z,1,8,false
2019-07-13T12:34:50.929Z,1,9,false
2019-07-13T12:35:29.383Z,1,1,false
2019-07-13T12:35:39.552Z,1,2,false
2019-07-13T12:35:49.169Z,1,3,false
2019-07-13T12:35:58.167Z,1,4,false
2019-07-13T12:36:06.959Z,1,5,false
2019-07-13T12:36:16.766Z,1,6,false
2019-07-13T12:36:27.126Z,1,7,false
2019-07-13T12:36:35.825Z,1,8,false
2019-07-13T12:36:45.117Z,1,9,false
2019-07-13T12:37:25.321Z,1,1,false
2019-07-13T12:37:33.683Z,1,2,false
2019-07-13T12:37:43.339Z,1,3,false
2019-07-13T12:37:53.947Z,1,4,false
2019-07-13T12:38:04.589Z,1,5,false
2019-07-13T12:38:14.340Z,1,6,false
2019-07-13T12:38:24.359Z,1,7,false
2019-07-13T12:38:33.730Z,1,8,false
2019-07-13T12:38:44.049Z,1,9,false
2019-07-13T12:39:23.947Z,1,1,false
2019-07-13T12:39:34.331Z,1,2,false
2019-07-13T12:39:44.478Z,1,3,false
2019-07-13T12:39:54.973Z,1,4,false
2019-07-13T12:40:04.312Z,1,5,false
2019-07-13T12:40:14.898Z,1,6,false
2019-07-13T12:40:25.450Z,1,7,false
2019-07-13T12:40:35.221Z,1,8,false
2019-07-13T12:40:45.164Z,1,9,false
2019-07-13T12:41:25.344Z,1,1,false
2019-07-13T12:41:35.669Z,1,2,false
2019-07-13T12:41:45.660Z,1,3,false
2019-07-13T12:41:55.933Z,1,4,false
2019-07-13T12:42:06.253Z,1,5,false
2019-07-13T12:42:16.480Z,1,6,false
2019-07-13T12:42:26.285Z,1,7,false
2019-07-13T12:42:35.848Z,1,8,false
2019-07-13T12:42:46.173Z,1,9,false
2019-07-13T12:43:24.559Z,1,1,false
2019-07-13T12:43:34.067Z,1,2,false
2019-07-13T12:43:43.579Z,1,3,false
2019-07-13T12:43:53.819Z,1,4,false
2019-07-13T12:44:04.282Z,1,5,false
2019-07-13T12:44:13.082Z,1,6,false
2019-07-13T12:44:22.116Z,1,7,false
2019-07-13T12:44:32.011Z,1,8,false
2019-07-13T12:44:41.718Z,1,9,false
2019-07-13T12:45:22.196Z,1,1,false
2019-07-13T12:45:31.255Z,1,2,false
2019-07-13T12:45:40.679Z,1,3,false
2019-07-13T12:45:50.926Z,1,4,false
2019-07-13T12:46:01.570Z,1,5,false
2019-07-13T12:46:11.233Z,1,6,false
2019-07-13T12:46:22.107Z,1,7,false
2019-07-13T12:46:32.358Z,1,8,false
2019-07-13T12:46:43.108Z,1,9,false
2019-07-13T12:47:23.684Z,1,1,false
2019-07-13T12:47:34.057Z,1,2,false
2019-07-13T12:47:42.918Z,1,3,false
2019-07-13T12:47:53.037Z,1,4,false
2019-07-13T12:48:03.847Z,1,5,false
2019-07-13T12:48:13.635Z,1,6,false
2019-07-13T12:48:23.931Z,1,7,false
2019-07-13T12:48:34.135Z,1,8,false
2019-07-13T12:48:44.516Z,1,9,false
2019-07-13T12:49:24.844Z,1,1,false
2019-07-13T12:49:34.328Z,1,2,false
2019-07-13T12:49:43.626Z,1,3,false
2019-07-13T12:49:53.600Z,1,4,false
2019-07-13T12:50:04.037Z,1,5,false
2019-07-13T12:50:13.962Z,1,6,false
2019-07-13T12:50:24.271Z,1,7,false
2019-07-13T12:50:34.374Z,1,8,false
2019-07-13T12:50:44.685Z,1,9,false
2019-07-13T12:51:25.308Z,1,1,false
2019-07-13T12:51:35.819Z,1,2,false
2019-07-13T12:51:45.794Z,1,3,false
2019-07-13T12:51:56.101Z,1,4,false
2019-07-13T12:52:06.627Z,1,5,false
2019-07-13T12:52:17.385Z,1,6,false
2019-07-13T12:52:27.902Z,1,7,false
2019-07-13T12:52:37.731Z,1,8,false
2019-07-13T12:52:48.551Z,1,9,false
2019-07-13T12:53:28.914Z,1,1,false
2019-07-13T12:53:39.454Z,1,2,false
2019-07-13T12:53:49.651Z,1,3,false
2019-07-13T12:53:59.639Z,1,4,false
2019-07-13T12:54:10.819Z,1,5,false
2019-07-13T12:54:20.573Z,1,6,false
2019-07-13T12:54:31.410Z,1,7,false
2019-07-13T12:54:41.515Z,1,8,false
2019-07-13T12:54:52.175Z,1,9,false
2019-07-13T12:55:32.836Z,1,1,false
2019-07-13T12:55:43.264Z,1,2,false
2019-07-13T12:55:53.608Z,1,3,false
2019-07-13T12:56:04.138Z,1,4,false
2019-07-13T12:56:15.422Z,1,5,false
2019-07-13T12:56:26.158Z,1,6,false
2019-07-13T12:56:36.902Z,1,7,false
2019-07-13T12:56:47.379Z,1,8,false
2019-07-13T12:56:57.618Z,1,9,false
2019-07-13T12:57:38.359Z,1,1,false
2019-07-13T12:57:48.717Z,1,2,false
2019-07-13T12:57:58.714Z,1,3,false
2019-07-13T12:58:07.690Z,1,4,false
2019-07-13T12:58:18.038Z,1,5,false
2019-07-13T12:58:28.206Z,1,6,false
2019-07-13T12:58:38.431Z,1,7,false
2019-07-13T12:58:48.440Z,1,8,false
2019-07-13T12:58:58.677Z,1,9,false
2019-07-13T12:59:36.888Z,1,1,false
2019-07-13T12:59:47.316Z,1,2,false
2019-07-13T12:59:55.666Z,1,3,false
2019-07-13T13:00:04.746Z,1,4,false
2019-07-13T13:00:15.143Z,1,5,false
2019-07-13T13:00:25.679Z,1,6,false
2019-07-13T13:00:34.169Z,1,7,false
2019-07-13T13:00:43.653Z,1,8,false
2019-07-13T13:00:54.224Z,1,9,false
2019-07-13T13:01:34.082Z,1,1,false
2019-07-13T13:01:43.449Z,1,2,false
2019-07-13T13:01:52.792Z,1,3,false
2019-07-13T13:02:03.935Z,1,4,false
2019-07-13T13:02:14.407Z,1,5,false
2019-07-13T13:02:24.462Z,1,6,false
2019-07-13T13:02:34.450Z,1,7,false
2019-07-13T13:02:43.872Z,1,8,false
2019-07-13T13:02:53.255Z,1,9,false
2019-07-13T13:03:33.084Z,1,1,false
2019-07-13T13:03:43.191Z,1,2,false
2019-07-13T13:03:53.322Z,1,3,false
2019-07-13T13:04:03.818Z,1,4,false
2019-07-13T13:04:14.162Z,1,5,false
2019-07-13T13:04:23.953Z,1,6,false
2019-07-13T13:04:32.879Z,1,7,false
2019-07-13T13:04:42.377Z,1,8,false
2019-07-13T13:04:52.653Z,1,9,false
2019-07-13T13:05:32.836Z,1,1,false
2019-07-13T13:05:42.362Z,1,2,false
2019-07-13T13:05:52.383Z,1,3,false
2019-07-13T13:06:02.956Z,1,4,false
2019-07-13T13:06:13.699Z,1,5,false
2019-07-13T13:06:23.698Z,1,6,false
2019-07-13T13:06:34.449Z,1,7,false
2019-07-13T13:06:44.919Z,1,8,false
2019-07-13T13:06:55.367Z,1,9,false
2019-07-13T13:07:36.056Z,1,1,false
2019-07-13T13:07:46.608Z,1,2,false
2019-07-13T13:07:56.017Z,1,3,false
2019-07-13T13:08:06.922Z,1,4,false
2019-07-13T13:08:17.909Z,1,5,false
2019-07-13T13:08:27.908Z,1,6,false
2019-07-13T13:08:38.407Z,1,7,false
2019-07-13T13:08:48.772Z,1,8,false
2019-07-13T13:08:59.641Z,1,9,false
2019-07-13T13:09:40.427Z,1,1,false
2019-07-13T13:09:51.047Z,1,2,false
2019-07-13T13:10:01.196Z,1,3,false
2019-07-13T13:10:11.576Z,1,4,false
2019-07-13T13:10:22.718Z,1,5,false
2019-07-13T13:10:33.520Z,1,6,false
2019-07-13T13:10:43.589Z,1,7,false
2019-07-13T13:10:54.080Z,1,8,false
2019-07-13T13:11:04.704Z,1,9,false
2019-07-13T13:11:45.044Z,1,1,false
2019-07-13T13:11:55.128Z,1,2,false
2019-07-13T13:12:04.468Z,1,3,false
2019-07-13T13:12:15.037Z,1,4,false
2019-07-13T13:12:25.834Z,1,5,false
2019-07-13T13:12:35.858Z,1,6,false
2019-07-13T13:12:46.803Z,1,7,false
2019-07-13T13:12:56.401Z,1,8,false
2019-07-13T13:13:06.772Z,1,9,false
2019-07-13T13:13:47.479Z,1,1,false
2019-07-13T13:13:57.350Z,1,2,false
2019-07-13T13:14:06.974Z,1,3,false
2019-07-13T13:14:17.353Z,1,4,false
2019-07-13T13:14:27.583Z,1,5,false
2019-07-13T13:14:37.339Z,1,6,false
2019-07-13T13:14:48.146Z,1,7,false
2019-07-13T13:14:57.432Z,1,8,false
2019-07-13T13:15:07.571Z,1,9,false
2019-07-13T13:15:47.440Z,1,1,false
2019-07-13T13:15:57.409Z,1,2,false
2019-07-13T13:16:06.736Z,1,3,false
2019-07-13T13:16:16.898Z,1,4,false
2019-07-13T13:16:27.352Z,1,5,false
2019-07-13T13:16:36.589Z,1,6,false
2019-07-13T13:16:46.283Z,1,7,false
2019-07-13T13:16:55.995Z,1,8,false
2019-07-13T13:17:04.735Z,1,9,false
2019-07-13T13:17:44.794Z,1,1,false
2019-07-13T13:17:54.892Z,1,2,false
2019-07-13T13:18:04.427Z,1,3,false
2019-07-13T13:18:14.719Z,1,4,false
2019-07-13T13:18:25.429Z,1,5,false
2019-07-13T13:18:35.347Z,1,6,false
2019-07-13T13:18:45.137Z,1,7,false
2019-07-13T13:18:55.132Z,1,8,false
2019-07-13T13:19:03.776Z,1,9,false
2019-07-13T13:19:43.736Z,1,1,false
2019-07-13T13:19:53.728Z,1,2,false
2019-07-13T13:20:03.268Z,1,3,false
2019-07-13T13:20:13.984Z,1,4,false
2019-07-13T13:20:24.328Z,1,5,false
2019-07-13T13:20:34.747Z,1,6,false
2019-07-13T13:20:43.451Z,1,7,false
2019-07-13T13:20:53.401Z,1,8,false
2019-07-13T13:21:03.663Z,1,9,false
2019-07-13T13:21:43.541Z,1,1,false
2019-07-13T13:21:52.909Z,1,2,false
2019-07-13T13:22:02.706Z,1,3,false
2019-07-13T13:22:13.012Z,1,4,false
2019-07-13T13:22:23.815Z,1,5,false
2019-07-13T13:22:34.578Z,1,6,false
2019-07-13T13:22:45.400Z,1,7,false
2019-07-13T13:22:55.554Z,1,8,false
2019-07-13T13:23:05.440Z,1,9,false
2019-07-13T13:23:45.705Z,1,1,false
2019-07-13T13:23:55.824Z,1,2,false
2019-07-13T13:24:05.911Z,1,3,false
2019-07-13T13:24:15.487Z,1,4,false
2019-07-13T13:24:26.152Z,1,5,false
2019-07-13T13:24:35.923Z,1,6,false
2019-07-13T13:24:46.144Z,1,7,false
2019-07-13T13:24:56.335Z,1,8,false
2019-07-13T13:25:06.091Z,1,9,false
2019-07-13T13:25:45.412Z,1,1,false
2019-07-13T13:25:55.418Z,1,2,false
2019-07-13T13:26:04.791Z,1,3,false
2019-07-13T13:26:15.540Z,1,4,false
2019-07-13T13:26:26.011Z,1,5,false
2019-07-13T13:26:36.495Z,1,6,false
2019-07-13T13:26:46.769Z,1,7,false
2019-07-13T13:26:56.330Z,1,8,false
2019-07-13T13:27:06.264Z,1,9,false
2019-07-13T13:27:44.743Z,1,1,false
2019-07-13T13:27:54.386Z,1,2,false
2019-07-13T13:28:03.687Z,1,3,false
2019-07-13T13:28:14.509Z,1,4,false
2019-07-13T13:28:23.591Z,1,5,false
2019-07-13T13:28:33.024Z,1,6,false
2019-07-13T13:28:42.379Z,1,7,false
2019-07-13T13:28:51.778Z,1,8,false
2019-07-13T13:29:00.895Z,1,9,false
2019-07-13T13:29:39.339Z,1,1,false
2019-07-13T13:29:49.090Z,1,2,false
2019-07-13T13:29:58.448Z,1,3,false
2019-07-13T13:30:08.965Z,1,4,false
2019-07-13T13:30:19.434Z,1,5,false
2019-07-13T13:30:29.085Z,1,6,false
2019-07-13T13:30:37.777Z,1,7,false
2019-07-13T13:30:47.806Z,1,8,false
2019-07-13T13:30:56.370Z,1,9,false
2019-07-13T13:31:36.769Z,1,1,false
2019-07-13T13:31:47.411Z,1,2,false
2019-07-13T13:31:57.522Z,1,3,false
2019-07-13T13:32:07.464Z,1,4,false
2019-07-13T13:32:16.279Z,1,5,false
2019-07-13T13:32:26.427Z,1,6,false
2019-07-13T13:32:36.806Z,1,7,false
2019-07-13T13:32:45.681Z,1,8,false
2019-07-13T13:32:55.862Z,1,9,false
2019-07-13T13:33:36.046Z,1,1,false
2019-07-13T13:33:46.147Z,1,2,false
2019-07-13T13:33:55.963Z,1,3,false
2019-07-13T13:34:05.458Z,1,4,false
2019-07-13T13:34:15.147Z,1,5,false
2019-07-13T13:34:24.116Z,1,6,false
2019-07-13T13:34:34.429Z,1,7,false
2019-07-13T13:34:44.563Z,1,8,false
2019-07-13T13:34:54.955Z,1,9,false
2019-07-13T13:35:34.826Z,1,1,false
2019-07-13T13:35:44.669Z,1,2,false
2019-07-13T13:35:54.646Z,1,3,false
2019-07-13T13:36:03.525Z,1,4,false
2019-07-13T13:36:14.427Z,1,5,false
2019-07-13T13:36:24.565Z,1,6,false
2019-07-13T13:36:34.627Z,1,7,false
2019-07-13T13:36:44.789Z,1,8,false
2019-07-13T13:36:54.551Z,1,9,false
2019-07-13T13:37:34.541Z,1,1,false
2019-07-13T13:37:44.618Z,1,2,false
2019-07-13T13:37:54.626Z,1,3,false
2019-07-13T13:38:03.785Z,1,4,false
2019-07-13T13:38:14.139Z,1,5,false
2019-07-13T13:38:24.069Z,1,6,false
2019-07-13T13:38:34.059Z,1,7,false
2019-07-13T13:38:44.153Z,1,8,false
2019-07-13T13:38:53.907Z,1,9,false
2019-07-13T13:39:34.172Z,1,1,false
2019-07-13T13:39:44.162Z,1,2,false
2019-07-13T13:39:53.542Z,1,3,false
2019-07-13T13:40:04.431Z,1,4,false
2019-07-13T13:40:14.906Z,1,5,false
2019-07-13T13:40:25.415Z,1,6,false
2019-07-13T13:40:35.889Z,1,7,false
2019-07-13T13:40:45.817Z,1,8,false
2019-07-13T13:40:56.337Z,1,9,false
2019-07-13T13:41:36.397Z,1,1,false
2019-07-13T13:41:45.036Z,1,2,false
2019-07-13T13:41:53.898Z,1,3,false
2019-07-13T13:42:04.742Z,1,4,false
2019-07-13T13:42:15.503Z,1,5,false
2019-07-13T13:42:25.368Z,1,6,false
2019-07-13T13:42:35.887Z,1,7,false
2019-07-13T13:42:46.351Z,1,8,false
2019-07-13T13:42:57.080Z,1,9,false
2019-07-13T13:43:37.394Z,1,1,false
2019-07-13T13:43:47.946Z,1,2,false
2019-07-13T13:43:57.488Z,1,3,false
2019-07-13T13:44:08.435Z,1,4,false
2019-07-13T13:44:18.520Z,1,5,false
2019-07-13T13:44:28.288Z,1,6,false
2019-07-13T13:44:38.655Z,1,7,false
2019-07-13T13:44:48.742Z,1,8,false
2019-07-13T13:44:58.854Z,1,9,false
2019-07-13T13:45:38.721Z,1,1,false
2019-07-13T13:45:49.109Z,1,2,false
2019-07-13T13:45:57.731Z,1,3,false
2019-07-13T13:46:07.934Z,1,4,false
2019-07-13T13:46:18.679Z,1,5,false
2019-07-13T13:46:28.064Z,1,6,false
2019-07-13T13:46:38.631Z,1,7,false
2019-07-13T13:46:48.428Z,1,8,false
2019-07-13T13:46:58.699Z,1,9,false
2019-07-13T13:47:37.038Z,1,1,false
2019-07-13T13:47:46.920Z,1,2,false
2019-07-13T13:47:56.350Z,1,3,false
2019-07-13T13:48:05.709Z,1,4,false
2019-07-13T13:48:16.029Z,1,5,false
2019-07-13T13:48:25.694Z,1,6,false
2019-07-13T13:48:36.031Z,1,7,false
2019-07-13T13:48:45.589Z,1,8,false
2019-07-13T13:48:56.209Z,1,9,false
2019-07-13T13:49:36.407Z,1,1,false
2019-07-13T13:49:46.156Z,1,2,false
2019-07-13T13:49:56.092Z,1,3,false
2019-07-13T13:50:06.208Z,1,4,false
2019-07-13T13:50:17.026Z,1,5,false
2019-07-13T13:50:26.849Z,1,6,false
2019-07-13T13:50:37.193Z,1,7,false
2019-07-13T13:50:46.923Z,1,8,false
2019-07-13T13:50:57.218Z,1,9,false
2019-07-13T13:51:35.594Z,1,1,false
2019-07-13T13:51:44.386Z,1,2,false
2019-07-13T13:51:53.429Z,1,3,false
2019-07-13T13:52:03.738Z,1,4,false
2019-07-13T13:52:14.215Z,1,5,false
2019-07-13T13:52:24.567Z,1,6,false
2019-07-13T13:52:34.481Z,1,7,false
2019-07-13T13:52:44.508Z,1,8,false
2019-07-13T13:52:53.995Z,1,9,false
2019-07-13T13:53:33.992Z,1,1,false
2019-07-13T13:53:44.139Z,1,2,false
2019-07-13T13:53:53.527Z,1,3,false
2019-07-13T13:54:04.166Z,1,4,false
2019-07-13T13:54:14.487Z,1,5,false
2019-07-13T13:54:24.821Z,1,6,false
2019-07-13T13:54:34.939Z,1,7,false
2019-07-13T13:54:44.944Z,1,8,false
2019-07-13T13:54:53.793Z,1,9,false
2019-07-13T13:55:34.106Z,1,1,false
2019-07-13T13:55:43.609Z,1,2,false
2019-07-13T13:55:53.549Z,1,3,false
2019-07-13T13:56:02.276Z,1,4,false
2019-07-13T13:56:12.697Z,1,5,false
2019-07-13T13:56:23.037Z,1,6,false
2019-07-13T13:56:31.589Z,1,7,false
2019-07-13T13:56:41.531Z,1,8,false
2019-07-13T13:56:52.056Z,1,9,false
2019-07-13T13:57:32.267Z,1,1,false
2019-07-13T13:57:41.750Z,1,2,false
2019-07-13T13:57:51.873Z,1,3,false
2019-07-13T13:58:02.129Z,1,4,false
2019-07-13T13:58:12.464Z,1,5,false
2019-07-13T13:58:22.459Z,1,6,false
2019-07-13T13:58:33.086Z,1,7,false
2019-07-13T13:58:43.337Z,1,8,false
2019-07-13T13:58:52.642Z,1,9,false
2019-07-13T13:59:30.906Z,1,1,false
2019-07-13T13:59:39.470Z,1,2,false
2019-07-13T13:59:48.884Z,1,3,false
2019-07-13T13:59:57.921Z,1,4,false
2019-07-13T14:00:08.325Z,1,5,false
2019-07-13T14:00:18.597Z,1,6,false
2019-07-13T14:00:29.372Z,1,7,false
2019-07-13T14:00:39.575Z,1,8,false
2019-07-13T14:00:50.144Z,1,9,false
2019-07-13T14:01:30.380Z,1,1,false
2019-07-13T14:01:40.613Z,1,2,false
2019-07-13T14:01:50.504Z,1,3,false
2019-07-13T14:02:00.878Z,1,4,false
2019-07-13T14:02:11.333Z,1,5,false
2019-07-13T14:02:21.916Z,1,6,false
2019-07-13T14:02:32.243Z,1,7,false
2019-07-13T14:02:41.855Z,1,8,false
2019-07-13T14:02:52.300Z,1,9,false
2019-07-13T14:03:32.129Z,1,1,false
2019-07-13T14:03:42.398Z,1,2,false
2019-07-13T14:03:52.437Z,1,3,false
2019-07-13T14:04:03.188Z,1,4,false
2019-07-13T14:04:13.584Z,1,5,false
2019-07-13T14:04:23.845Z,1,6,false
2019-07-13T14:04:34.486Z,1,7,false
2019-07-13T14:04:44.782Z,1,8,false
2019-07-13T14:04:53.615Z,1,9,false
2019-07-13T14:05:33.649Z,1,1,false
2019-07-13T14:05:44.029Z,1,2,false
2019-07-13T14:05:53.283Z,1,3,false
2019-07-13T14:06:03.426Z,1,4,false
2019-07-13T14:06:12.459Z,1,5,false
2019-07-13T14:06:22.204Z,1,6,false
2019-07-13T14:06:32.366Z,1,7,false
2019-07-13T14:06:41.847Z,1,8,false
2019-07-13T14:06:51.692Z,1,9,false
2019-07-13T14:07:31.887Z,1,1,false
2019-07-13T14:07:41.999Z,1,2,false
2019-07-13T14:07:52.071Z,1,3,false
2019-07-13T14:08:02.576Z,1,4,false
2019-07-13T14:08:13.122Z,1,5,false
2019-07-13T14:08:22.881Z,1,6,false
2019-07-13T14:08:33.206Z,1,7,false
2019-07-13T14:08:42.893Z,1,8,false
2019-07-13T14:08:53.290Z,1,9,false
2019-07-13T14:09:33.107Z,1,1,false
2019-07-13T14:09:43.137Z,1,2,false
2019-07-13T14:09:52.709Z,1,3,false
2019-07-13T14:10:03.113Z,1,4,false
2019-07-13T14:10:13.608Z,1,5,false
2019-07-13T14:10:23.629Z,1,6,false
2019-07-13T14:10:34.290Z,1,7,false
2019-07-13T14:10:44.287Z,1,8,false
2019-07-13T14:10:54.175Z,1,9,false
2019-07-13T14:11:34.005Z,1,1,false
2019-07-13T14:11:43.599Z,1,2,false
2019-07-13T14:11:53.190Z,1,3,false
2019-07-13T14:12:03.457Z,1,4,false
2019-07-13T14:12:14.037Z,1,5,false
2019-07-13T14:12:24.616Z,1,6,false
2019-07-13T14:12:33.037Z,1,7,false
2019-07-13T14:12:42.681Z,1,8,false
2019-07-13T14:12:52.699Z,1,9,false
2019-07-13T14:13:33.061Z,1,1,false
2019-07-13T14:13:42.516Z,1,2,false
2019-07-13T14:13:52.736Z,1,3,false
2019-07-13T14:14:03.653Z,1,4,false
2019-07-13T14:14:14.252Z,1,5,false
2019-07-13T14:14:24.034Z,1,6,false
2019-07-13T14:14:34.333Z,1,7,false
2019-07-13T14:14:43.845Z,1,8,false
2019-07-13T14:14:54.561Z,1,9,false
2019-07-13T14:15:34.826Z,1,1,false
2019-07-13T14:15:43.921Z,1,2,false
2019-07-13T14:15:53.289Z,1,3,false
2019-07-13T14:16:04.175Z,1,4,false
2019-07-13T14:16:15.231Z,1,5,false
2019-07-13T14:16:25.765Z,1,6,false
2019-07-13T14:16:35.692Z,1,7,false
2019-07-13T14:16:44.748Z,1,8,false
2019-07-13T14:16:55.385Z,1,9,false
2019-07-13T14:17:35.250Z,1,1,false
2019-07-13T14:17:45.325Z,1,2,false
2019-07-13T14:17:54.822Z,1,3,false
2019-07-13T14:18:05.065Z,1,4,false
2019-07-13T14:18:14.294Z,1,5,false
2019-07-13T14:18:24.316Z,1,6,false
2019-07-13T14:18:34.911Z,1,7,false
2019-07-13T14:18:45.202Z,1,8,false
2019-07-13T14:18:55.082Z,1,9,false
2019-07-13T14:19:33.251Z,1,1,false
2019-07-13T14:19:41.589Z,1,2,false
2019-07-13T14:19:51.711Z,1,3,false
2019-07-13T14:20:02.512Z,1,4,false
2019-07-13T14:20:12.767Z,1,5,false
2019-07-13T14:20:22.639Z,1,6,false
2019-07-13T14:20:33.219Z,1,7,false
2019-07-13T14:20:41.518Z,1,8,false
2019-07-13T14:20:50.426Z,1,9,false
2019-07-13T14:21:30.616Z,1,1,false
2019-07-13T14:21:40.736Z,1,2,false
2019-07-13T14:21:50.998Z,1,3,false
2019-07-13T14:22:01.567Z,1,4,false
2019-07-13T14:22:12.028Z,1,5,false
2019-07-13T14:22:22.777Z,1,6,false
2019-07-13T14:22:33.207Z,1,7,false
2019-07-13T14:22:43.793Z,1,8,false
2019-07-13T14:22:54.717Z,1,9,false
2019-07-13T14:23:35.290Z,1,1,false
2019-07-13T14:23:45.751Z,1,2,false
2019-07-13T14:23:55.694Z,1,3,false
2019-07-13T14:24:05.802Z,1,4,false
2019-07-13T14:24:16.477Z,1,5,false
2019-07-13T14:24:27.042Z,1,6,false
2019-07-13T14:24:37.562Z,1,7,false
2019-07-13T14:24:46.397Z,1,8,false
2019-07-13T14:24:56.317Z,1,9,false
2019-07-13T14:25:36.830Z,1,1,false
2019-07-13T14:25:45.150Z,1,2,false
2019-07-13T14:25:54.144Z,1,3,false
2019-07-13T14:26:04.423Z,1,4,false
2019-07-13T14:26:14.789Z,1,5,false
2019-07-13T14:26:24.986Z,1,6,false
2019-07-13T14:26:34.435Z,1,7,false
2019-07-13T14:26:44.031Z,1,8,false
2019-07-13T14:26:53.690Z,1,9,false
2019-07-13T14:27:33.947Z,1,1,false
2019-07-13T14:27:42.888Z,1,2,false
2019-07-13T14:27:52.182Z,1,3,false
2019-07-13T14:28:02.040Z,1,4,false
2019-07-13T14:28:12.542Z,1,5,false
2019-07-13T14:28:22.256Z,1,6,false
2019-07-13T14:28:32.888Z,1,7,false
2019-07-13T14:28:42.572Z,1,8,false
2019-07-13T14:28:53.056Z,1,9,false
2019-07-13T14:29:32.887Z,1,1,false
2019-07-13T14:29:42.565Z,1,2,false
2019-07-13T14:29:52.210Z,1,3,false
2019-07-13T14:30:01.766Z,1,4,false
2019-07-13T14:30:12.121Z,1,5,false
2019-07-13T14:30:21.934Z,1,6,false
2019-07-13T14:30:31.245Z,1,7,false
2019-07-13T14:30:40.791Z,1,8,false
2019-07-13T14:30:51.336Z,1,9,false
2019-07-13T14:31:31.071Z,1,1,false
2019-07-13T14:31:41.622Z,1,2,false
2019-07-13T14:31:51.718Z,1,3,false
2019-07-13T14:32:01.984Z,1,4,false
2019-07-13T14:32:10.628Z,1,5,false
2019-07-13T14:32:20.413Z,1,6,false
2019-07-13T14:32:31.023Z,1,7,false
2019-07-13T14:32:40.256Z,1,8,false
2019-07-13T14:32:50.430Z,1,9,false
2019-07-13T14:33:30.079Z,1,1,false
2019-07-13T14:33:39.225Z,1,2,false
2019-07-13T14:33:48.964Z,1,3,false
2019-07-13T14:33:59.265Z,1,4,false
2019-07-13T14:34:08.885Z,1,5,false
2019-07-13T14:34:18.562Z,1,6,false
2019-07-13T14:34:29.145Z,1,7,false
2019-07-13T14:34:38.539Z,1,8,false
2019-07-13T14:34:48.707Z,1,9,false
2019-07-13T14:35:28.866Z,1,1,false
2019-07-13T14:35:38.861Z,1,2,false
2019-07-13T14:35:48.429Z,1,3,false
2019-07-13T14:35:58.472Z,1,4,false
2019-07-13T14:36:08.792Z,1,5,false
2019-07-13T14:36:18.572Z,1,6,false
2019-07-13T14:36:27.046Z,1,7,false
2019-07-13T14:36:36.575Z,1,8,false
2019-07-13T14:36:46.650Z,1,9,false
2019-07-13T14:37:26.703Z,1,1,false
2019-07-13T14:37:35.253Z,1,2,false
2019-07-13T14:37:44.644Z,1,3,false
2019-07-13T14:37:55.285Z,1,4,false
2019-07-13T14:38:05.593Z,1,5,false
2019-07-13T14:38:16.145Z,1,6,false
2019-07-13T14:38:25.971Z,1,7,false
2019-07-13T14:38:35.866Z,1,8,false
2019-07-13T14:38:45.988Z,1,9,false
2019-07-13T14:39:26.102Z,1,1,false
2019-07-13T14:39:35.727Z,1,2,false
2019-07-13T14:39:44.377Z,1,3,false
2019-07-13T14:39:54.484Z,1,4,false
2019-07-13T14:40:04.969Z,1,5,false
2019-07-13T14:40:13.709Z,1,6,false
2019-07-13T14:40:23.663Z,1,7,false
2019-07-13T14:40:31.960Z,1,8,false
2019-07-13T14:40:40.667Z,1,9,false
2019-07-13T14:41:21.243Z,1,1,false
2019-07-13T14:41:31.481Z,1,2,false
2019-07-13T14:41:41.416Z,1,3,false
2019-07-13T14:41:51.823Z,1,4,false
2019-07-13T14:42:02.040Z,1,5,false
2019-07-13T14:42:11.908Z,1,6,false
2019-07-13T14:42:20.752Z,1,7,false
2019-07-13T14:42:30.731Z,1,8,false
2019-07-13T14:42:39.870Z,1,9,false
2019-07-13T14:43:19.536Z,1,1,false
2019-07-13T14:43:28.896Z,1,2,false
2019-07-13T14:43:38.365Z,1,3,false
2019-07-13T14:43:48.854Z,1,4,false
2019-07-13T14:43:59.193Z,1,5,false
2019-07-13T14:44:08.483Z,1,6,false
2019-07-13T14:44:19.044Z,1,7,false
2019-07-13T14:44:28.992Z,1,8,false
2019-07-13T14:44:39.238Z,1,9,false
2019-07-13T14:45:19.235Z,1,1,false
2019-07-13T14:45:28.734Z,1,2,false
2019-07-13T14:45:38.250Z,1,3,false
2019-07-13T14:45:48.815Z,1,4,false
2019-07-13T14:45:58.507Z,1,5,false
2019-07-13T14:46:08.135Z,1,6,false
2019-07-13T14:46:18.10Z,1,7,false
2019-07-13T14:46:27.566Z,1,8,false
2019-07-13T14:46:37.948Z,1,9,false
2019-07-13T14:47:18.652Z,1,1,false
2019-07-13T14:47:28.328Z,1,2,false
2019-07-13T14:47:37.706Z,1,3,false
2019-07-13T14:47:48.651Z,1,4,false
2019-07-13T14:47:59.186Z,1,5,false
2019-07-13T14:48:09.698Z,1,6,false
2019-07-13T14:48:20.527Z,1,7,false
2019-07-13T14:48:30.631Z,1,8,false
2019-07-13T14:48:40.426Z,1,9,false
2019-07-13T14:49:21.175Z,1,1,false
2019-07-13T14:49:30.795Z,1,2,false
2019-07-13T14:49:40.560Z,1,3,false
2019-07-13T14:49:51.518Z,1,4,false
2019-07-13T14:50:02.316Z,1,5,false
2019-07-13T14:50:12.311Z,1,6,false
2019-07-13T14:50:22.812Z,1,7,false
2019-07-13T14:50:32.800Z,1,8,false
2019-07-13T14:50:43.037Z,1,9,false
2019-07-13T14:51:22.878Z,1,1,false
2019-07-13T14:51:32.398Z,1,2,false
2019-07-13T14:51:42.220Z,1,3,false
2019-07-13T14:51:52.189Z,1,4,false
2019-07-13T14:52:02.570Z,1,5,false
2019-07-13T14:52:11.563Z,1,6,false
2019-07-13T14:52:20.203Z,1,7,false
2019-07-13T14:52:30.245Z,1,8,false
2019-07-13T14:52:40.677Z,1,9,false
2019-07-13T14:53:19.859Z,1,1,false
2019-07-13T14:53:28.833Z,1,2,false
2019-07-13T14:53:38.499Z,1,3,false
2019-07-13T14:53:49.460Z,1,4,false
2019-07-13T14:53:59.227Z,1,5,false
2019-07-13T14:54:09.673Z,1,6,false
2019-07-13T14:54:18.456Z,1,7,false
2019-07-13T14:54:28.320Z,1,8,false
2019-07-13T14:54:38.248Z,1,9,false
2019-07-13T14:55:18.813Z,1,1,false
2019-07-13T14:55:28.421Z,1,2,false
2019-07-13T14:55:37.846Z,1,3,false
2019-07-13T14:55:48.616Z,1,4,false
2019-07-13T14:55:59.566Z,1,5,false
2019-07-13T14:56:10.011Z,1,6,false
2019-07-13T14:56:18.981Z,1,7,false
2019-07-13T14:56:27.564Z,1,8,false
2019-07-13T14:56:38.095Z,1,9,false
2019-07-13T14:57:18.535Z,1,1,false
2019-07-13T14:57:27.165Z,1,2,false
2019-07-13T14:57:35.772Z,1,3,false
2019-07-13T14:57:44.872Z,1,4,false
2019-07-13T14:57:55.567Z,1,5,false
2019-07-13T14:58:06.137Z,1,6,false
2019-07-13T14:58:15.498Z,1,7,false
2019-07-13T14:58:25.042Z,1,8,false
2019-07-13T14:58:35.017Z,1,9,false
2019-07-13T14:59:14.855Z,1,1,false
2019-07-13T14:59:23.308Z,1,2,false
2019-07-13T14:59:31.413Z,1,3,false
2019-07-13T14:59:41.929Z,1,4,false
2019-07-13T14:59:52.346Z,1,5,false
2019-07-13T15:00:02.091Z,1,6,false
2019-07-13T15:00:12.540Z,1,7,false
2019-07-13T15:00:22.549Z,1,8,false
2019-07-13T15:00:31.968Z,1,9,false
2019-07-13T15:01:11.777Z,1,1,false
2019-07-13T15:01:22.154Z,1,2,false
2019-07-13T15:01:31.572Z,1,3,false
2019-07-13T15:01:41.806Z,1,4,false
2019-07-13T15:01:52.571Z,1,5,false
2019-07-13T15:02:02.291Z,1,6,false
2019-07-13T15:02:12.208Z,1,7,false
2019-07-13T15:02:20.665Z,1,8,false
2019-07-13T15:02:29.897Z,1,9,false
2019-07-13T15:03:08.426Z,1,1,false
2019-07-13T15:03:18.378Z,1,2,false
2019-07-13T15:03:27.839Z,1,3,false
2019-07-13T15:03:38.347Z,1,4,false
2019-07-13T15:03:49.024Z,1,5,false
2019-07-13T15:03:58.740Z,1,6,false
2019-07-13T15:04:08.623Z,1,7,false
2019-07-13T15:04:17.301Z,1,8,false
2019-07-13T15:04:27.044Z,1,9,false
2019-07-13T15:05:07.065Z,1,1,false
2019-07-13T15:05:17.213Z,1,2,false
2019-07-13T15:05:26.682Z,1,3,false
2019-07-13T15:05:36.249Z,1,4,false
2019-07-13T15:05:47.144Z,1,5,false
2019-07-13T15:05:57.408Z,1,6,false
2019-07-13T15:06:08.095Z,1,7,false
2019-07-13T15:06:17.890Z,1,8,false
2019-07-13T15:06:27.444Z,1,9,false
2019-07-13T15:07:05.709Z,1,1,false
2019-07-13T15:07:15.240Z,1,2,false
2019-07-13T15:07:24.617Z,1,3,false
2019-07-13T15:07:34.521Z,1,4,false
2019-07-13T15:07:44.886Z,1,5,false
2019-07-13T15:07:55.227Z,1,6,false
2019-07-13T15:08:03.697Z,1,7,false
2019-07-13T15:08:12.781Z,1,8,false
2019-07-13T15:08:21.948Z,1,9,false
2019-07-13T15:09:01.806Z,1,1,false
2019-07-13T15:09:11.042Z,1,2,false
2019-07-13T15:09:20.420Z,1,3,false
2019-07-13T15:09:30.669Z,1,4,false
2019-07-13T15:09:41.244Z,1,5,false
2019-07-13T15:09:51.643Z,1,6,false
2019-07-13T15:10:02.159Z,1,7,false
2019-07-13T15:10:11.241Z,1,8,false
2019-07-13T15:10:21.205Z,1,9,false
2019-07-13T15:11:01.431Z,1,1,false
2019-07-13T15:11:10.761Z,1,2,false
2019-07-13T15:11:20.056Z,1,3,false
2019-07-13T15:11:30.189Z,1,4,false
2019-07-13T15:11:39.887Z,1,5,false
2019-07-13T15:11:50.383Z,1,6,false
2019-07-13T15:12:00.807Z,1,7,false
2019-07-13T15:12:10.135Z,1,8,false
2019-07-13T15:12:20.079Z,1,9,false
2019-07-13T15:13:00.230Z,1,1,false
2019-07-13T15:13:09.216Z,1,2,false
2019-07-13T15:13:17.572Z,1,3,false
2019-07-13T15:13:27.026Z,1,4,false
2019-07-13T15:13:36.999Z,1,5,false
2019-07-13T15:13:47.292Z,1,6,false
2019-07-13T15:13:57.426Z,1,7,false
2019-07-13T15:14:06.306Z,1,8,false
2019-07-13T15:14:15.193Z,1,9,false
2019-07-13T15:14:55.031Z,1,1,false
2019-07-13T15:15:03.681Z,1,2,false
2019-07-13T15:15:13.746Z,1,3,false
2019-07-13T15:15:24.562Z,1,4,false
2019-07-13T15:15:35.000Z,1,5,false
2019-07-13T15:15:45.035Z,1,6,false
2019-07-13T15:15:55.529Z,1,7,false
2019-07-13T15:16:05.026Z,1,8,false
2019-07-13T15:16:15.343Z,1,9,false
2019-07-13T15:16:55.155Z,1,1,false
2019-07-13T15:17:05.659Z,1,2,false
2019-07-13T15:17:14.955Z,1,3,false
2019-07-13T15:17:25.542Z,1,4,false
2019-07-13T15:17:36.574Z,1,5,false
2019-07-13T15:17:47.246Z,1,6,false
2019-07-13T15:17:57.195Z,1,7,false
2019-07-13T15:18:06.672Z,1,8,false
2019-07-13T15:18:16.684Z,1,9,false
2019-07-13T15:18:56.716Z,1,1,false
2019-07-13T15:19:06.945Z,1,2,false
2019-07-13T15:19:15.058Z,1,3,false
2019-07-13T15:19:25.315Z,1,4,false
2019-07-13T15:19:36.135Z,1,5,false
2019-07-13T15:19:45.691Z,1,6,false
2019-07-13T15:19:55.931Z,1,7,false
2019-07-13T15:20:05.361Z,1,8,false
2019-07-13T15:20:15.052Z,1,9,false
2019-07-13T15:20:55.218Z,1,1,false
2019-07-13T15:21:05.239Z,1,2,false
2019-07-13T15:21:15.433Z,1,3,false
2019-07-13T15:21:25.430Z,1,4,false
2019-07-13T15:21:36.122Z,1,5,false
2019-07-13T15:21:46.943Z,1,6,false
2019-07-13T15:21:57.470Z,1,7,false
2019-07-13T15:22:07.099Z,1,8,false
2019-07-13T15:22:17.864Z,1,9,false
2019-07-13T15:22:57.711Z,1,1,false
2019-07-13T15:23:08.121Z,1,2,false
2019-07-13T15:23:18.218Z,1,3,false
2019-07-13T15:23:29.019Z,1,4,false
2019-07-13T15:23:39.689Z,1,5,false
2019-07-13T15:23:49.981Z,1,6,false
2019-07-13T15:23:59.589Z,1,7,false
2019-07-13T15:24:09.306Z,1,8,false
2019-07-13T15:24:19.124Z,1,9,false
2019-07-13T15:24:58.983Z,1,1,false
2019-07-13T15:25:09.236Z,1,2,false
2019-07-13T15:25:19.083Z,1,3,false
2019-07-13T15:25:27.912Z,1,4,false
2019-07-13T15:25:38.289Z,1,5,false
2019-07-13T15:25:48.774Z,1,6,false
2019-07-13T15:25:58.684Z,1,7,false
2019-07-13T15:26:08.647Z,1,8,false
2019-07-13T15:26:18.668Z,1,9,false
2019-07-13T15:26:56.880Z,1,1,false
2019-07-13T15:27:06.465Z,1,2,false
2019-07-13T15:27:16.103Z,1,3,false
2019-07-13T15:27:26.536Z,1,4,false
2019-07-13T15:27:36.899Z,1,5,false
2019-07-13T15:27:47.399Z,1,6,false
2019-07-13T15:27:57.775Z,1,7,false
2019-07-13T15:28:08.020Z,1,8,false
2019-07-13T15:28:16.319Z,1,9,false
2019-07-13T15:28:54.699Z,1,1,false
2019-07-13T15:29:04.881Z,1,2,false
2019-07-13T15:29:14.947Z,1,3,false
2019-07-13T15:29:25.171Z,1,4,false
2019-07-13T15:29:35.446Z,1,5,false
2019-07-13T15:29:45.558Z,1,6,false
2019-07-13T15:29:55.897Z,1,7,false
2019-07-13T15:30:06.227Z,1,8,false
2019-07-13T15:30:16.308Z,1,9,false
2019-07-13T15:30:56.137Z,1,1,false
2019-07-13T15:31:06.215Z,1,2,false
2019-07-13T15:31:16.283Z,1,3,false
2019-07-13T15:31:26.398Z,1,4,false
2019-07-13T15:31:36.996Z,1,5,false
2019-07-13T15:31:47.465Z,1,6,false
2019-07-13T15:31:57.451Z,1,7,false
2019-07-13T15:32:07.467Z,1,8,false
2019-07-13T15:32:17.645Z,1,9,false
2019-07-13T15:32:57.488Z,1,1,false
2019-07-13T15:33:07.669Z,1,2,false
2019-07-13T15:33:17.350Z,1,3,false
2019-07-13T15:33:27.570Z,1,4,false
2019-07-13T15:33:37.849Z,1,5,false
2019-07-13T15:33:46.978Z,1,6,false
2019-07-13T15:33:56.835Z,1,7,false
2019-07-13T15:34:06.682Z,1,8,false
2019-07-13T15:34:15.633Z,1,9,false
2019-07-13T15:34:54.034Z,1,1,false
2019-07-13T15:35:02.347Z,1,2,false
2019-07-13T15:35:11.452Z,1,3,false
2019-07-13T15:35:22.269Z,1,4,false
2019-07-13T15:35:32.883Z,1,5,false
2019-07-13T15:35:42.640Z,1,6,false
2019-07-13T15:35:52.640Z,1,7,false
2019-07-13T15:36:01.700Z,1,8,false
2019-07-13T15:36:12.030Z,1,9,false
2019-07-13T15:36:52.215Z,1,1,false
2019-07-13T15:37:01.255Z,1,2,false
2019-07-13T15:37:11.331Z,1,3,false
2019-07-13T15:37:21.844Z,1,4,false
2019-07-13T15:37:32.556Z,1,5,false
2019-07-13T15:37:43.009Z,1,6,false
2019-07-13T15:37:54.075Z,1,7,false
2019-07-13T15:38:04.179Z,1,8,false
2019-07-13T15:38:14.344Z,1,9,false
2019-07-13T15:38:54.845Z,1,1,false
2019-07-13T15:39:04.671Z,1,2,false
2019-07-13T15:39:14.645Z,1,3,false
2019-07-13T15:39:25.475Z,1,4,false
2019-07-13T15:39:35.083Z,1,5,false
2019-07-13T15:39:44.510Z,1,6,false
2019-07-13T15:39:54.972Z,1,7,false
2019-07-13T15:40:04.573Z,1,8,false
2019-07-13T15:40:14.466Z,1,9,false
2019-07-13T15:40:54.793Z,1,1,false
2019-07-13T15:41:03.265Z,1,2,false
2019-07-13T15:41:13.160Z,1,3,false
2019-07-13T15:41:23.894Z,1,4,false
2019-07-13T15:41:34.794Z,1,5,false
2019-07-13T15:41:44.710Z,1,6,false
2019-07-13T15:41:55.262Z,1,7,false
2019-07-13T15:42:05.047Z,1,8,false
2019-07-13T15:42:13.528Z,1,9,false
2019-07-13T15:42:53.789Z,1,1,false
2019-07-13T15:43:03.304Z,1,2,false
2019-07-13T15:43:12.400Z,1,3,false
2019-07-13T15:43:23.123Z,1,4,false
2019-07-13T15:43:33.085Z,1,5,false
2019-07-13T15:43:43.467Z,1,6,false
2019-07-13T15:43:53.152Z,1,7,false
2019-07-13T15:44:02.436Z,1,8,false
2019-07-13T15:44:13.021Z,1,9,false
2019-07-13T15:44:53.200Z,1,1,false
2019-07-13T15:45:03.406Z,1,2,false
2019-07-13T15:45:12.707Z,1,3,false
2019-07-13T15:45:22.820Z,1,4,false
2019-07-13T15:45:33.515Z,1,5,false
2019-07-13T15:45:42.626Z,1,6,false
2019-07-13T15:45:52.843Z,1,7,false
2019-07-13T15:46:02.832Z,1,8,false
2019-07-13T15:46:12.667Z,1,9,false
2019-07-13T15:46:52.608Z,1,1,false
2019-07-13T15:47:01.590Z,1,2,false
2019-07-13T15:47:10.715Z,1,3,false
2019-07-13T15:47:21.222Z,1,4,false
2019-07-13T15:47:31.480Z,1,5,false
2019-07-13T15:47:40.242Z,1,6,false
2019-07-13T15:47:50.953Z,1,7,false
2019-07-13T15:47:59.435Z,1,8,false
2019-07-13T15:48:09.693Z,1,9,false
2019-07-13T15:48:49.850Z,1,1,false
2019-07-13T15:48:59.425Z,1,2,false
2019-07-13T15:49:09.169Z,1,3,false
2019-07-13T15:49:19.972Z,1,4,false
2019-07-13T15:49:30.673Z,1,5,false
2019-07-13T15:49:39.238Z,1,6,false
2019-07-13T15:49:49.392Z,1,7,false
2019-07-13T15:49:58.981Z,1,8,false
2019-07-13T15:50:08.941Z,1,9,false
2019-07-13T15:50:49.439Z,1,1,false
2019-07-13T15:50:59.949Z,1,2,false
2019-07-13T15:51:09.956Z,1,3,false
2019-07-13T15:51:20.918Z,1,4,false
2019-07-13T15:51:31.958Z,1,5,false
2019-07-13T15:51:42.241Z,1,6,false
2019-07-13T15:51:52.977Z,1,7,false
2019-07-13T15:52:02.606Z,1,8,false
2019-07-13T15:52:12.832Z,1,9,false
2019-07-13T15:52:53.116Z,1,1,false
2019-07-13T15:53:02.671Z,1,2,false
2019-07-13T15:53:12.609Z,1,3,false
2019-07-13T15:53:22.779Z,1,4,false
2019-07-13T15:53:33.217Z,1,5,false
2019-07-13T15:53:42.828Z,1,6,false
2019-07-13T15:53:52.865Z,1,7,false
2019-07-13T15:54:01.962Z,1,8,false
2019-07-13T15:54:12.235Z,1,9,false
2019-07-13T15:54:52.476Z,1,1,false
2019-07-13T15:55:01.618Z,1,2,false
2019-07-13T15:55:10.472Z,1,3,false
2019-07-13T15:55:20.811Z,1,4,false
2019-07-13T15:55:31.447Z,1,5,false
2019-07-13T15:55:41.984Z,1,6,false
2019-07-13T15:55:52.513Z,1,7,false
2019-07-13T15:56:02.648Z,1,8,false
2019-07-13T15:56:13.171Z,1,9,false
2019-07-13T15:56:52.980Z,1,1,false
2019-07-13T15:57:02.592Z,1,2,false
2019-07-13T15:57:12.559Z,1,3,false
2019-07-13T15:57:22.650Z,1,4,false
2019-07-13T15:57:33.233Z,1,5,false
2019-07-13T15:57:43.842Z,1,6,false
2019-07-13T15:57:54.140Z,1,7,false
2019-07-13T15:58:04.296Z,1,8,false
2019-07-13T15:58:14.547Z,1,9,false
2019-07-13T15:58:55.137Z,1,1,false
2019-07-13T15:59:05.198Z,1,2,false
2019-07-13T15:59:14.584Z,1,3,false
2019-07-13T15:59:25.060Z,1,4,false
2019-07-13T15:59:35.291Z,1,5,false
2019-07-13T15:59:45.216Z,1,6,false
2019-07-13T15:59:55.589Z,1,7,false
2019-07-13T16:00:06.011Z,1,8,false
2019-07-13T16:00:16.367Z,1,9,false
2019-07-13T16:00:56.140Z,1,1,false
2019-07-13T16:01:06.496Z,1,2,false
2019-07-13T16:01:15.857Z,1,3,false
2019-07-13T16:01:26.662Z,1,4,false
2019-07-13T16:01:37.373Z,1,5,false
2019-07-13T16:01:47.545Z,1,6,false
2019-07-13T16:01:58.143Z,1,7,false
2019-07-13T16:02:08.112Z,1,8,false
2019-07-13T16:02:17.571Z,1,9,false
2019-07-13T16:02:57.432Z,1,1,false
2019-07-13T16:03:07.373Z,1,2,false
2019-07-13T16:03:17.393Z,1,3,false
2019-07-13T16:03:28.189Z,1,4,false
2019-07-13T16:03:39.332Z,1,5,false
2019-07-13T16:03:49.994Z,1,6,false
2019-07-13T16:03:58.708Z,1,7,false
2019-07-13T16:04:07.826Z,1,8,false
2019-07-13T16:04:18.458Z,1,9,false
2019-07-13T16:04:58.040Z,1,1,false
2019-07-13T16:05:08.124Z,1,2,false
2019-07-13T16:05:17.958Z,1,3,false
2019-07-13T16:05:27.477Z,1,4,false
2019-07-13T16:05:38.133Z,1,5,false
2019-07-13T16:05:48.822Z,1,6,false
2019-07-13T16:05:58.657Z,1,7,false
2019-07-13T16:06:07.224Z,1,8,false
2019-07-13T16:06:16.702Z,1,9,false
2019-07-13T16:06:55.970Z,1,1,false
2019-07-13T16:07:05.869Z,1,2,false
2019-07-13T16:07:15.609Z,1,3,false
2019-07-13T16:07:25.567Z,1,4,false
2019-07-13T16:07:34.146Z,1,5,false
2019-07-13T16:07:43.953Z,1,6,false
2019-07-13T16:07:53.544Z,1,7,false
2019-07-13T16:08:03.753Z,1,8,false
2019-07-13T16:08:14.020Z,1,9,false
2019-07-13T16:08:53.879Z,1,1,false
2019-07-13T16:09:03.498Z,1,2,false
2019-07-13T16:09:12.796Z,1,3,false
2019-07-13T16:09:23.223Z,1,4,false
2019-07-13T16:09:34.224Z,1,5,false
2019-07-13T16:09:42.692Z,1,6,false
2019-07-13T16:09:52.700Z,1,7,false
2019-07-13T16:10:02.298Z,1,8,false
2019-07-13T16:10:12.536Z,1,9,false
2019-07-13T16:10:52.389Z,1,1,false
2019-07-13T16:11:01.450Z,1,2,false
2019-07-13T16:11:10.398Z,1,3,false
2019-07-13T16:11:20.722Z,1,4,false
2019-07-13T16:11:31.362Z,1,5,false
2019-07-13T16:11:41.615Z,1,6,false
2019-07-13T16:11:51.376Z,1,7,false
2019-07-13T16:12:00.164Z,1,8,false
2019-07-13T16:12:10.302Z,1,9,false
2019-07-13T16:12:50.851Z,1,1,false
2019-07-13T16:13:00.527Z,1,2,false
2019-07-13T16:13:09.909Z,1,3,false
2019-07-13T16:13:19.259Z,1,4,false
2019-07-13T16:13:29.579Z,1,5,false
2019-07-13T16:13:38.992Z,1,6,false
2019-07-13T16:13:49.197Z,1,7,false
2019-07-13T16:13:58.943Z,1,8,false
2019-07-13T16:14:09.168Z,1,9,false
2019-07-13T16:14:49.428Z,1,1,false
2019-07-13T16:14:59.374Z,1,2,false
2019-07-13T16:15:07.892Z,1,3,false
2019-07-13T16:15:17.533Z,1,4,false
2019-07-13T16:15:27.292Z,1,5,false
2019-07-13T16:15:36.941Z,1,6,false
2019-07-13T16:15:47.795Z,1,7,false
2019-07-13T16:15:57.956Z,1,8,false
2019-07-13T16:16:07.855Z,1,9,false
2019-07-13T16:16:47.267Z,1,1,false
2019-07-13T16:16:57.686Z,1,2,false
2019-07-13T16:17:07.107Z,1,3,false
2019-07-13T16:17:16.476Z,1,4,false
2019-07-13T16:17:27.114Z,1,5,false
2019-07-13T16:17:37.420Z,1,6,false
2019-07-13T16:17:47.767Z,1,7,false
2019-07-13T16:17:56.976Z,1,8,false
2019-07-13T16:18:06.578Z,1,9,false
2019-07-13T16:18:46.305Z,1,1,false
2019-07-13T16:18:56.607Z,1,2,false
2019-07-13T16:19:06.329Z,1,3,false
2019-07-13T16:19:15.865Z,1,4,false
2019-07-13T16:19:26.851Z,1,5,false
2019-07-13T16:19:37.344Z,1,6,false
2019-07-13T16:19:47.709Z,1,7,false
2019-07-13T16:19:57.838Z,1,8,false
2019-07-13T16:20:07.744Z,1,9,false
2019-07-13T16:20:47.117Z,1,1,false
2019-07-13T16:20:56.151Z,1,2,false
2019-07-13T16:21:05.502Z,1,3,false
2019-07-13T16:21:15.748Z,1,4,false
2019-07-13T16:21:26.018Z,1,5,false
2019-07-13T16:21:36.251Z,1,6,false
2019-07-13T16:21:46.553Z,1,7,false
2019-07-13T16:21:56.741Z,1,8,false
2019-07-13T16:22:06.867Z,1,9,false
2019-07-13T16:22:46.753Z,1,1,false
2019-07-13T16:22:55.815Z,1,2,false
2019-07-13T16:23:05.184Z,1,3,false
2019-07-13T16:23:14.165Z,1,4,false
2019-07-13T16:23:24.466Z,1,5,false
2019-07-13T16:23:33.236Z,1,6,false
2019-07-13T16:23:43.497Z,1,7,false
2019-07-13T16:23:53.838Z,1,8,false
2019-07-13T16:24:04.280Z,1,9,false
2019-07-13T16:24:44.927Z,1,1,false
2019-07-13T16:24:54.610Z,1,2,false
2019-07-13T16:25:04.644Z,1,3,false
2019-07-13T16:25:15.028Z,1,4,false
2019-07-13T16:25:25.540Z,1,5,false
2019-07-13T16:25:36.277Z,1,6,false
2019-07-13T16:25:47.213Z,1,7,false
2019-07-13T16:25:57.291Z,1,8,false
2019-07-13T16:26:07.633Z,1,9,false
2019-07-13T16:26:48.147Z,1,1,false
2019-07-13T16:26:58.638Z,1,2,false
2019-07-13T16:27:07.999Z,1,3,false
2019-07-13T16:27:18.632Z,1,4,false
2019-07-13T16:27:29.827Z,1,5,false
2019-07-13T16:27:39.614Z,1,6,false
2019-07-13T16:27:50.520Z,1,7,false
2019-07-13T16:28:00.160Z,1,8,false
2019-07-13T16:28:10.572Z,1,9,false
2019-07-13T16:28:50.409Z,1,1,false
2019-07-13T16:29:00.608Z,1,2,false
2019-07-13T16:29:10.793Z,1,3,false
2019-07-13T16:29:20.890Z,1,4,false
2019-07-13T16:29:31.767Z,1,5,false
2019-07-13T16:29:42.358Z,1,6,false
2019-07-13T16:29:52.625Z,1,7,false
2019-07-13T16:30:03.011Z,1,8,false
2019-07-13T16:30:13.616Z,1,9,false
2019-07-13T16:30:53.487Z,1,1,false
2019-07-13T16:31:03.804Z,1,2,false
2019-07-13T16:31:13.193Z,1,3,false
2019-07-13T16:31:23.572Z,1,4,false
2019-07-13T16:31:34.160Z,1,5,false
2019-07-13T16:31:44.694Z,1,6,false
2019-07-13T16:31:55.687Z,1,7,false
2019-07-13T16:32:06.124Z,1,8,false
2019-07-13T16:32:16.421Z,1,9,false
2019-07-13T16:32:57.167Z,1,1,false
2019-07-13T16:33:07.750Z,1,2,false
2019-07-13T16:33:18.117Z,1,3,false
2019-07-13T16:33:29.268Z,1,4,false
2019-07-13T16:33:40.539Z,1,5,false
2019-07-13T16:33:51.423Z,1,6,false
2019-07-13T16:34:02.311Z,1,7,false
2019-07-13T16:34:12.497Z,1,8,false
2019-07-13T16:34:22.751Z,1,9,false
2019-07-13T16:35:02.706Z,1,1,false
2019-07-13T16:35:12.897Z,1,2,false
2019-07-13T16:35:20.611Z,1,3,false
2019-07-13T16:35:31.407Z,1,4,false
2019-07-13T16:35:41.732Z,1,5,false
2019-07-13T16:35:51.531Z,1,6,false
2019-07-13T16:36:01.640Z,1,7,false
2019-07-13T16:36:12.142Z,1,8,false
2019-07-13T16:36:22.396Z,1,9,false
2019-07-13T16:37:02.855Z,1,1,false
2019-07-13T16:37:10.836Z,1,2,false
2019-07-13T16:37:20.979Z,1,3,false
2019-07-13T16:37:31.149Z,1,4,false
2019-07-13T16:37:41.995Z,1,5,false
2019-07-13T16:37:52.699Z,1,6,false
2019-07-13T16:38:02.956Z,1,7,false
2019-07-13T16:38:13.530Z,1,8,false
2019-07-13T16:38:23.977Z,1,9,false
2019-07-13T16:39:04.387Z,1,1,false
2019-07-13T16:39:12.354Z,1,2,false
2019-07-13T16:39:21.842Z,1,3,false
2019-07-13T16:39:32.870Z,1,4,false
2019-07-13T16:39:43.484Z,1,5,false
2019-07-13T16:39:53.835Z,1,6,false
2019-07-13T16:40:04.213Z,1,7,false
2019-07-13T16:40:13.786Z,1,8,false
2019-07-13T16:40:24.022Z,1,9,false
2019-07-13T16:41:04.396Z,1,1,false
2019-07-13T16:41:13.873Z,1,2,false
2019-07-13T16:41:23.221Z,1,3,false
2019-07-13T16:41:33.603Z,1,4,false
2019-07-13T16:41:44.133Z,1,5,false
2019-07-13T16:41:54.759Z,1,6,false
2019-07-13T16:42:04.711Z,1,7,false
2019-07-13T16:42:15.163Z,1,8,false
2019-07-13T16:42:25.747Z,1,9,false
2019-07-13T16:43:05.537Z,1,1,false
2019-07-13T16:43:15.636Z,1,2,false
2019-07-13T16:43:25.572Z,1,3,false
2019-07-13T16:43:36.333Z,1,4,false
2019-07-13T16:43:46.607Z,1,5,false
2019-07-13T16:43:55.114Z,1,6,false
2019-07-13T16:44:05.353Z,1,7,false
2019-07-13T16:44:15.630Z,1,8,false
2019-07-13T16:44:25.799Z,1,9,false
2019-07-13T16:45:04.338Z,1,1,false
2019-07-13T16:45:12.613Z,1,2,false
2019-07-13T16:45:22.652Z,1,3,false
2019-07-13T16:45:31.939Z,1,4,false
2019-07-13T16:45:41.638Z,1,5,false
2019-07-13T16:45:52.128Z,1,6,false
2019-07-13T16:46:02.262Z,1,7,false
2019-07-13T16:46:10.545Z,1,8,false
2019-07-13T16:46:20.599Z,1,9,false
2019-07-13T16:47:00.960Z,1,1,false
2019-07-13T16:47:10.491Z,1,2,false
2019-07-13T16:47:19.813Z,1,3,false
2019-07-13T16:47:29.769Z,1,4,false
2019-07-13T16:47:43.813Z,1,5,false
2019-07-13T16:47:54.334Z,1,6,false
2019-07-13T16:48:05.171Z,1,7,false
2019-07-13T16:48:15.559Z,1,8,false
2019-07-13T16:48:25.787Z,1,9,false
2019-07-13T16:49:06.450Z,1,1,false
2019-07-13T16:49:16.967Z,1,2,false
2019-07-13T16:49:25.325Z,1,3,false
2019-07-13T16:49:36.059Z,1,4,false
2019-07-13T16:49:46.939Z,1,5,false
2019-07-13T16:49:57.185Z,1,6,false
2019-07-13T16:50:07.494Z,1,7,false
2019-07-13T16:50:16.810Z,1,8,false
2019-07-13T16:50:27.008Z,1,9,false
2019-07-13T16:51:07.036Z,1,1,false
2019-07-13T16:51:15.703Z,1,2,false
2019-07-13T16:51:25.179Z,1,3,false
2019-07-13T16:51:35.115Z,1,4,false
2019-07-13T16:51:45.397Z,1,5,false
2019-07-13T16:51:55.851Z,1,6,false
2019-07-13T16:52:06.463Z,1,7,false
2019-07-13T16:52:16.516Z,1,8,false
2019-07-13T16:52:26.467Z,1,9,false
2019-07-13T16:53:06.863Z,1,1,false
2019-07-13T16:53:14.839Z,1,2,false
2019-07-13T16:53:25.158Z,1,3,false
2019-07-13T16:53:35.453Z,1,4,false
2019-07-13T16:53:46.516Z,1,5,false
2019-07-13T16:53:57.403Z,1,6,false
2019-07-13T16:54:08.291Z,1,7,false
2019-07-13T16:54:18.751Z,1,8,false
2019-07-13T16:54:29.683Z,1,9,false
2019-07-13T16:55:10.403Z,1,1,false
2019-07-13T16:55:18.334Z,1,2,false
2019-07-13T16:55:28.255Z,1,3,false
2019-07-13T16:55:39.141Z,1,4,false
2019-07-13T16:55:50.374Z,1,5,false
2019-07-13T16:55:59.772Z,1,6,false
2019-07-13T16:56:10.207Z,1,7,false
2019-07-13T16:56:19.229Z,1,8,false
2019-07-13T16:56:29.467Z,1,9,false
2019-07-13T16:57:09.353Z,1,1,false
2019-07-13T16:57:18.967Z,1,2,false
2019-07-13T16:57:28.464Z,1,3,false
2019-07-13T16:57:39.210Z,1,4,false
2019-07-13T16:57:50.356Z,1,5,false
2019-07-13T16:58:00.798Z,1,6,false
2019-07-13T16:58:11.419Z,1,7,false
2019-07-13T16:58:21.704Z,1,8,false
2019-07-13T16:58:31.259Z,1,9,false
2019-07-13T16:59:11.588Z,1,1,false
2019-07-13T16:59:19.558Z,1,2,false
2019-07-13T16:59:29.224Z,1,3,false
2019-07-13T16:59:40.002Z,1,4,false
2019-07-13T16:59:50.783Z,1,5,false
2019-07-13T17:00:01.350Z,1,6,false
2019-07-13T17:00:10.739Z,1,7,false
2019-07-13T17:00:20.618Z,1,8,false
2019-07-13T17:00:31.172Z,1,9,false
2019-07-13T17:01:10.824Z,1,1,false
2019-07-13T17:01:20.433Z,1,2,false
2019-07-13T17:01:30.335Z,1,3,false
2019-07-13T17:01:40.436Z,1,4,false
2019-07-13T17:01:51.422Z,1,5,false
2019-07-13T17:02:00.134Z,1,6,false
2019-07-13T17:02:10.285Z,1,7,false
2019-07-13T17:02:20.430Z,1,8,false
2019-07-13T17:02:30.794Z,1,9,false
2019-07-13T17:03:09.570Z,1,1,false
2019-07-13T17:03:17.526Z,1,2,false
2019-07-13T17:03:25.242Z,1,3,false
2019-07-13T17:03:35.617Z,1,4,false
2019-07-13T17:03:46.760Z,1,5,false
2019-07-13T17:03:57.203Z,1,6,false
2019-07-13T17:04:08.035Z,1,7,false
2019-07-13T17:04:18.513Z,1,8,false
2019-07-13T17:04:29.303Z,1,9,false
2019-07-13T17:05:10.070Z,1,1,false
2019-07-13T17:05:18.055Z,1,2,false
2019-07-13T17:05:25.752Z,1,3,false
2019-07-13T17:05:37.031Z,1,4,false
2019-07-13T17:05:48.168Z,1,5,false
2019-07-13T17:05:58.705Z,1,6,false
2019-07-13T17:06:09.362Z,1,7,false
2019-07-13T17:06:19.129Z,1,8,false
2019-07-13T17:06:29.449Z,1,9,false
2019-07-13T17:07:09.174Z,1,1,false
2019-07-13T17:07:17.137Z,1,2,false
2019-07-13T17:07:26.484Z,1,3,false
2019-07-13T17:07:35.976Z,1,4,false
2019-07-13T17:07:45.757Z,1,5,false
2019-07-13T17:07:54.150Z,1,6,false
2019-07-13T17:08:04.636Z,1,7,false
2019-07-13T17:08:14.104Z,1,8,false
2019-07-13T17:08:24.114Z,1,9,false
2019-07-13T17:09:04.418Z,1,1,false
2019-07-13T17:09:12.381Z,1,2,false
2019-07-13T17:09:20.107Z,1,3,false
2019-07-13T17:09:30.177Z,1,4,false
2019-07-13T17:09:41.328Z,1,5,false
2019-07-13T17:09:52.071Z,1,6,false
2019-07-13T17:10:02.027Z,1,7,false
2019-07-13T17:10:12.587Z,1,8,false
2019-07-13T17:10:23.420Z,1,9,false
2019-07-13T17:11:04.041Z,1,1,false
2019-07-13T17:11:12.011Z,1,2,false
2019-07-13T17:11:19.711Z,1,3,false
2019-07-13T17:11:28.085Z,1,4,false
2019-07-13T17:11:39.330Z,1,5,false
2019-07-13T17:11:50.137Z,1,6,false
2019-07-13T17:11:59.690Z,1,7,false
2019-07-13T17:12:09.136Z,1,8,false
2019-07-13T17:12:19.379Z,1,9,false
2019-07-13T17:12:59.307Z,1,1,false
2019-07-13T17:13:07.294Z,1,2,false
2019-07-13T17:13:16.591Z,1,3,false
2019-07-13T17:13:25.049Z,1,4,false
2019-07-13T17:13:35.064Z,1,5,false
2019-07-13T17:13:44.245Z,1,6,false
2019-07-13T17:13:54.745Z,1,7,false
2019-07-13T17:14:03.130Z,1,8,false
2019-07-13T17:14:13.229Z,1,9,false
2019-07-13T17:14:53.672Z,1,1,false
2019-07-13T17:15:01.636Z,1,2,false
2019-07-13T17:15:09.387Z,1,3,false
2019-07-13T17:15:18.298Z,1,4,false
2019-07-13T17:15:28.993Z,1,5,false
2019-07-13T17:15:38.867Z,1,6,false
2019-07-13T17:15:49.397Z,1,7,false
2019-07-13T17:15:59.361Z,1,8,false
2019-07-13T17:16:09.564Z,1,9,false
2019-07-13T17:16:49.419Z,1,1,false
2019-07-13T17:16:57.428Z,1,2,false
2019-07-13T17:17:06.199Z,1,3,false
2019-07-13T17:17:14.649Z,1,4,false
2019-07-13T17:17:23.366Z,1,5,false
2019-07-13T17:17:33.426Z,1,6,false
2019-07-13T17:17:43.872Z,1,7,false
2019-07-13T17:17:54.237Z,1,8,false
2019-07-13T17:18:04.530Z,1,9,false
2019-07-13T17:18:44.856Z,1,1,false
2019-07-13T17:18:53.708Z,1,2,false
2019-07-13T17:19:01.460Z,1,3,false
2019-07-13T17:19:09.861Z,1,4,false
2019-07-13T17:19:20.288Z,1,5,false
2019-07-13T17:19:30.400Z,1,6,false
2019-07-13T17:19:40.390Z,1,7,false
2019-07-13T17:19:50.679Z,1,8,false
2019-07-13T17:20:00.761Z,1,9,false
2019-07-13T17:20:40.599Z,1,1,false
2019-07-13T17:20:50.012Z,1,2,false
2019-07-13T17:20:57.764Z,1,3,false
2019-07-13T17:21:07.854Z,1,4,false
2019-07-13T17:21:16.535Z,1,5,false
2019-07-13T17:21:26.376Z,1,6,false
2019-07-13T17:21:36.059Z,1,7,false
2019-07-13T17:21:46.126Z,1,8,false
2019-07-13T17:21:56.473Z,1,9,false
2019-07-13T17:22:36.496Z,1,1,false
2019-07-13T17:22:44.470Z,1,2,false
2019-07-13T17:22:52.281Z,1,3,false
2019-07-13T17:23:00.709Z,1,4,false
2019-07-13T17:23:10.945Z,1,5,false
2019-07-13T17:23:20.932Z,1,6,false
2019-07-13T17:23:31.178Z,1,7,false
2019-07-13T17:23:41.711Z,1,8,false
2019-07-13T17:23:52.391Z,1,9,false
2019-07-13T17:24:33.028Z,1,1,false
2019-07-13T17:24:41.034Z,1,2,false
2019-07-13T17:24:49.897Z,1,3,false
2019-07-13T17:24:58.374Z,1,4,false
2019-07-13T17:25:07.020Z,1,5,false
2019-07-13T17:25:17.559Z,1,6,false
2019-07-13T17:25:28.108Z,1,7,false
2019-07-13T17:25:38.402Z,1,8,false
2019-07-13T17:25:49.034Z,1,9,false
2019-07-13T17:26:29.425Z,1,1,false
2019-07-13T17:26:39.508Z,1,2,false
2019-07-13T17:26:48.939Z,1,3,false
2019-07-13T17:26:58.972Z,1,4,false
2019-07-13T17:27:07.663Z,1,5,false
2019-07-13T17:27:18.261Z,1,6,false
2019-07-13T17:27:28.333Z,1,7,false
2019-07-13T17:27:38.597Z,1,8,false
2019-07-13T17:27:49.106Z,1,9,false
2019-07-13T17:28:29.743Z,1,1,false
2019-07-13T17:28:37.981Z,1,2,false
2019-07-13T17:28:48.066Z,1,3,false
2019-07-13T17:28:56.487Z,1,4,false
2019-07-13T17:29:05.830Z,1,5,false
2019-07-13T17:29:16.483Z,1,6,false
2019-07-13T17:29:26.611Z,1,7,false
2019-07-13T17:29:36.657Z,1,8,false
2019-07-13T17:29:47.421Z,1,9,false
2019-07-13T17:30:27.643Z,1,1,false
2019-07-13T17:30:35.598Z,1,2,false
2019-07-13T17:30:44.698Z,1,3,false
2019-07-13T17:30:54.748Z,1,4,false
2019-07-13T17:31:03.398Z,1,5,false
2019-07-13T17:31:14.037Z,1,6,false
2019-07-13T17:31:24.398Z,1,7,false
2019-07-13T17:31:34.916Z,1,8,false
2019-07-13T17:31:45.690Z,1,9,false
2019-07-13T17:32:25.514Z,1,1,false
2019-07-13T17:32:35.557Z,1,2,false
2019-07-13T17:32:45.166Z,1,3,false
2019-07-13T17:32:53.592Z,1,4,false
2019-07-13T17:33:04.229Z,1,5,false
2019-07-13T17:33:14.401Z,1,6,false
2019-07-13T17:33:24.793Z,1,7,false
2019-07-13T17:33:35.129Z,1,8,false
2019-07-13T17:33:45.697Z,1,9,false
2019-07-13T17:34:25.976Z,1,1,false
2019-07-13T17:34:33.946Z,1,2,false
2019-07-13T17:34:42.457Z,1,3,false
2019-07-13T17:34:50.924Z,1,4,false
2019-07-13T17:34:59.581Z,1,5,false
2019-07-13T17:35:10.302Z,1,6,false
2019-07-13T17:35:20.894Z,1,7,false
2019-07-13T17:35:31.064Z,1,8,false
2019-07-13T17:35:41.765Z,1,9,false
2019-07-13T17:36:22.356Z,1,1,false
2019-07-13T17:36:32.425Z,1,2,false
2019-07-13T17:36:40.156Z,1,3,false
2019-07-13T17:36:50.001Z,1,4,false
2019-07-13T17:36:58.641Z,1,5,false
2019-07-13T17:37:09.181Z,1,6,false
2019-07-13T17:37:19.273Z,1,7,false
2019-07-13T17:37:29.198Z,1,8,false
2019-07-13T17:37:39.146Z,1,9,false
2019-07-13T17:38:19.716Z,1,1,false
2019-07-13T17:38:28.495Z,1,2,false
2019-07-13T17:38:36.208Z,1,3,false
2019-07-13T17:38:44.617Z,1,4,false
2019-07-13T17:38:55.076Z,1,5,false
2019-07-13T17:39:05.463Z,1,6,false
2019-07-13T17:39:15.377Z,1,7,false
2019-07-13T17:39:24.957Z,1,8,false
2019-07-13T17:39:35.243Z,1,9,false
2019-07-13T17:40:15.000Z,1,1,false
2019-07-13T17:40:24.860Z,1,2,false
2019-07-13T17:40:34.766Z,1,3,false
2019-07-13T17:40:43.141Z,1,4,false
2019-07-13T17:40:53.504Z,1,5,false
2019-07-13T17:41:03.607Z,1,6,false
2019-07-13T17:41:13.740Z,1,7,false
2019-07-13T17:41:22.800Z,1,8,false
2019-07-13T17:41:33.122Z,1,9,false
2019-07-13T17:42:13.087Z,1,1,false
2019-07-13T17:42:22.730Z,1,2,false
2019-07-13T17:42:30.445Z,1,3,false
2019-07-13T17:42:38.869Z,1,4,false
2019-07-13T17:42:49.256Z,1,5,false
2019-07-13T17:42:59.712Z,1,6,false
2019-07-13T17:43:09.674Z,1,7,false
2019-07-13T17:43:18.851Z,1,8,false
2019-07-13T17:43:29.371Z,1,9,false
2019-07-13T17:44:09.750Z,1,1,false
2019-07-13T17:44:19.623Z,1,2,false
2019-07-13T17:44:27.807Z,1,3,false
2019-07-13T17:44:36.238Z,1,4,false
2019-07-13T17:44:45.841Z,1,5,false
2019-07-13T17:44:54.037Z,1,6,false
2019-07-13T17:45:05.000Z,1,7,false
2019-07-13T17:45:15.508Z,1,8,false
2019-07-13T17:45:25.859Z,1,9,false
2019-07-13T17:46:06.538Z,1,1,false
2019-07-13T17:46:15.585Z,1,2,false
2019-07-13T17:46:24.235Z,1,3,false
2019-07-13T17:46:32.656Z,1,4,false
2019-07-13T17:46:41.315Z,1,5,false
2019-07-13T17:46:50.179Z,1,6,false
2019-07-13T17:47:01.017Z,1,7,false
2019-07-13T17:47:11.527Z,1,8,false
2019-07-13T17:47:22.336Z,1,9,false
2019-07-13T17:48:03.088Z,1,1,false
2019-07-13T17:48:13.219Z,1,2,false
2019-07-13T17:48:23.117Z,1,3,false
2019-07-13T17:48:31.550Z,1,4,false
2019-07-13T17:48:41.023Z,1,5,false
2019-07-13T17:48:50.201Z,1,6,false
2019-07-13T17:49:00.568Z,1,7,false
2019-07-13T17:49:10.042Z,1,8,false
2019-07-13T17:49:20.833Z,1,9,false
2019-07-13T17:50:01.579Z,1,1,false
2019-07-13T17:50:11.395Z,1,2,false
2019-07-13T17:50:19.567Z,1,3,false
2019-07-13T17:50:29.940Z,1,4,false
2019-07-13T17:50:39.044Z,1,5,false
2019-07-13T17:50:49.320Z,1,6,false
2019-07-13T17:50:59.438Z,1,7,false
2019-07-13T17:51:09.793Z,1,8,false
2019-07-13T17:51:20.009Z,1,9,false
2019-07-13T17:52:00.230Z,1,1,false
2019-07-13T17:52:10.659Z,1,2,false
2019-07-13T17:52:19.621Z,1,3,false
2019-07-13T17:52:29.679Z,1,4,false
2019-07-13T17:52:39.989Z,1,5,false
2019-07-13T17:52:50.669Z,1,6,false
2019-07-13T17:53:01.259Z,1,7,false
2019-07-13T17:53:11.592Z,1,8,false
2019-07-13T17:53:22.225Z,1,9,false
2019-07-13T17:54:02.653Z,1,1,false
2019-07-13T17:54:12.974Z,1,2,false
2019-07-13T17:54:22.324Z,1,3,false
2019-07-13T17:54:30.721Z,1,4,false
2019-07-13T17:54:39.397Z,1,5,false
2019-07-13T17:54:50.113Z,1,6,false
2019-07-13T17:55:00.241Z,1,7,false
2019-07-13T17:55:10.578Z,1,8,false
2019-07-13T17:55:19.599Z,1,9,false
2019-07-13T17:55:59.152Z,1,1,false
2019-07-13T17:56:09.575Z,1,2,false
2019-07-13T17:56:17.273Z,1,3,false
2019-07-13T17:56:27.339Z,1,4,false
2019-07-13T17:56:36.001Z,1,5,false
2019-07-13T17:56:44.168Z,1,6,false
2019-07-13T17:56:55.011Z,1,7,false
2019-07-13T17:57:05.085Z,1,8,false
2019-07-13T17:57:15.362Z,1,9,false
2019-07-13T17:57:55.694Z,1,1,false
2019-07-13T17:58:05.693Z,1,2,false
2019-07-13T17:58:14.603Z,1,3,false
2019-07-13T17:58:24.620Z,1,4,false
2019-07-13T17:58:34.955Z,1,5,false
2019-07-13T17:58:43.685Z,1,6,false
2019-07-13T17:58:54.204Z,1,7,false
2019-07-13T17:59:03.635Z,1,8,false
2019-07-13T17:59:14.120Z,1,9,false
2019-07-13T17:59:54.544Z,1,1,false
2019-07-13T18:00:02.950Z,1,2,false
2019-07-13T18:00:12.625Z,1,3,false
2019-07-13T18:00:21.007Z,1,4,false
2019-07-13T18:00:29.613Z,1,5,false
2019-07-13T18:00:37.784Z,1,6,false
2019-07-13T18:00:48.085Z,1,7,false
2019-07-13T18:00:58.107Z,1,8,false
2019-07-13T18:01:08.709Z,1,9,false
2019-07-13T18:01:49.328Z,1,1,false
2019-07-13T18:01:59.328Z,1,2,false
2019-07-13T18:02:09.500Z,1,3,false
2019-07-13T18:02:19.526Z,1,4,false
2019-07-13T18:02:28.186Z,1,5,false
2019-07-13T18:02:36.379Z,1,6,false
2019-07-13T18:02:44.658Z,1,7,false
2019-07-13T18:02:54.594Z,1,8,false
2019-07-13T18:03:04.694Z,1,9,false
2019-07-13T18:03:44.394Z,1,1,false
2019-07-13T18:03:53.296Z,1,2,false
2019-07-13T18:04:01.970Z,1,3,false
2019-07-13T18:04:12.038Z,1,4,false
2019-07-13T18:04:20.689Z,1,5,false
2019-07-13T18:04:28.887Z,1,6,false
2019-07-13T18:04:37.174Z,1,7,false
2019-07-13T18:04:47.763Z,1,8,false
2019-07-13T18:04:58.551Z,1,9,false
2019-07-13T18:05:39.393Z,1,1,false
2019-07-13T18:05:49.894Z,1,2,false
2019-07-13T18:06:00.080Z,1,3,false
2019-07-13T18:06:10.824Z,1,4,false
2019-07-13T18:06:21.102Z,1,5,false
2019-07-13T18:06:29.898Z,1,6,false
2019-07-13T18:06:38.174Z,1,7,false
2019-07-13T18:06:48.505Z,1,8,false
2019-07-13T18:06:59.311Z,1,9,false
2019-07-13T18:07:39.646Z,1,1,false
2019-07-13T18:07:50.283Z,1,2,false
2019-07-13T18:08:00.501Z,1,3,false
2019-07-13T18:08:11.397Z,1,4,false
2019-07-13T18:08:20.070Z,1,5,false
2019-07-13T18:08:28.235Z,1,6,false
2019-07-13T18:08:36.531Z,1,7,false
2019-07-13T18:08:44.472Z,1,8,false
2019-07-13T18:08:55.207Z,1,9,false
2019-07-13T18:09:35.384Z,1,1,false
2019-07-13T18:09:44.248Z,1,2,false
2019-07-13T18:09:53.808Z,1,3,false
2019-07-13T18:10:04.567Z,1,4,false
2019-07-13T18:10:15.206Z,1,5,false
2019-07-13T18:10:23.381Z,1,6,false
2019-07-13T18:10:31.713Z,1,7,false
2019-07-13T18:10:39.634Z,1,8,false
2019-07-13T18:10:49.970Z,1,9,false
2019-07-13T18:11:29.173Z,1,1,false
2019-07-13T18:11:38.922Z,1,2,false
2019-07-13T18:11:49.159Z,1,3,false
2019-07-13T18:11:59.572Z,1,4,false
2019-07-13T18:12:10.701Z,1,5,false
2019-07-13T18:12:18.902Z,1,6,false
2019-07-13T18:12:27.188Z,1,7,false
2019-07-13T18:12:35.073Z,1,8,false
2019-07-13T18:12:43.339Z,1,9,false
2019-07-13T18:13:24.223Z,1,1,false
2019-07-13T18:13:34.571Z,1,2,false
2019-07-13T18:13:44.884Z,1,3,false
2019-07-13T18:13:55.513Z,1,4,false
2019-07-13T18:14:06.621Z,1,5,false
2019-07-13T18:14:17.136Z,1,6,false
2019-07-13T18:14:26.903Z,1,7,false
2019-07-13T18:14:34.812Z,1,8,false
2019-07-13T18:14:43.019Z,1,9,false
2019-07-13T18:15:23.008Z,1,1,false
2019-07-13T18:15:33.546Z,1,2,false
2019-07-13T18:15:43.903Z,1,3,false
2019-07-13T18:15:54.775Z,1,4,false
2019-07-13T18:16:05.643Z,1,5,false
2019-07-13T18:16:15.690Z,1,6,false
2019-07-13T18:16:23.987Z,1,7,false
2019-07-13T18:16:33.594Z,1,8,false
2019-07-13T18:16:41.808Z,1,9,false
2019-07-13T18:17:22.219Z,1,1,false
2019-07-13T18:17:32.342Z,1,2,false
2019-07-13T18:17:42.120Z,1,3,false
2019-07-13T18:17:52.470Z,1,4,false
2019-07-13T18:18:03.439Z,1,5,false
2019-07-13T18:18:13.825Z,1,6,false
2019-07-13T18:18:22.130Z,1,7,false
2019-07-13T18:18:30.063Z,1,8,false
2019-07-13T18:18:38.279Z,1,9,false
2019-07-13T18:19:18.042Z,1,1,false
2019-07-13T18:19:28.563Z,1,2,false
2019-07-13T18:19:38.912Z,1,3,false
2019-07-13T18:19:49.998Z,1,4,false
2019-07-13T18:20:00.704Z,1,5,false
2019-07-13T18:20:11.107Z,1,6,false
2019-07-13T18:20:21.140Z,1,7,false
2019-07-13T18:20:30.681Z,1,8,false
2019-07-13T18:20:38.939Z,1,9,false
2019-07-13T18:21:18.998Z,1,1,false
2019-07-13T18:21:27.380Z,1,2,false
2019-07-13T18:21:36.118Z,1,3,false
2019-07-13T18:21:46.247Z,1,4,false
2019-07-13T18:21:57.138Z,1,5,false
2019-07-13T18:22:07.748Z,1,6,false
2019-07-13T18:22:16.163Z,1,7,false
2019-07-13T18:22:24.657Z,1,8,false
2019-07-13T18:22:32.858Z,1,9,false
2019-07-13T18:23:12.648Z,1,1,false
2019-07-13T18:23:20.596Z,1,2,false
2019-07-13T18:23:30.095Z,1,3,false
2019-07-13T18:23:40.440Z,1,4,false
2019-07-13T18:23:51.043Z,1,5,false
2019-07-13T18:24:01.774Z,1,6,false
2019-07-13T18:24:12.298Z,1,7,false
2019-07-13T18:24:21.836Z,1,8,false
2019-07-13T18:24:32.121Z,1,9,false
2019-07-13T18:25:10.322Z,1,1,false
2019-07-13T18:25:20.318Z,1,2,false
2019-07-13T18:25:30.059Z,1,3,false
2019-07-13T18:25:41.001Z,1,4,false
2019-07-13T18:25:52.126Z,1,5,false
2019-07-13T18:26:02.420Z,1,6,false
2019-07-13T18:26:12.906Z,1,7,false
2019-07-13T18:26:22.462Z,1,8,false
2019-07-13T18:26:30.691Z,1,9,false
2019-07-13T18:27:08.917Z,1,1,false
2019-07-13T18:27:19.436Z,1,2,false
2019-07-13T18:27:29.880Z,1,3,false
2019-07-13T18:27:40.919Z,1,4,false
2019-07-13T18:27:52.147Z,1,5,false
2019-07-13T18:28:02.832Z,1,6,false
2019-07-13T18:28:13.199Z,1,7,false
2019-07-13T18:28:21.133Z,1,8,false
2019-07-13T18:28:29.335Z,1,9,false
2019-07-13T18:29:09.710Z,1,1,false
2019-07-13T18:29:20.213Z,1,2,false
2019-07-13T18:29:30.029Z,1,3,false
2019-07-13T18:29:40.800Z,1,4,false
2019-07-13T18:29:52.117Z,1,5,false
2019-07-13T18:30:02.761Z,1,6,false
2019-07-13T18:30:13.088Z,1,7,false
2019-07-13T18:30:21.775Z,1,8,false
2019-07-13T18:30:29.971Z,1,9,false
2019-07-13T18:31:10.034Z,1,1,false
2019-07-13T18:31:20.493Z,1,2,false
2019-07-13T18:31:30.077Z,1,3,false
2019-07-13T18:31:40.070Z,1,4,false
2019-07-13T18:31:51.021Z,1,5,false
2019-07-13T18:32:00.217Z,1,6,false
2019-07-13T18:32:10.562Z,1,7,false
2019-07-13T18:32:19.114Z,1,8,false
2019-07-13T18:32:28.627Z,1,9,false
2019-07-13T18:33:06.816Z,1,1,false
2019-07-13T18:33:15.698Z,1,2,false
2019-07-13T18:33:25.664Z,1,3,false
2019-07-13T18:33:36.104Z,1,4,false
2019-07-13T18:33:47.320Z,1,5,false
2019-07-13T18:33:57.135Z,1,6,false
2019-07-13T18:34:07.864Z,1,7,false
2019-07-13T18:34:16.891Z,1,8,false
2019-07-13T18:34:27.128Z,1,9,false
2019-07-13T18:35:05.321Z,1,1,false
2019-07-13T18:35:15.067Z,1,2,false
2019-07-13T18:35:25.327Z,1,3,false
2019-07-13T18:35:36.312Z,1,4,false
2019-07-13T18:35:47.663Z,1,5,false
2019-07-13T18:35:58.512Z,1,6,false
2019-07-13T18:36:09.323Z,1,7,false
2019-07-13T18:36:19.954Z,1,8,false
2019-07-13T18:36:28.619Z,1,9,false
2019-07-13T18:37:07.478Z,1,1,false
2019-07-13T18:37:17.958Z,1,2,false
2019-07-13T18:37:27.406Z,1,3,false
2019-07-13T18:37:38.421Z,1,4,false
2019-07-13T18:37:49.205Z,1,5,false
2019-07-13T18:37:57.465Z,1,6,false
2019-07-13T18:38:06.038Z,1,7,false
2019-07-13T18:38:16.296Z,1,8,false
2019-07-13T18:38:26.445Z,1,9,false
2019-07-13T18:39:06.326Z,1,1,false
2019-07-13T18:39:16.514Z,1,2,false
2019-07-13T18:39:25.964Z,1,3,false
2019-07-13T18:39:36.914Z,1,4,false
2019-07-13T18:39:48.140Z,1,5,false
2019-07-13T18:39:58.007Z,1,6,false
2019-07-13T18:40:08.327Z,1,7,false
2019-07-13T18:40:18.372Z,1,8,false
2019-07-13T18:40:28.320Z,1,9,false
2019-07-13T18:41:06.535Z,1,1,false
2019-07-13T18:41:17.042Z,1,2,false
2019-07-13T18:41:27.335Z,1,3,false
2019-07-13T18:41:38.069Z,1,4,false
2019-07-13T18:41:49.162Z,1,5,false
2019-07-13T18:41:59.943Z,1,6,false
2019-07-13T18:42:10.810Z,1,7,false
2019-07-13T18:42:21.230Z,1,8,false
2019-07-13T18:42:31.777Z,1,9,false
2019-07-13T18:43:09.978Z,1,1,false
2019-07-13T18:43:20.544Z,1,2,false
2019-07-13T18:43:30.934Z,1,3,false
2019-07-13T18:43:42.145Z,1,4,false
2019-07-13T18:43:53.505Z,1,5,false
2019-07-13T18:44:04.370Z,1,6,false
2019-07-13T18:44:15.401Z,1,7,false
2019-07-13T18:44:25.990Z,1,8,false
2019-07-13T18:44:36.713Z,1,9,false
2019-07-13T18:45:15.266Z,1,1,false
2019-07-13T18:45:25.834Z,1,2,false
2019-07-13T18:45:35.459Z,1,3,false
2019-07-13T18:45:46.484Z,1,4,false
2019-07-13T18:45:57.124Z,1,5,false
2019-07-13T18:46:07.866Z,1,6,false
2019-07-13T18:46:17.961Z,1,7,false
2019-07-13T18:46:27.905Z,1,8,false
2019-07-13T18:46:38.058Z,1,9,false
2019-07-13T18:47:17.976Z,1,1,false
2019-07-13T18:47:26.464Z,1,2,false
2019-07-13T18:47:35.793Z,1,3,false
2019-07-13T18:47:46.311Z,1,4,false
2019-07-13T18:48:00.054Z,1,5,false
2019-07-13T18:48:10.743Z,1,6,false
2019-07-13T18:48:21.453Z,1,7,false
2019-07-13T18:48:31.832Z,1,8,false
2019-07-13T18:48:42.295Z,1,9,false
2019-07-13T18:49:22.140Z,1,1,false
2019-07-13T18:49:32.257Z,1,2,false
2019-07-13T18:49:41.887Z,1,3,false
2019-07-13T18:49:52.767Z,1,4,false
2019-07-13T18:50:03.793Z,1,5,false
2019-07-13T18:50:14.442Z,1,6,false
2019-07-13T18:50:25.052Z,1,7,false
2019-07-13T18:50:35.349Z,1,8,false
2019-07-13T18:50:46.062Z,1,9,false
2019-07-13T18:51:24.181Z,1,1,false
2019-07-13T18:51:33.218Z,1,2,false
2019-07-13T18:51:42.592Z,1,3,false
2019-07-13T18:51:51.613Z,1,4,false
2019-07-13T18:52:01.934Z,1,5,false
2019-07-13T18:52:11.682Z,1,6,false
2019-07-13T18:52:21.873Z,1,7,false
2019-07-13T18:52:31.515Z,1,8,false
2019-07-13T18:52:41.898Z,1,9,false
2019-07-13T18:53:22.185Z,1,1,false
2019-07-13T18:53:32.565Z,1,2,false
2019-07-13T18:53:42.160Z,1,3,false
2019-07-13T18:53:51.696Z,1,4,false
2019-07-13T18:54:01.967Z,1,5,false
2019-07-13T18:54:12.370Z,1,6,false
2019-07-13T18:54:21.323Z,1,7,false
2019-07-13T18:54:31.241Z,1,8,false
2019-07-13T18:54:41.053Z,1,9,false
2019-07-13T18:55:21.171Z,1,1,false
2019-07-13T18:55:31.297Z,1,2,false
2019-07-13T18:55:41.437Z,1,3,false
2019-07-13T18:55:52.285Z,1,4,false
2019-07-13T18:56:03.501Z,1,5,false
2019-07-13T18:56:14.252Z,1,6,false
2019-07-13T18:56:24.166Z,1,7,false
2019-07-13T18:56:33.719Z,1,8,false
2019-07-13T18:56:44.227Z,1,9,false
2019-07-13T18:57:24.930Z,1,1,false
2019-07-13T18:57:33.572Z,1,2,false
2019-07-13T18:57:42.968Z,1,3,false
2019-07-13T18:57:53.106Z,1,4,false
2019-07-13T18:58:04.057Z,1,5,false
2019-07-13T18:58:14.344Z,1,6,false
2019-07-13T18:58:24.804Z,1,7,false
2019-07-13T18:58:33.933Z,1,8,false
2019-07-13T18:58:44.090Z,1,9,false
2019-07-13T18:59:23.714Z,1,1,false
2019-07-13T18:59:33.610Z,1,2,false
2019-07-13T18:59:43.128Z,1,3,false
2019-07-13T18:59:53.985Z,1,4,false
2019-07-13T19:00:04.654Z,1,5,false
2019-07-13T19:00:14.818Z,1,6,false
2019-07-13T19:00:25.058Z,1,7,false
2019-07-13T19:00:34.919Z,1,8,false
2019-07-13T19:00:45.194Z,1,9,false
2019-07-13T19:01:24.840Z,1,1,false
2019-07-13T19:01:34.438Z,1,2,false
2019-07-13T19:01:44.269Z,1,3,false
2019-07-13T19:01:54.731Z,1,4,false
2019-07-13T19:02:05.061Z,1,5,false
2019-07-13T19:02:14.884Z,1,6,false
2019-07-13T19:02:24.221Z,1,7,false
2019-07-13T19:02:34.144Z,1,8,false
2019-07-13T19:02:44.405Z,1,9,false
2019-07-13T19:03:23.628Z,1,1,false
2019-07-13T19:03:34.049Z,1,2,false
2019-07-13T19:03:42.898Z,1,3,false
2019-07-13T19:03:53.034Z,1,4,false
2019-07-13T19:04:02.558Z,1,5,false
2019-07-13T19:04:12.368Z,1,6,false
2019-07-13T19:04:23.084Z,1,7,false
2019-07-13T19:04:32.847Z,1,8,false
2019-07-13T19:04:43.141Z,1,9,false
2019-07-13T19:05:23.059Z,1,1,false
2019-07-13T19:05:31.588Z,1,2,false
2019-07-13T19:05:39.997Z,1,3,false
2019-07-13T19:05:50.361Z,1,4,false
2019-07-13T19:06:01.228Z,1,5,false
2019-07-13T19:06:11.172Z,1,6,false
2019-07-13T19:06:21.693Z,1,7,false
2019-07-13T19:06:31.817Z,1,8,false
2019-07-13T19:06:41.891Z,1,9,false
2019-07-13T19:07:20.643Z,1,1,false
2019-07-13T19:07:30.534Z,1,2,false
2019-07-13T19:07:39.652Z,1,3,false
2019-07-13T19:07:49.760Z,1,4,false
2019-07-13T19:08:00.260Z,1,5,false
2019-07-13T19:08:10.868Z,1,6,false
2019-07-13T19:08:21.782Z,1,7,false
2019-07-13T19:08:32.232Z,1,8,false
2019-07-13T19:08:42.642Z,1,9,false
2019-07-13T19:09:22.709Z,1,1,false
2019-07-13T19:09:33.257Z,1,2,false
2019-07-13T19:09:43.573Z,1,3,false
2019-07-13T19:09:54.623Z,1,4,false
2019-07-13T19:10:05.909Z,1,5,false
2019-07-13T19:10:16.672Z,1,6,false
2019-07-13T19:10:27.526Z,1,7,false
2019-07-13T19:10:37.990Z,1,8,false
2019-07-13T19:10:48.922Z,1,9,false
2019-07-13T19:11:29.564Z,1,1,false
2019-07-13T19:11:39.640Z,1,2,false
2019-07-13T19:11:49.464Z,1,3,false
2019-07-13T19:11:59.803Z,1,4,false
2019-07-13T19:12:10.230Z,1,5,false
2019-07-13T19:12:20.857Z,1,6,false
2019-07-13T19:12:31.317Z,1,7,false
2019-07-13T19:12:41.358Z,1,8,false
2019-07-13T19:12:52.043Z,1,9,false
2019-07-13T19:13:31.886Z,1,1,false
2019-07-13T19:13:41.551Z,1,2,false
2019-07-13T19:13:51.814Z,1,3,false
2019-07-13T19:14:02.516Z,1,4,false
2019-07-13T19:14:12.805Z,1,5,false
2019-07-13T19:14:23.449Z,1,6,false
2019-07-13T19:14:33.713Z,1,7,false
2019-07-13T19:14:43.718Z,1,8,false
2019-07-13T19:14:54.524Z,1,9,false
2019-07-13T19:15:35.283Z,1,1,false
2019-07-13T19:15:45.779Z,1,2,false
2019-07-13T19:15:55.123Z,1,3,false
2019-07-13T19:16:05.586Z,1,4,false
2019-07-13T19:16:16.696Z,1,5,false
2019-07-13T19:16:26.963Z,1,6,false
2019-07-13T19:16:36.934Z,1,7,false
2019-07-13T19:16:47.259Z,1,8,false
2019-07-13T19:16:56.774Z,1,9,false
2019-07-13T19:17:36.649Z,1,1,false
2019-07-13T19:17:46.261Z,1,2,false
2019-07-13T19:17:54.527Z,1,3,false
2019-07-13T19:18:06.437Z,1,4,false
2019-07-13T19:18:16.717Z,1,5,false
2019-07-13T19:18:26.498Z,1,6,false
2019-07-13T19:18:37.225Z,1,7,false
2019-07-13T19:18:47.101Z,1,8,false
2019-07-13T19:18:57.188Z,1,9,false
2019-07-13T19:19:36.598Z,1,1,false
2019-07-13T19:19:47.130Z,1,2,false
2019-07-13T19:19:57.335Z,1,3,false
2019-07-13T19:20:07.863Z,1,4,false
2019-07-13T19:20:18.976Z,1,5,false
2019-07-13T19:20:28.745Z,1,6,false
2019-07-13T19:20:38.923Z,1,7,false
2019-07-13T19:20:49.128Z,1,8,false
2019-07-13T19:20:59.543Z,1,9,false
2019-07-13T19:21:39.382Z,1,1,false
2019-07-13T19:21:49.779Z,1,2,false
2019-07-13T19:21:59.344Z,1,3,false
2019-07-13T19:22:09.559Z,1,4,false
2019-07-13T19:22:19.594Z,1,5,false
2019-07-13T19:22:28.176Z,1,6,false
2019-07-13T19:22:38.381Z,1,7,false
2019-07-13T19:22:47.712Z,1,8,false
2019-07-13T19:22:58.092Z,1,9,false
2019-07-13T19:23:37.036Z,1,1,false
2019-07-13T19:23:46.680Z,1,2,false
2019-07-13T19:23:54.959Z,1,3,false
2019-07-13T19:24:05.097Z,1,4,false
2019-07-13T19:24:15.673Z,1,5,false
2019-07-13T19:24:26.100Z,1,6,false
2019-07-13T19:24:35.967Z,1,7,false
2019-07-13T19:24:45.863Z,1,8,false
2019-07-13T19:24:56.064Z,1,9,false
2019-07-13T19:25:36.205Z,1,1,false
2019-07-13T19:25:45.194Z,1,2,false
2019-07-13T19:25:54.302Z,1,3,false
2019-07-13T19:26:05.068Z,1,4,false
2019-07-13T19:26:15.332Z,1,5,false
2019-07-13T19:26:24.842Z,1,6,false
2019-07-13T19:26:35.381Z,1,7,false
2019-07-13T19:26:45.123Z,1,8,false
2019-07-13T19:26:55.450Z,1,9,false
2019-07-13T19:27:36.199Z,1,1,false
2019-07-13T19:27:46.567Z,1,2,false
2019-07-13T19:27:55.858Z,1,3,false
2019-07-13T19:28:05.965Z,1,4,false
2019-07-13T19:28:16.361Z,1,5,false
2019-07-13T19:28:26.146Z,1,6,false
2019-07-13T19:28:36.636Z,1,7,false
2019-07-13T19:28:46.983Z,1,8,false
2019-07-13T19:28:56.900Z,1,9,false
2019-07-13T19:29:36.776Z,1,1,false
2019-07-13T19:29:47.159Z,1,2,false
2019-07-13T19:29:57.151Z,1,3,false
2019-07-13T19:30:08.064Z,1,4,false
2019-07-13T19:30:18.726Z,1,5,false
2019-07-13T19:30:29.154Z,1,6,false
2019-07-13T19:30:39.304Z,1,7,false
2019-07-13T19:30:49.131Z,1,8,false
2019-07-13T19:30:58.546Z,1,9,false
2019-07-13T19:31:38.409Z,1,1,false
2019-07-13T19:31:48.449Z,1,2,false
2019-07-13T19:31:58.197Z,1,3,false
2019-07-13T19:32:08.416Z,1,4,false
2019-07-13T19:32:18.119Z,1,5,false
2019-07-13T19:32:27.992Z,1,6,false
2019-07-13T19:32:38.188Z,1,7,false
2019-07-13T19:32:48.557Z,1,8,false
2019-07-13T19:32:58.633Z,1,9,false
2019-07-13T19:33:38.678Z,1,1,false
2019-07-13T19:33:48.925Z,1,2,false
2019-07-13T19:33:58.584Z,1,3,false
2019-07-13T19:34:08.195Z,1,4,false
2019-07-13T19:34:19.144Z,1,5,false
2019-07-13T19:34:28.997Z,1,6,false
2019-07-13T19:34:40.268Z,1,7,false
2019-07-13T19:34:50.131Z,1,8,false
2019-07-13T19:35:00.203Z,1,9,false
2019-07-13T19:35:39.668Z,1,1,false
2019-07-13T19:35:50.178Z,1,2,false
2019-07-13T19:36:00.187Z,1,3,false
2019-07-13T19:36:10.949Z,1,4,false
2019-07-13T19:36:19.985Z,1,5,false
2019-07-13T19:36:30.166Z,1,6,false
2019-07-13T19:36:40.050Z,1,7,false
2019-07-13T19:36:50.412Z,1,8,false
2019-07-13T19:36:59.782Z,1,9,false
2019-07-13T19:37:39.650Z,1,1,false
2019-07-13T19:37:50.118Z,1,2,false
2019-07-13T19:37:59.694Z,1,3,false
2019-07-13T19:38:09.837Z,1,4,false
2019-07-13T19:38:19.399Z,1,5,false
2019-07-13T19:38:29.237Z,1,6,false
2019-07-13T19:38:39.679Z,1,7,false
2019-07-13T19:38:49.468Z,1,8,false
2019-07-13T19:38:59.713Z,1,9,false
2019-07-13T19:39:38.822Z,1,1,false
2019-07-13T19:39:49.107Z,1,2,false
2019-07-13T19:39:57.375Z,1,3,false
2019-07-13T19:40:08.124Z,1,4,false
2019-07-13T19:40:18.493Z,1,5,false
2019-07-13T19:40:28.856Z,1,6,false
2019-07-13T19:40:39.114Z,1,7,false
2019-07-13T19:40:49.386Z,1,8,false
2019-07-13T19:40:58.883Z,1,9,false
2019-07-13T19:41:37.237Z,1,1,false
2019-07-13T19:41:47.266Z,1,2,false
2019-07-13T19:41:55.989Z,1,3,false
2019-07-13T19:42:06.368Z,1,4,false
2019-07-13T19:42:16.717Z,1,5,false
2019-07-13T19:42:26.696Z,1,6,false
2019-07-13T19:42:37.124Z,1,7,false
2019-07-13T19:42:45.830Z,1,8,false
2019-07-13T19:42:56.019Z,1,9,false
2019-07-13T19:43:36.107Z,1,1,false
2019-07-13T19:43:44.448Z,1,2,false
2019-07-13T19:43:54.504Z,1,3,false
2019-07-13T19:44:04.365Z,1,4,false
2019-07-13T19:44:13.870Z,1,5,false
2019-07-13T19:44:23.498Z,1,6,false
2019-07-13T19:44:33.717Z,1,7,false
2019-07-13T19:44:43.949Z,1,8,false
2019-07-13T19:44:53.838Z,1,9,false
2019-07-13T19:45:33.852Z,1,1,false
2019-07-13T19:45:44.314Z,1,2,false
2019-07-13T19:45:53.661Z,1,3,false
2019-07-13T19:46:04.561Z,1,4,false
2019-07-13T19:46:14.796Z,1,5,false
2019-07-13T19:46:25.146Z,1,6,false
2019-07-13T19:46:33.881Z,1,7,false
2019-07-13T19:46:44.030Z,1,8,false
2019-07-13T19:46:53.941Z,1,9,false
2019-07-13T19:47:33.882Z,1,1,false
2019-07-13T19:47:43.947Z,1,2,false
2019-07-13T19:47:51.882Z,1,3,false
2019-07-13T19:48:02.322Z,1,4,false
2019-07-13T19:48:12.497Z,1,5,false
2019-07-13T19:48:22.692Z,1,6,false
2019-07-13T19:48:33.127Z,1,7,false
2019-07-13T19:48:43.351Z,1,8,false
2019-07-13T19:48:53.278Z,1,9,false
2019-07-13T19:49:33.515Z,1,1,false
2019-07-13T19:49:43.976Z,1,2,false
2019-07-13T19:49:53.383Z,1,3,false
2019-07-13T19:50:04.326Z,1,4,false
2019-07-13T19:50:15.057Z,1,5,false
2019-07-13T19:50:25.307Z,1,6,false
2019-07-13T19:50:35.605Z,1,7,false
2019-07-13T19:50:45.195Z,1,8,false
2019-07-13T19:50:55.589Z,1,9,false
2019-07-13T19:51:35.445Z,1,1,false
2019-07-13T19:51:45.013Z,1,2,false
2019-07-13T19:51:54.570Z,1,3,false
2019-07-13T19:52:05.222Z,1,4,false
2019-07-13T19:52:15.572Z,1,5,false
2019-07-13T19:52:25.655Z,1,6,false
2019-07-13T19:52:36.329Z,1,7,false
2019-07-13T19:52:46.542Z,1,8,false
2019-07-13T19:52:56.716Z,1,9,false
2019-07-13T19:53:36.714Z,1,1,false
2019-07-13T19:53:46.252Z,1,2,false
2019-07-13T19:53:56.140Z,1,3,false
2019-07-13T19:54:06.563Z,1,4,false
2019-07-13T19:54:17.315Z,1,5,false
2019-07-13T19:54:27.299Z,1,6,false
2019-07-13T19:54:37.413Z,1,7,false
2019-07-13T19:54:47.651Z,1,8,false
2019-07-13T19:54:57.918Z,1,9,false
2019-07-13T19:55:38.362Z,1,1,false
2019-07-13T19:55:48.707Z,1,2,false
2019-07-13T19:55:58.893Z,1,3,false
2019-07-13T19:56:09.881Z,1,4,false
2019-07-13T19:56:20.608Z,1,5,false
2019-07-13T19:56:31.150Z,1,6,false
2019-07-13T19:56:41.577Z,1,7,false
2019-07-13T19:56:51.632Z,1,8,false
2019-07-13T19:57:02.462Z,1,9,false
2019-07-13T19:57:42.436Z,1,1,false
2019-07-13T19:57:52.778Z,1,2,false
2019-07-13T19:58:02.503Z,1,3,false
2019-07-13T19:58:12.963Z,1,4,false
2019-07-13T19:58:23.278Z,1,5,false
2019-07-13T19:58:32.310Z,1,6,false
2019-07-13T19:58:41.183Z,1,7,false
2019-07-13T19:58:51.223Z,1,8,false
2019-07-13T19:58:59.945Z,1,9,false
2019-07-13T19:59:39.850Z,1,1,false
2019-07-13T19:59:50.017Z,1,2,false
2019-07-13T19:59:59.233Z,1,3,false
2019-07-13T20:00:08.086Z,1,4,false
2019-07-13T20:00:18.189Z,1,5,false
2019-07-13T20:00:28.002Z,1,6,false
2019-07-13T20:00:38.392Z,1,7,false
2019-07-13T20:00:48.773Z,1,8,false
2019-07-13T20:00:58.898Z,1,9,false
2019-07-13T20:01:38.992Z,1,1,false
2019-07-13T20:01:48.802Z,1,2,false
2019-07-13T20:01:57.195Z,1,3,false
2019-07-13T20:02:06.858Z,1,4,false
2019-07-13T20:02:17.516Z,1,5,false
2019-07-13T20:02:27.790Z,1,6,false
2019-07-13T20:02:36.560Z,1,7,false
2019-07-13T20:02:46.830Z,1,8,false
2019-07-13T20:02:57.050Z,1,9,false
2019-07-13T20:03:37.168Z,1,1,false
2019-07-13T20:03:47.012Z,1,2,false
2019-07-13T20:03:56.347Z,1,3,false
2019-07-13T20:04:05.830Z,1,4,false
2019-07-13T20:04:16.421Z,1,5,false
2019-07-13T20:04:25.622Z,1,6,false
2019-07-13T20:04:35.977Z,1,7,false
2019-07-13T20:04:45.925Z,1,8,false
2019-07-13T20:04:55.570Z,1,9,false
2019-07-13T20:05:36.088Z,1,1,false
2019-07-13T20:05:45.755Z,1,2,false
2019-07-13T20:05:55.634Z,1,3,false
2019-07-13T20:06:06.414Z,1,4,false
2019-07-13T20:06:15.027Z,1,5,false
2019-07-13T20:06:25.135Z,1,6,false
2019-07-13T20:06:35.114Z,1,7,false
2019-07-13T20:06:45.371Z,1,8,false
2019-07-13T20:06:55.596Z,1,9,false
2019-07-13T20:07:35.460Z,1,1,false
2019-07-13T20:07:44.713Z,1,2,false
2019-07-13T20:07:53.618Z,1,3,false
2019-07-13T20:08:05.358Z,1,4,false
2019-07-13T20:08:15.785Z,1,5,false
2019-07-13T20:08:25.954Z,1,6,false
2019-07-13T20:08:36.439Z,1,7,false
2019-07-13T20:08:46.721Z,1,8,false
2019-07-13T20:08:56.420Z,1,9,false
2019-07-13T20:09:36.646Z,1,1,false
2019-07-13T20:09:46.305Z,1,2,false
2019-07-13T20:09:56.130Z,1,3,false
2019-07-13T20:10:06.690Z,1,4,false
2019-07-13T20:10:15.539Z,1,5,false
2019-07-13T20:10:25.014Z,1,6,false
2019-07-13T20:10:35.438Z,1,7,false
2019-07-13T20:10:45.743Z,1,8,false
2019-07-13T20:10:55.892Z,1,9,false
2019-07-13T20:11:36.278Z,1,1,false
2019-07-13T20:11:45.201Z,1,2,false
2019-07-13T20:11:54.329Z,1,3,false
2019-07-13T20:12:05.128Z,1,4,false
2019-07-13T20:12:13.817Z,1,5,false
2019-07-13T20:12:23.653Z,1,6,false
2019-07-13T20:12:34.036Z,1,7,false
2019-07-13T20:12:43.573Z,1,8,false
2019-07-13T20:12:53.846Z,1,9,false
2019-07-13T20:13:34.057Z,1,1,false
2019-07-13T20:13:44.574Z,1,2,false
2019-07-13T20:13:54.852Z,1,3,false
2019-07-13T20:14:05.385Z,1,4,false
2019-07-13T20:14:15.681Z,1,5,false
2019-07-13T20:14:25.888Z,1,6,false
2019-07-13T20:14:36.324Z,1,7,false
2019-07-13T20:14:46.731Z,1,8,false
2019-07-13T20:14:57.045Z,1,9,false
2019-07-13T20:15:36.923Z,1,1,false
2019-07-13T20:15:47.198Z,1,2,false
2019-07-13T20:15:56.933Z,1,3,false
2019-07-13T20:16:07.585Z,1,4,false
2019-07-13T20:16:18.549Z,1,5,false
2019-07-13T20:16:28.915Z,1,6,false
2019-07-13T20:16:39.282Z,1,7,false
2019-07-13T20:16:49.277Z,1,8,false
2019-07-13T20:16:58.391Z,1,9,false
2019-07-13T20:17:36.931Z,1,1,false
2019-07-13T20:17:46.918Z,1,2,false
2019-07-13T20:17:55.244Z,1,3,false
2019-07-13T20:18:05.327Z,1,4,false
2019-07-13T20:18:15.931Z,1,5,false
2019-07-13T20:18:25.290Z,1,6,false
2019-07-13T20:18:34.679Z,1,7,false
2019-07-13T20:18:44.895Z,1,8,false
2019-07-13T20:18:55.369Z,1,9,false
2019-07-13T20:19:35.231Z,1,1,false
2019-07-13T20:19:45.608Z,1,2,false
2019-07-13T20:19:55.714Z,1,3,false
2019-07-13T20:20:05.771Z,1,4,false
2019-07-13T20:20:14.505Z,1,5,false
2019-07-13T20:20:24.344Z,1,6,false
2019-07-13T20:20:34.350Z,1,7,false
2019-07-13T20:20:43.837Z,1,8,false
2019-07-13T20:20:54.392Z,1,9,false
2019-07-13T20:21:32.848Z,1,1,false
2019-07-13T20:21:42.934Z,1,2,false
2019-07-13T20:21:52.350Z,1,3,false
2019-07-13T20:22:03.072Z,1,4,false
2019-07-13T20:22:13.425Z,1,5,false
2019-07-13T20:22:23.187Z,1,6,false
2019-07-13T20:22:33.301Z,1,7,false
2019-07-13T20:22:43.579Z,1,8,false
2019-07-13T20:22:52.180Z,1,9,false
2019-07-13T20:23:31.998Z,1,1,false
2019-07-13T20:23:41.663Z,1,2,false
2019-07-13T20:23:51.819Z,1,3,false
2019-07-13T20:24:02.604Z,1,4,false
2019-07-13T20:24:13.416Z,1,5,false
2019-07-13T20:24:23.256Z,1,6,false
2019-07-13T20:24:34.062Z,1,7,false
2019-07-13T20:24:43.583Z,1,8,false
2019-07-13T20:24:53.446Z,1,9,false
2019-07-13T20:25:33.480Z,1,1,false
2019-07-13T20:25:43.022Z,1,2,false
2019-07-13T20:25:52.333Z,1,3,false
2019-07-13T20:26:02.731Z,1,4,false
2019-07-13T20:26:13.149Z,1,5,false
2019-07-13T20:26:23.349Z,1,6,false
2019-07-13T20:26:33.898Z,1,7,false
2019-07-13T20:26:44.043Z,1,8,false
2019-07-13T20:26:54.748Z,1,9,false
2019-07-13T20:27:34.642Z,1,1,false
2019-07-13T20:27:44.435Z,1,2,false
2019-07-13T20:27:53.845Z,1,3,false
2019-07-13T20:28:04.812Z,1,4,false
2019-07-13T20:28:15.480Z,1,5,false
2019-07-13T20:28:25.412Z,1,6,false
2019-07-13T20:28:35.914Z,1,7,false
2019-07-13T20:28:45.561Z,1,8,false
2019-07-13T20:28:55.770Z,1,9,false
2019-07-13T20:29:36.028Z,1,1,false
2019-07-13T20:29:46.271Z,1,2,false
2019-07-13T20:29:55.721Z,1,3,false
2019-07-13T20:30:05.872Z,1,4,false
2019-07-13T20:30:17.200Z,1,5,false
2019-07-13T20:30:27.684Z,1,6,false
2019-07-13T20:30:37.907Z,1,7,false
2019-07-13T20:30:48.403Z,1,8,false
2019-07-13T20:30:59.066Z,1,9,false
2019-07-13T20:31:39.657Z,1,1,false
2019-07-13T20:31:50.166Z,1,2,false
2019-07-13T20:32:00.357Z,1,3,false
2019-07-13T20:32:11.264Z,1,4,false
2019-07-13T20:32:22.740Z,1,5,false
2019-07-13T20:32:32.976Z,1,6,false
2019-07-13T20:32:43.737Z,1,7,false
2019-07-13T20:32:53.606Z,1,8,false
2019-07-13T20:33:03.866Z,1,9,false
2019-07-13T20:33:43.613Z,1,1,false
2019-07-13T20:33:53.312Z,1,2,false
2019-07-13T20:34:01.514Z,1,3,false
2019-07-13T20:34:11.693Z,1,4,false
2019-07-13T20:34:22.107Z,1,5,false
2019-07-13T20:34:30.411Z,1,6,false
2019-07-13T20:34:40.568Z,1,7,false
2019-07-13T20:34:50.469Z,1,8,false
2019-07-13T20:35:00.635Z,1,9,false
2019-07-13T20:35:40.150Z,1,1,false
2019-07-13T20:35:50.275Z,1,2,false
2019-07-13T20:35:59.741Z,1,3,false
2019-07-13T20:36:09.292Z,1,4,false
2019-07-13T20:36:20.193Z,1,5,false
2019-07-13T20:36:30.246Z,1,6,false
2019-07-13T20:36:39.786Z,1,7,false
2019-07-13T20:36:49.464Z,1,8,false
2019-07-13T20:36:59.506Z,1,9,false
2019-07-13T20:37:39.943Z,1,1,false
2019-07-13T20:37:49.662Z,1,2,false
2019-07-13T20:37:58.968Z,1,3,false
2019-07-13T20:38:09.673Z,1,4,false
2019-07-13T20:38:19.990Z,1,5,false
2019-07-13T20:38:29.910Z,1,6,false
2019-07-13T20:38:40.341Z,1,7,false
2019-07-13T20:38:50.832Z,1,8,false
2019-07-13T20:39:01.321Z,1,9,false
2019-07-13T20:39:41.758Z,1,1,false
2019-07-13T20:39:50.480Z,1,2,false
2019-07-13T20:39:59.940Z,1,3,false
2019-07-13T20:40:11.648Z,1,4,false
2019-07-13T20:40:22.109Z,1,5,false
2019-07-13T20:40:32.478Z,1,6,false
2019-07-13T20:40:42.980Z,1,7,false
2019-07-13T20:40:53.428Z,1,8,false
2019-07-13T20:41:04.193Z,1,9,false
2019-07-13T20:41:44.846Z,1,1,false
2019-07-13T20:41:53.759Z,1,2,false
2019-07-13T20:42:04.092Z,1,3,false
2019-07-13T20:42:14.978Z,1,4,false
2019-07-13T20:42:25.567Z,1,5,false
2019-07-13T20:42:35.357Z,1,6,false
2019-07-13T20:42:45.771Z,1,7,false
2019-07-13T20:42:55.252Z,1,8,false
2019-07-13T20:43:05.329Z,1,9,false
2019-07-13T20:43:45.702Z,1,1,false
2019-07-13T20:43:55.292Z,1,2,false
2019-07-13T20:44:05.203Z,1,3,false
2019-07-13T20:44:15.968Z,1,4,false
2019-07-13T20:44:26.293Z,1,5,false
2019-07-13T20:44:36.345Z,1,6,false
2019-07-13T20:44:46.538Z,1,7,false
2019-07-13T20:44:55.585Z,1,8,false
2019-07-13T20:45:06.231Z,1,9,false
2019-07-13T20:45:46.782Z,1,1,false
2019-07-13T20:45:57.003Z,1,2,false
2019-07-13T20:46:07.163Z,1,3,false
2019-07-13T20:46:17.450Z,1,4,false
2019-07-13T20:46:27.071Z,1,5,false
2019-07-13T20:46:36.448Z,1,6,false
2019-07-13T20:46:47.163Z,1,7,false
2019-07-13T20:46:56.893Z,1,8,false
2019-07-13T20:47:07.145Z,1,9,false
2019-07-13T20:47:47.347Z,1,1,false
2019-07-13T20:47:55.335Z,1,2,false
2019-07-13T20:48:05.485Z,1,3,false
2019-07-13T20:48:16.269Z,1,4,false
2019-07-13T20:48:27.038Z,1,5,false
2019-07-13T20:48:35.976Z,1,6,false
2019-07-13T20:48:46.802Z,1,7,false
2019-07-13T20:48:57.157Z,1,8,false
2019-07-13T20:49:07.553Z,1,9,false
2019-07-13T20:49:48.320Z,1,1,false
2019-07-13T20:49:56.276Z,1,2,false
2019-07-13T20:50:05.772Z,1,3,false
2019-07-13T20:50:16.033Z,1,4,false
2019-07-13T20:50:27.234Z,1,5,false
2019-07-13T20:50:37.200Z,1,6,false
2019-07-13T20:50:48.137Z,1,7,false
2019-07-13T20:50:58.687Z,1,8,false
2019-07-13T20:51:09.202Z,1,9,false
2019-07-13T20:51:49.943Z,1,1,false
2019-07-13T20:51:57.887Z,1,2,false
2019-07-13T20:52:08.074Z,1,3,false
2019-07-13T20:52:19.233Z,1,4,false
2019-07-13T20:52:30.553Z,1,5,false
2019-07-13T20:52:41.188Z,1,6,false
2019-07-13T20:52:52.265Z,1,7,false
2019-07-13T20:53:02.764Z,1,8,false
2019-07-13T20:53:13.107Z,1,9,false
2019-07-13T20:53:52.675Z,1,1,false
2019-07-13T20:54:00.687Z,1,2,false
2019-07-13T20:54:08.421Z,1,3,false
2019-07-13T20:54:18.811Z,1,4,false
2019-07-13T20:54:29.116Z,1,5,false
2019-07-13T20:54:38.931Z,1,6,false
2019-07-13T20:54:49.472Z,1,7,false
2019-07-13T20:54:58.901Z,1,8,false
2019-07-13T20:55:08.732Z,1,9,false
2019-07-13T20:55:48.512Z,1,1,false
2019-07-13T20:55:56.496Z,1,2,false
2019-07-13T20:56:04.310Z,1,3,false
2019-07-13T20:56:14.916Z,1,4,false
2019-07-13T20:56:25.339Z,1,5,false
2019-07-13T20:56:35.783Z,1,6,false
2019-07-13T20:56:46.459Z,1,7,false
2019-07-13T20:56:56.744Z,1,8,false
2019-07-13T20:57:07.382Z,1,9,false
2019-07-13T20:57:46.220Z,1,1,false
2019-07-13T20:57:54.170Z,1,2,false
2019-07-13T20:58:01.902Z,1,3,false
2019-07-13T20:58:12.009Z,1,4,false
2019-07-13T20:58:22.366Z,1,5,false
2019-07-13T20:58:32.101Z,1,6,false
2019-07-13T20:58:42.691Z,1,7,false
2019-07-13T20:58:52.621Z,1,8,false
2019-07-13T20:59:02.016Z,1,9,false
2019-07-13T20:59:42.190Z,1,1,false
2019-07-13T20:59:50.717Z,1,2,false
2019-07-13T21:00:00.053Z,1,3,false
2019-07-13T21:00:10.234Z,1,4,false
2019-07-13T21:00:21.186Z,1,5,false
2019-07-13T21:00:31.679Z,1,6,false
2019-07-13T21:00:41.858Z,1,7,false
2019-07-13T21:00:51.725Z,1,8,false
2019-07-13T21:01:01.490Z,1,9,false
2019-07-13T21:01:41.908Z,1,1,false
2019-07-13T21:01:50.558Z,1,2,false
2019-07-13T21:01:59.913Z,1,3,false
2019-07-13T21:02:10.505Z,1,4,false
2019-07-13T21:02:21.716Z,1,5,false
2019-07-13T21:02:32.266Z,1,6,false
2019-07-13T21:02:42.872Z,1,7,false
2019-07-13T21:02:52.944Z,1,8,false
2019-07-13T21:03:02.812Z,1,9,false
2019-07-13T21:03:41.352Z,1,1,false
2019-07-13T21:03:50.213Z,1,2,false
2019-07-13T21:03:58.030Z,1,3,false
2019-07-13T21:04:08.701Z,1,4,false
2019-07-13T21:04:17.397Z,1,5,false
2019-07-13T21:04:27.996Z,1,6,false
2019-07-13T21:04:37.967Z,1,7,false
2019-07-13T21:04:47.230Z,1,8,false
2019-07-13T21:04:57.250Z,1,9,false
2019-07-13T21:05:37.626Z,1,1,false
2019-07-13T21:05:47.656Z,1,2,false
2019-07-13T21:05:55.383Z,1,3,false
2019-07-13T21:06:04.298Z,1,4,false
2019-07-13T21:06:15.344Z,1,5,false
2019-07-13T21:06:26.039Z,1,6,false
2019-07-13T21:06:36.874Z,1,7,false
2019-07-13T21:06:47.339Z,1,8,false
2019-07-13T21:06:57.792Z,1,9,false
2019-07-13T21:07:37.894Z,1,1,false
2019-07-13T21:07:46.515Z,1,2,false
2019-07-13T21:07:54.264Z,1,3,false
2019-07-13T21:08:02.735Z,1,4,false
2019-07-13T21:08:13.966Z,1,5,false
2019-07-13T21:08:23.748Z,1,6,false
2019-07-13T21:08:33.660Z,1,7,false
2019-07-13T21:08:43.837Z,1,8,false
2019-07-13T21:08:54.628Z,1,9,false
2019-07-13T21:09:35.312Z,1,1,false
2019-07-13T21:09:44.313Z,1,2,false
2019-07-13T21:09:52.063Z,1,3,false
2019-07-13T21:10:02.167Z,1,4,false
2019-07-13T21:10:12.831Z,1,5,false
2019-07-13T21:10:22.683Z,1,6,false
2019-07-13T21:10:33.321Z,1,7,false
2019-07-13T21:10:43.981Z,1,8,false
2019-07-13T21:10:54.875Z,1,9,false
2019-07-13T21:11:35.631Z,1,1,false
2019-07-13T21:11:43.612Z,1,2,false
2019-07-13T21:11:51.353Z,1,3,false
2019-07-13T21:11:59.820Z,1,4,false
2019-07-13T21:12:09.737Z,1,5,false
2019-07-13T21:12:17.908Z,1,6,false
2019-07-13T21:12:28.511Z,1,7,false
2019-07-13T21:12:38.630Z,1,8,false
2019-07-13T21:12:49.022Z,1,9,false
2019-07-13T21:13:28.974Z,1,1,false
2019-07-13T21:13:37.806Z,1,2,false
2019-07-13T21:13:47.574Z,1,3,false
2019-07-13T21:13:55.973Z,1,4,false
2019-07-13T21:14:06.070Z,1,5,false
2019-07-13T21:14:16.719Z,1,6,false
2019-07-13T21:14:27.512Z,1,7,false
2019-07-13T21:14:37.741Z,1,8,false
2019-07-13T21:14:46.842Z,1,9,false
2019-07-13T21:15:26.181Z,1,1,false
2019-07-13T21:15:34.893Z,1,2,false
2019-07-13T21:15:44.036Z,1,3,false
2019-07-13T21:15:52.484Z,1,4,false
2019-07-13T21:16:01.319Z,1,5,false
2019-07-13T21:16:11.288Z,1,6,false
2019-07-13T21:16:21.512Z,1,7,false
2019-07-13T21:16:31.096Z,1,8,false
2019-07-13T21:16:41.262Z,1,9,false
2019-07-13T21:17:21.382Z,1,1,false
2019-07-13T21:17:31.002Z,1,2,false
2019-07-13T21:17:38.732Z,1,3,false
2019-07-13T21:17:48.936Z,1,4,false
2019-07-13T21:17:59.884Z,1,5,false
2019-07-13T21:18:09.386Z,1,6,false
2019-07-13T21:18:20.247Z,1,7,false
2019-07-13T21:18:30.634Z,1,8,false
2019-07-13T21:18:39.913Z,1,9,false
2019-07-13T21:19:20.263Z,1,1,false
2019-07-13T21:19:28.232Z,1,2,false
2019-07-13T21:19:35.984Z,1,3,false
2019-07-13T21:19:44.456Z,1,4,false
2019-07-13T21:19:53.115Z,1,5,false
2019-07-13T21:20:03.375Z,1,6,false
2019-07-13T21:20:13.787Z,1,7,false
2019-07-13T21:20:24.296Z,1,8,false
2019-07-13T21:20:35.020Z,1,9,false
2019-07-13T21:21:15.791Z,1,1,false
2019-07-13T21:21:26.183Z,1,2,false
2019-07-13T21:21:34.119Z,1,3,false
2019-07-13T21:21:43.946Z,1,4,false
2019-07-13T21:21:52.661Z,1,5,false
2019-07-13T21:22:02.868Z,1,6,false
2019-07-13T21:22:13.777Z,1,7,false
2019-07-13T21:22:23.731Z,1,8,false
2019-07-13T21:22:34.419Z,1,9,false
2019-07-13T21:23:15.199Z,1,1,false
2019-07-13T21:23:24.629Z,1,2,false
2019-07-13T21:23:32.408Z,1,3,false
2019-07-13T21:23:40.871Z,1,4,false
2019-07-13T21:23:50.558Z,1,5,false
2019-07-13T21:24:00.384Z,1,6,false
2019-07-13T21:24:10.866Z,1,7,false
2019-07-13T21:24:20.393Z,1,8,false
2019-07-13T21:24:30.387Z,1,9,false
2019-07-13T21:25:10.545Z,1,1,false
2019-07-13T21:25:20.780Z,1,2,false
2019-07-13T21:25:28.540Z,1,3,false
2019-07-13T21:25:38.578Z,1,4,false
2019-07-13T21:25:49.028Z,1,5,false
2019-07-13T21:25:57.217Z,1,6,false
2019-07-13T21:26:07.889Z,1,7,false
2019-07-13T21:26:17.227Z,1,8,false
2019-07-13T21:26:27.306Z,1,9,false
2019-07-13T21:27:07.628Z,1,1,false
2019-07-13T21:27:18.235Z,1,2,false
2019-07-13T21:27:25.963Z,1,3,false
2019-07-13T21:27:36.036Z,1,4,false
2019-07-13T21:27:46.422Z,1,5,false
2019-07-13T21:27:56.626Z,1,6,false
2019-07-13T21:28:05.707Z,1,7,false
2019-07-13T21:28:15.752Z,1,8,false
2019-07-13T21:28:26.110Z,1,9,false
2019-07-13T21:29:06.220Z,1,1,false
2019-07-13T21:29:16.590Z,1,2,false
2019-07-13T21:29:25.813Z,1,3,false
2019-07-13T21:29:34.232Z,1,4,false
2019-07-13T21:29:42.889Z,1,5,false
2019-07-13T21:29:51.070Z,1,6,false
2019-07-13T21:30:01.909Z,1,7,false
2019-07-13T21:30:11.949Z,1,8,false
2019-07-13T21:30:22.316Z,1,9,false
2019-07-13T21:31:03.031Z,1,1,false
2019-07-13T21:31:12.692Z,1,2,false
2019-07-13T21:31:22.412Z,1,3,false
2019-07-13T21:31:30.850Z,1,4,false
2019-07-13T21:31:39.463Z,1,5,false
2019-07-13T21:31:49.590Z,1,6,false
2019-07-13T21:32:00.233Z,1,7,false
2019-07-13T21:32:10.368Z,1,8,false
2019-07-13T21:32:20.201Z,1,9,false
2019-07-13T21:33:00.053Z,1,1,false
2019-07-13T21:33:09.886Z,1,2,false
2019-07-13T21:33:19.254Z,1,3,false
2019-07-13T21:33:27.717Z,1,4,false
2019-07-13T21:33:36.346Z,1,5,false
2019-07-13T21:33:44.531Z,1,6,false
2019-07-13T21:33:55.145Z,1,7,false
2019-07-13T21:34:04.659Z,1,8,false
2019-07-13T21:34:14.562Z,1,9,false
2019-07-13T21:34:54.548Z,1,1,false
2019-07-13T21:35:04.866Z,1,2,false
2019-07-13T21:35:14.262Z,1,3,false
2019-07-13T21:35:24.332Z,1,4,false
2019-07-13T21:35:34.163Z,1,5,false
2019-07-13T21:35:42.335Z,1,6,false
2019-07-13T21:35:52.922Z,1,7,false
2019-07-13T21:36:02.407Z,1,8,false
2019-07-13T21:36:13.023Z,1,9,false
2019-07-13T21:36:53.065Z,1,1,false
2019-07-13T21:37:03.380Z,1,2,false
2019-07-13T21:37:12.187Z,1,3,false
2019-07-13T21:37:20.585Z,1,4,false
2019-07-13T21:37:29.221Z,1,5,false
2019-07-13T21:37:38.378Z,1,6,false
2019-07-13T21:37:49.167Z,1,7,false
2019-07-13T21:37:59.196Z,1,8,false
2019-07-13T21:38:09.714Z,1,9,false
2019-07-13T21:38:50.186Z,1,1,false
2019-07-13T21:38:59.899Z,1,2,false
2019-07-13T21:39:07.633Z,1,3,false
2019-07-13T21:39:16.069Z,1,4,false
2019-07-13T21:39:26.170Z,1,5,false
2019-07-13T21:39:35.844Z,1,6,false
2019-07-13T21:39:46.298Z,1,7,false
2019-07-13T21:39:55.782Z,1,8,false
2019-07-13T21:40:05.712Z,1,9,false
2019-07-13T21:40:45.394Z,1,1,false
2019-07-13T21:40:55.864Z,1,2,false
2019-07-13T21:41:04.256Z,1,3,false
2019-07-13T21:41:14.155Z,1,4,false
2019-07-13T21:41:24.491Z,1,5,false
2019-07-13T21:41:32.936Z,1,6,false
2019-07-13T21:41:43.054Z,1,7,false
2019-07-13T21:41:52.820Z,1,8,false
2019-07-13T21:42:02.732Z,1,9,false
2019-07-13T21:42:42.973Z,1,1,false
2019-07-13T21:42:52.982Z,1,2,false
2019-07-13T21:43:03.057Z,1,3,false
2019-07-13T21:43:11.536Z,1,4,false
2019-07-13T21:43:20.148Z,1,5,false
2019-07-13T21:43:28.302Z,1,6,false
2019-07-13T21:43:38.430Z,1,7,false
2019-07-13T21:43:48.863Z,1,8,false
2019-07-13T21:43:59.111Z,1,9,false
2019-07-13T21:44:39.637Z,1,1,false
2019-07-13T21:44:50.219Z,1,2,false
2019-07-13T21:44:57.971Z,1,3,false
2019-07-13T21:45:08.047Z,1,4,false
2019-07-13T21:45:16.782Z,1,5,false
2019-07-13T21:45:24.918Z,1,6,false
2019-07-13T21:45:35.008Z,1,7,false
2019-07-13T21:45:45.072Z,1,8,false
2019-07-13T21:45:55.230Z,1,9,false
2019-07-13T21:46:35.836Z,1,1,false
2019-07-13T21:46:45.706Z,1,2,false
2019-07-13T21:46:54.854Z,1,3,false
2019-07-13T21:47:04.888Z,1,4,false
2019-07-13T21:47:13.527Z,1,5,false
2019-07-13T21:47:21.722Z,1,6,false
2019-07-13T21:47:32.173Z,1,7,false
2019-07-13T21:47:42.591Z,1,8,false
2019-07-13T21:47:53.375Z,1,9,false
2019-07-13T21:48:34.184Z,1,1,false
2019-07-13T21:48:44.718Z,1,2,false
2019-07-13T21:48:54.816Z,1,3,false
2019-07-13T21:49:03.195Z,1,4,false
2019-07-13T21:49:11.785Z,1,5,false
2019-07-13T21:49:21.573Z,1,6,false
2019-07-13T21:49:30.363Z,1,7,false
2019-07-13T21:49:40.386Z,1,8,false
2019-07-13T21:49:50.774Z,1,9,false
2019-07-13T21:50:30.615Z,1,1,false
2019-07-13T21:50:40.832Z,1,2,false
2019-07-13T21:50:51.085Z,1,3,false
2019-07-13T21:50:59.530Z,1,4,false
2019-07-13T21:51:09.840Z,1,5,false
2019-07-13T21:51:18.055Z,1,6,false
2019-07-13T21:51:26.898Z,1,7,false
2019-07-13T21:51:36.443Z,1,8,false
2019-07-13T21:51:45.487Z,1,9,false
2019-07-13T21:52:25.896Z,1,1,false
2019-07-13T21:52:35.237Z,1,2,false
2019-07-13T21:52:44.571Z,1,3,false
2019-07-13T21:52:54.168Z,1,4,false
2019-07-13T21:53:02.855Z,1,5,false
2019-07-13T21:53:11.882Z,1,6,false
2019-07-13T21:53:21.804Z,1,7,false
2019-07-13T21:53:32.401Z,1,8,false
2019-07-13T21:53:43.085Z,1,9,false
2019-07-13T21:54:23.156Z,1,1,false
2019-07-13T21:54:33.558Z,1,2,false
2019-07-13T21:54:43.594Z,1,3,false
2019-07-13T21:54:52.070Z,1,4,false
2019-07-13T21:55:02.353Z,1,5,false
2019-07-13T21:55:10.535Z,1,6,false
2019-07-13T21:55:20.491Z,1,7,false
2019-07-13T21:55:30.159Z,1,8,false
2019-07-13T21:55:40.397Z,1,9,false
2019-07-13T21:56:21.015Z,1,1,false
2019-07-13T21:56:30.434Z,1,2,false
2019-07-13T21:56:39.556Z,1,3,false
2019-07-13T21:56:49.747Z,1,4,false
2019-07-13T21:56:58.440Z,1,5,false
2019-07-13T21:57:08.255Z,1,6,false
2019-07-13T21:57:16.533Z,1,7,false
2019-07-13T21:57:26.979Z,1,8,false
2019-07-13T21:57:37.761Z,1,9,false
2019-07-13T21:58:18.711Z,1,1,false
2019-07-13T21:58:28.937Z,1,2,false
2019-07-13T21:58:38.357Z,1,3,false
2019-07-13T21:58:49.076Z,1,4,false
2019-07-13T21:58:59.274Z,1,5,false
2019-07-13T21:59:08.931Z,1,6,false
2019-07-13T21:59:18.737Z,1,7,false
2019-07-13T21:59:28.989Z,1,8,false
2019-07-13T21:59:38.511Z,1,9,false
2019-07-13T22:00:19.018Z,1,1,false
2019-07-13T22:00:29.533Z,1,2,false
2019-07-13T22:00:39.651Z,1,3,false
2019-07-13T22:00:49.734Z,1,4,false
2019-07-13T22:00:58.442Z,1,5,false
2019-07-13T22:01:06.641Z,1,6,false
2019-07-13T22:01:14.929Z,1,7,false
2019-07-13T22:01:24.432Z,1,8,false
2019-07-13T22:01:33.980Z,1,9,false
2019-07-13T22:02:12.706Z,1,1,false
2019-07-13T22:02:22.490Z,1,2,false
2019-07-13T22:02:31.290Z,1,3,false
2019-07-13T22:02:41.127Z,1,4,false
2019-07-13T22:02:52.094Z,1,5,false
2019-07-13T22:03:00.259Z,1,6,false
2019-07-13T22:03:08.541Z,1,7,false
2019-07-13T22:03:18.168Z,1,8,false
2019-07-13T22:03:28.460Z,1,9,false
2019-07-13T22:04:08.303Z,1,1,false
2019-07-13T22:04:18.052Z,1,2,false
2019-07-13T22:04:28.074Z,1,3,false
2019-07-13T22:04:38.192Z,1,4,false
2019-07-13T22:04:48.347Z,1,5,false
2019-07-13T22:04:56.686Z,1,6,false
2019-07-13T22:05:06.242Z,1,7,false
2019-07-13T22:05:15.829Z,1,8,false
2019-07-13T22:05:26.097Z,1,9,false
2019-07-13T22:06:06.673Z,1,1,false
2019-07-13T22:06:16.380Z,1,2,false
2019-07-13T22:06:25.778Z,1,3,false
2019-07-13T22:06:35.282Z,1,4,false
2019-07-13T22:06:43.981Z,1,5,false
2019-07-13T22:06:53.816Z,1,6,false
2019-07-13T22:07:02.106Z,1,7,false
2019-07-13T22:07:12.495Z,1,8,false
2019-07-13T22:07:22.757Z,1,9,false
2019-07-13T22:08:02.898Z,1,1,false
2019-07-13T22:08:11.336Z,1,2,false
2019-07-13T22:08:21.018Z,1,3,false
2019-07-13T22:08:31.138Z,1,4,false
2019-07-13T22:08:39.778Z,1,5,false
2019-07-13T22:08:49.738Z,1,6,false
2019-07-13T22:08:58.085Z,1,7,false
2019-07-13T22:09:07.763Z,1,8,false
2019-07-13T22:09:18.099Z,1,9,false
2019-07-13T22:09:58.405Z,1,1,false
2019-07-13T22:10:08.278Z,1,2,false
2019-07-13T22:10:18.424Z,1,3,false
2019-07-13T22:10:26.808Z,1,4,false
2019-07-13T22:10:35.885Z,1,5,false
2019-07-13T22:10:46.079Z,1,6,false
2019-07-13T22:10:54.811Z,1,7,false
2019-07-13T22:11:05.055Z,1,8,false
2019-07-13T22:11:14.933Z,1,9,false
2019-07-13T22:11:55.453Z,1,1,false
2019-07-13T22:12:05.340Z,1,2,false
2019-07-13T22:12:14.907Z,1,3,false
2019-07-13T22:12:24.162Z,1,4,false
2019-07-13T22:12:34.436Z,1,5,false
2019-07-13T22:12:43.952Z,1,6,false
2019-07-13T22:12:54.567Z,1,7,false
2019-07-13T22:13:05.024Z,1,8,false
2019-07-13T22:13:15.498Z,1,9,false
2019-07-13T22:13:55.901Z,1,1,false
2019-07-13T22:14:06.209Z,1,2,false
2019-07-13T22:14:16.447Z,1,3,false
2019-07-13T22:14:24.941Z,1,4,false
2019-07-13T22:14:33.605Z,1,5,false
2019-07-13T22:14:43.336Z,1,6,false
2019-07-13T22:14:54.221Z,1,7,false
2019-07-13T22:15:04.516Z,1,8,false
2019-07-13T22:15:14.539Z,1,9,false
2019-07-13T22:15:54.858Z,1,1,false
2019-07-13T22:16:04.900Z,1,2,false
2019-07-13T22:16:14.093Z,1,3,false
2019-07-13T22:16:22.509Z,1,4,false
2019-07-13T22:16:31.168Z,1,5,false
2019-07-13T22:16:40.978Z,1,6,false
2019-07-13T22:16:51.978Z,1,7,false
2019-07-13T22:17:01.504Z,1,8,false
2019-07-13T22:17:11.711Z,1,9,false
2019-07-13T22:17:51.550Z,1,1,false
2019-07-13T22:18:01.250Z,1,2,false
2019-07-13T22:18:11.058Z,1,3,false
2019-07-13T22:18:19.661Z,1,4,false
2019-07-13T22:18:28.358Z,1,5,false
2019-07-13T22:18:38.000Z,1,6,false
2019-07-13T22:18:48.975Z,1,7,false
2019-07-13T22:18:58.813Z,1,8,false
2019-07-13T22:19:09.495Z,1,9,false
2019-07-13T22:19:50.224Z,1,1,false
2019-07-13T22:19:59.846Z,1,2,false
2019-07-13T22:20:09.154Z,1,3,false
2019-07-13T22:20:18.491Z,1,4,false
2019-07-13T22:20:27.545Z,1,5,false
2019-07-13T22:20:35.712Z,1,6,false
2019-07-13T22:20:46.735Z,1,7,false
2019-07-13T22:20:57.216Z,1,8,false
2019-07-13T22:21:08.111Z,1,9,false
2019-07-13T22:21:48.996Z,1,1,false
2019-07-13T22:21:59.447Z,1,2,false
2019-07-13T22:22:07.204Z,1,3,false
2019-07-13T22:22:15.641Z,1,4,false
2019-07-13T22:22:24.257Z,1,5,false
2019-07-13T22:22:32.421Z,1,6,false
2019-07-13T22:22:43.344Z,1,7,false
2019-07-13T22:22:53.911Z,1,8,false
2019-07-13T22:23:04.671Z,1,9,false
2019-07-13T22:23:45.556Z,1,1,false
2019-07-13T22:23:55.182Z,1,2,false
2019-07-13T22:24:03.928Z,1,3,false
2019-07-13T22:24:12.381Z,1,4,false
2019-07-13T22:24:21.019Z,1,5,false
2019-07-13T22:24:29.603Z,1,6,false
2019-07-13T22:24:39.396Z,1,7,false
2019-07-13T22:24:49.958Z,1,8,false
2019-07-13T22:25:00.662Z,1,9,false
2019-07-13T22:25:40.519Z,1,1,false
2019-07-13T22:25:51.115Z,1,2,false
2019-07-13T22:26:01.410Z,1,3,false
2019-07-13T22:26:11.537Z,1,4,false
2019-07-13T22:26:20.207Z,1,5,false
2019-07-13T22:26:30.001Z,1,6,false
2019-07-13T22:26:40.995Z,1,7,false
2019-07-13T22:26:51.635Z,1,8,false
2019-07-13T22:27:01.658Z,1,9,false
2019-07-13T22:27:42.272Z,1,1,false
2019-07-13T22:27:52.858Z,1,2,false
2019-07-13T22:28:02.956Z,1,3,false
2019-07-13T22:28:11.395Z,1,4,false
2019-07-13T22:28:20.083Z,1,5,false
2019-07-13T22:28:29.419Z,1,6,false
2019-07-13T22:28:37.770Z,1,7,false
2019-07-13T22:28:48.072Z,1,8,false
2019-07-13T22:28:57.843Z,1,9,false
2019-07-13T22:29:38.035Z,1,1,false
2019-07-13T22:29:47.610Z,1,2,false
2019-07-13T22:29:56.228Z,1,3,false
2019-07-13T22:30:05.364Z,1,4,false
2019-07-13T22:30:15.683Z,1,5,false
2019-07-13T22:30:25.004Z,1,6,false
2019-07-13T22:30:34.575Z,1,7,false
2019-07-13T22:30:44.837Z,1,8,false
2019-07-13T22:30:55.388Z,1,9,false
2019-07-13T22:31:36.048Z,1,1,false
2019-07-13T22:31:46.299Z,1,2,false
2019-07-13T22:31:55.075Z,1,3,false
2019-07-13T22:32:05.465Z,1,4,false
2019-07-13T22:32:15.712Z,1,5,false
2019-07-13T22:32:23.884Z,1,6,false
2019-07-13T22:32:33.877Z,1,7,false
2019-07-13T22:32:42.769Z,1,8,false
2019-07-13T22:32:52.914Z,1,9,false
2019-07-13T22:33:32.713Z,1,1,false
2019-07-13T22:33:42.774Z,1,2,false
2019-07-13T22:33:51.978Z,1,3,false
2019-07-13T22:34:02.077Z,1,4,false
2019-07-13T22:34:12.372Z,1,5,false
2019-07-13T22:34:20.565Z,1,6,false
2019-07-13T22:34:28.873Z,1,7,false
2019-07-13T22:34:38.990Z,1,8,false
2019-07-13T22:34:49.772Z,1,9,false
2019-07-13T22:35:29.953Z,1,1,false
2019-07-13T22:35:40.467Z,1,2,false
2019-07-13T22:35:50.789Z,1,3,false
2019-07-13T22:35:59.663Z,1,4,false
2019-07-13T22:36:10.387Z,1,5,false
2019-07-13T22:36:20.231Z,1,6,false
2019-07-13T22:36:28.667Z,1,7,false
2019-07-13T22:36:38.359Z,1,8,false
2019-07-13T22:36:48.279Z,1,9,false
2019-07-13T22:37:28.692Z,1,1,false
2019-07-13T22:37:38.883Z,1,2,false
2019-07-13T22:37:48.885Z,1,3,false
2019-07-13T22:37:57.322Z,1,4,false
2019-07-13T22:38:05.976Z,1,5,false
2019-07-13T22:38:14.173Z,1,6,false
2019-07-13T22:38:22.549Z,1,7,false
2019-07-13T22:38:32.993Z,1,8,false
2019-07-13T22:38:43.545Z,1,9,false
2019-07-13T22:39:24.093Z,1,1,false
2019-07-13T22:39:33.945Z,1,2,false
2019-07-13T22:39:43.766Z,1,3,false
2019-07-13T22:39:52.269Z,1,4,false
2019-07-13T22:40:02.552Z,1,5,false
2019-07-13T22:40:11.083Z,1,6,false
2019-07-13T22:40:21.048Z,1,7,false
2019-07-13T22:40:31.409Z,1,8,false
2019-07-13T22:40:41.994Z,1,9,false
2019-07-13T22:41:22.129Z,1,1,false
2019-07-13T22:41:32.461Z,1,2,false
2019-07-13T22:41:41.896Z,1,3,false
2019-07-13T22:41:50.677Z,1,4,false
2019-07-13T22:42:00.999Z,1,5,false
2019-07-13T22:42:09.177Z,1,6,false
2019-07-13T22:42:17.478Z,1,7,false
2019-07-13T22:42:27.229Z,1,8,false
2019-07-13T22:42:37.928Z,1,9,false
2019-07-13T22:43:18.775Z,1,1,false
2019-07-13T22:43:27.824Z,1,2,false
2019-07-13T22:43:37.115Z,1,3,false
2019-07-13T22:43:47.381Z,1,4,false
2019-07-13T22:43:57.795Z,1,5,false
2019-07-13T22:44:07.591Z,1,6,false
2019-07-13T22:44:16.008Z,1,7,false
2019-07-13T22:44:26.106Z,1,8,false
2019-07-13T22:44:36.414Z,1,9,false
2019-07-13T22:45:17.124Z,1,1,false
2019-07-13T22:45:26.589Z,1,2,false
2019-07-13T22:45:35.905Z,1,3,false
2019-07-13T22:45:45.793Z,1,4,false
2019-07-13T22:45:56.071Z,1,5,false
2019-07-13T22:46:05.525Z,1,6,false
2019-07-13T22:46:13.875Z,1,7,false
2019-07-13T22:46:23.336Z,1,8,false
2019-07-13T22:46:33.771Z,1,9,false
2019-07-13T22:47:14.481Z,1,1,false
2019-07-13T22:47:24.605Z,1,2,false
2019-07-13T22:47:33.685Z,1,3,false
2019-07-13T22:47:43.983Z,1,4,false
2019-07-13T22:47:54.486Z,1,5,false
2019-07-13T22:48:04.419Z,1,6,false
2019-07-13T22:48:13.586Z,1,7,false
2019-07-13T22:48:23.678Z,1,8,false
2019-07-13T22:48:34.280Z,1,9,false
2019-07-13T22:49:14.882Z,1,1,false
2019-07-13T22:49:25.128Z,1,2,false
2019-07-13T22:49:34.263Z,1,3,false
2019-07-13T22:49:44.254Z,1,4,false
2019-07-13T22:49:54.601Z,1,5,false
2019-07-13T22:50:04.693Z,1,6,false
2019-07-13T22:50:13.021Z,1,7,false
2019-07-13T22:50:22.805Z,1,8,false
2019-07-13T22:50:33.055Z,1,9,false
2019-07-13T22:51:12.855Z,1,1,false
2019-07-13T22:51:23.148Z,1,2,false
2019-07-13T22:51:32.805Z,1,3,false
2019-07-13T22:51:42.884Z,1,4,false
2019-07-13T22:51:52.623Z,1,5,false
2019-07-13T22:52:00.937Z,1,6,false
2019-07-13T22:52:09.266Z,1,7,false
2019-07-13T22:52:18.881Z,1,8,false
2019-07-13T22:52:29.091Z,1,9,false
2019-07-13T22:53:08.883Z,1,1,false
2019-07-13T22:53:18.873Z,1,2,false
2019-07-13T22:53:29.023Z,1,3,false
2019-07-13T22:53:39.201Z,1,4,false
2019-07-13T22:53:49.681Z,1,5,false
2019-07-13T22:53:58.526Z,1,6,false
2019-07-13T22:54:08.075Z,1,7,false
2019-07-13T22:54:18.095Z,1,8,false
2019-07-13T22:54:28.422Z,1,9,false
2019-07-13T22:55:08.880Z,1,1,false
2019-07-13T22:55:19.301Z,1,2,false
2019-07-13T22:55:29.500Z,1,3,false
2019-07-13T22:55:39.635Z,1,4,false
2019-07-13T22:55:49.837Z,1,5,false
2019-07-13T22:55:58.049Z,1,6,false
2019-07-13T22:56:08.587Z,1,7,false
2019-07-13T22:56:18.219Z,1,8,false
2019-07-13T22:56:27.866Z,1,9,false
2019-07-13T22:57:06.457Z,1,1,false
2019-07-13T22:57:16.948Z,1,2,false
2019-07-13T22:57:27.131Z,1,3,false
2019-07-13T22:57:36.885Z,1,4,false
2019-07-13T22:57:45.662Z,1,5,false
2019-07-13T22:57:55.377Z,1,6,false
2019-07-13T22:58:05.015Z,1,7,false
2019-07-13T22:58:15.039Z,1,8,false
2019-07-13T22:58:23.687Z,1,9,false
2019-07-13T22:59:03.698Z,1,1,false
2019-07-13T22:59:14.071Z,1,2,false
2019-07-13T22:59:24.218Z,1,3,false
2019-07-13T22:59:34.569Z,1,4,false
2019-07-13T22:59:43.555Z,1,5,false
2019-07-13T22:59:51.713Z,1,6,false
2019-07-13T23:00:00.043Z,1,7,false
2019-07-13T23:00:09.595Z,1,8,false
2019-07-13T23:00:19.527Z,1,9,false
2019-07-13T23:01:00.259Z,1,1,false
2019-07-13T23:01:10.745Z,1,2,false
2019-07-13T23:01:21.118Z,1,3,false
2019-07-13T23:01:40.272Z,1,4,false
2019-07-13T23:01:50.063Z,1,5,false
2019-07-13T23:01:59.179Z,1,6,false
2019-07-13T23:02:09.994Z,1,7,false
2019-07-13T23:02:20.302Z,1,8,false
2019-07-13T23:02:31.068Z,1,9,false
2019-07-13T23:03:11.571Z,1,1,false
2019-07-13T23:03:21.171Z,1,2,false
2019-07-13T23:03:30.498Z,1,3,false
2019-07-13T23:03:38.954Z,1,4,false
2019-07-13T23:03:49.508Z,1,5,false
2019-07-13T23:03:59.820Z,1,6,false
2019-07-13T23:04:08.846Z,1,7,false
2019-07-13T23:04:18.393Z,1,8,false
2019-07-13T23:04:28.983Z,1,9,false
2019-07-13T23:05:07.590Z,1,1,false
2019-07-13T23:05:17.575Z,1,2,false
2019-07-13T23:05:27.421Z,1,3,false
2019-07-13T23:05:36.664Z,1,4,false
2019-07-13T23:05:45.283Z,1,5,false
2019-07-13T23:05:53.462Z,1,6,false
2019-07-13T23:06:04.999Z,1,7,false
2019-07-13T23:06:14.525Z,1,8,false
2019-07-13T23:06:24.948Z,1,9,false
2019-07-13T23:07:05.795Z,1,1,false
2019-07-13T23:07:15.279Z,1,2,false
2019-07-13T23:07:23.013Z,1,3,false
2019-07-13T23:07:31.461Z,1,4,false
2019-07-13T23:07:40.218Z,1,5,false
2019-07-13T23:07:49.982Z,1,6,false
2019-07-13T23:08:00.524Z,1,7,false
2019-07-13T23:08:10.904Z,1,8,false
2019-07-13T23:08:21.313Z,1,9,false
2019-07-13T23:09:02.066Z,1,1,false
2019-07-13T23:09:12.343Z,1,2,false
2019-07-13T23:09:21.735Z,1,3,false
2019-07-13T23:09:31.027Z,1,4,false
2019-07-13T23:09:39.674Z,1,5,false
2019-07-13T23:09:49.546Z,1,6,false
2019-07-13T23:09:59.526Z,1,7,false
2019-07-13T23:10:09.781Z,1,8,false
2019-07-13T23:10:20.475Z,1,9,false
2019-07-13T23:11:00.901Z,1,1,false
2019-07-13T23:11:11.021Z,1,2,false
2019-07-13T23:11:21.023Z,1,3,false
2019-07-13T23:11:29.577Z,1,4,false
2019-07-13T23:11:39.829Z,1,5,false
2019-07-13T23:11:49.755Z,1,6,false
2019-07-13T23:12:00.359Z,1,7,false
2019-07-13T23:12:10.776Z,1,8,false
2019-07-13T23:12:21.524Z,1,9,false
2019-07-13T23:13:01.924Z,1,1,false
2019-07-13T23:13:11.830Z,1,2,false
2019-07-13T23:13:20.113Z,1,3,false
2019-07-13T23:13:29.866Z,1,4,false
2019-07-13T23:13:38.525Z,1,5,false
2019-07-13T23:13:48.879Z,1,6,false
2019-07-13T23:13:59.358Z,1,7,false
2019-07-13T23:14:09.869Z,1,8,false
2019-07-13T23:14:19.748Z,1,9,false
2019-07-13T23:15:00.444Z,1,1,false
2019-07-13T23:15:10.755Z,1,2,false
2019-07-13T23:15:20.098Z,1,3,false
2019-07-13T23:15:28.462Z,1,4,false
2019-07-13T23:15:37.544Z,1,5,false
2019-07-13T23:15:46.066Z,1,6,false
2019-07-13T23:15:56.547Z,1,7,false
2019-07-13T23:16:06.879Z,1,8,false
2019-07-13T23:16:17.110Z,1,9,false
2019-07-13T23:16:57.399Z,1,1,false
2019-07-13T23:17:07.766Z,1,2,false
2019-07-13T23:17:17.348Z,1,3,false
2019-07-13T23:17:27.414Z,1,4,false
2019-07-13T23:17:37.966Z,1,5,false
2019-07-13T23:17:47.618Z,1,6,false
2019-07-13T23:17:56.632Z,1,7,false
2019-07-13T23:18:06.465Z,1,8,false
2019-07-13T23:18:16.719Z,1,9,false
2019-07-13T23:18:57.196Z,1,1,false
2019-07-13T23:19:07.495Z,1,2,false
2019-07-13T23:19:15.241Z,1,3,false
2019-07-13T23:19:23.697Z,1,4,false
2019-07-13T23:19:32.384Z,1,5,false
2019-07-13T23:19:40.572Z,1,6,false
2019-07-13T23:19:51.412Z,1,7,false
2019-07-13T23:20:01.857Z,1,8,false
2019-07-13T23:20:12.373Z,1,9,false
2019-07-13T23:20:53.082Z,1,1,false
2019-07-13T23:21:03.376Z,1,2,false
2019-07-13T23:21:12.731Z,1,3,false
2019-07-13T23:21:22.327Z,1,4,false
2019-07-13T23:21:32.652Z,1,5,false
2019-07-13T23:21:42.198Z,1,6,false
2019-07-13T23:21:52.747Z,1,7,false
2019-07-13T23:22:02.309Z,1,8,false
2019-07-13T23:22:12.675Z,1,9,false
2019-07-13T23:22:53.069Z,1,1,false
2019-07-13T23:23:02.962Z,1,2,false
2019-07-13T23:23:12.486Z,1,3,false
2019-07-13T23:23:20.952Z,1,4,false
2019-07-13T23:23:29.621Z,1,5,false
2019-07-13T23:23:37.807Z,1,6,false
2019-07-13T23:23:48.285Z,1,7,false
2019-07-13T23:23:58.208Z,1,8,false
2019-07-13T23:24:08.890Z,1,9,false
2019-07-13T23:24:49.081Z,1,1,false
2019-07-13T23:24:59.491Z,1,2,false
2019-07-13T23:25:08.816Z,1,3,false
2019-07-13T23:25:17.324Z,1,4,false
2019-07-13T23:25:25.997Z,1,5,false
2019-07-13T23:25:35.806Z,1,6,false
2019-07-13T23:25:44.196Z,1,7,false
2019-07-13T23:25:53.943Z,1,8,false
2019-07-13T23:26:04.188Z,1,9,false
2019-07-13T23:26:44.355Z,1,1,false
2019-07-13T23:26:54.336Z,1,2,false
2019-07-13T23:27:03.647Z,1,3,false
2019-07-13T23:27:12.087Z,1,4,false
2019-07-13T23:27:22.378Z,1,5,false
2019-07-13T23:27:30.498Z,1,6,false
2019-07-13T23:27:39.161Z,1,7,false
2019-07-13T23:27:49.392Z,1,8,false
2019-07-13T23:28:00.221Z,1,9,false
2019-07-13T23:28:40.099Z,1,1,false
2019-07-13T23:28:50.452Z,1,2,false
2019-07-13T23:28:59.029Z,1,3,false
2019-07-13T23:29:07.630Z,1,4,false
2019-07-13T23:29:16.303Z,1,5,false
2019-07-13T23:29:24.491Z,1,6,false
2019-07-13T23:29:34.401Z,1,7,false
2019-07-13T23:29:44.942Z,1,8,false
2019-07-13T23:29:55.020Z,1,9,false
2019-07-13T23:30:35.231Z,1,1,false
2019-07-13T23:30:44.995Z,1,2,false
2019-07-13T23:30:53.195Z,1,3,false
2019-07-13T23:31:03.245Z,1,4,false
2019-07-13T23:31:13.543Z,1,5,false
2019-07-13T23:31:21.751Z,1,6,false
2019-07-13T23:31:31.694Z,1,7,false
2019-07-13T23:31:41.956Z,1,8,false
2019-07-13T23:31:51.297Z,1,9,false
2019-07-13T23:32:31.616Z,1,1,false
2019-07-13T23:32:42.144Z,1,2,false
2019-07-13T23:32:52.532Z,1,3,false
2019-07-13T23:33:01.507Z,1,4,false
2019-07-13T23:33:11.821Z,1,5,false
2019-07-13T23:33:19.976Z,1,6,false
2019-07-13T23:33:29.818Z,1,7,false
2019-07-13T23:33:38.827Z,1,8,false
2019-07-13T23:33:48.951Z,1,9,false
2019-07-13T23:34:27.433Z,1,1,false
2019-07-13T23:34:37.958Z,1,2,false
2019-07-13T23:34:48.295Z,1,3,false
2019-07-13T23:34:58.371Z,1,4,false
2019-07-13T23:35:06.998Z,1,5,false
2019-07-13T23:35:15.178Z,1,6,false
2019-07-13T23:35:25.500Z,1,7,false
2019-07-13T23:35:35.175Z,1,8,false
2019-07-13T23:35:45.354Z,1,9,false
2019-07-13T23:36:23.899Z,1,1,false
2019-07-13T23:36:34.062Z,1,2,false
2019-07-13T23:36:44.202Z,1,3,false
2019-07-13T23:36:55.032Z,1,4,false
2019-07-13T23:37:03.644Z,1,5,false
2019-07-13T23:37:13.450Z,1,6,false
2019-07-13T23:37:21.735Z,1,7,false
2019-07-13T23:37:31.876Z,1,8,false
2019-07-13T23:37:41.991Z,1,9,false
2019-07-13T23:38:20.856Z,1,1,false
2019-07-13T23:38:30.718Z,1,2,false
2019-07-13T23:38:40.829Z,1,3,false
2019-07-13T23:38:50.160Z,1,4,false
2019-07-13T23:39:00.449Z,1,5,false
2019-07-13T23:39:08.636Z,1,6,false
2019-07-13T23:39:18.588Z,1,7,false
2019-07-13T23:39:27.655Z,1,8,false
2019-07-13T23:39:37.894Z,1,9,false
2019-07-13T23:40:18.654Z,1,1,false
2019-07-13T23:40:28.457Z,1,2,false
2019-07-13T23:40:37.769Z,1,3,false
2019-07-13T23:40:48.241Z,1,4,false
2019-07-13T23:40:56.917Z,1,5,false
2019-07-13T23:41:05.956Z,1,6,false
2019-07-13T23:41:14.298Z,1,7,false
2019-07-13T23:41:25.027Z,1,8,false
2019-07-13T23:41:35.745Z,1,9,false
2019-07-13T23:42:15.997Z,1,1,false
2019-07-13T23:42:26.154Z,1,2,false
2019-07-13T23:42:34.969Z,1,3,false
2019-07-13T23:42:45.363Z,1,4,false
2019-07-13T23:42:54.171Z,1,5,false
2019-07-13T23:43:02.353Z,1,6,false
2019-07-13T23:43:10.695Z,1,7,false
2019-07-13T23:43:20.892Z,1,8,false
2019-07-13T23:43:30.475Z,1,9,false
2019-07-13T23:44:10.567Z,1,1,false
2019-07-13T23:44:19.253Z,1,2,false
2019-07-13T23:44:28.832Z,1,3,false
2019-07-13T23:44:39.10Z,1,4,false
2019-07-13T23:44:49.565Z,1,5,false
2019-07-13T23:44:57.736Z,1,6,false
2019-07-13T23:45:07.667Z,1,7,false
2019-07-13T23:45:15.560Z,1,8,false
2019-07-13T23:45:26.429Z,1,9,false
2019-07-13T23:46:06.835Z,1,1,false
2019-07-13T23:46:17.258Z,1,2,false
2019-07-13T23:46:26.931Z,1,3,false
2019-07-13T23:46:37.257Z,1,4,false
2019-07-13T23:46:48.459Z,1,5,false
2019-07-13T23:46:56.584Z,1,6,false
2019-07-13T23:47:05.606Z,1,7,false
2019-07-13T23:47:15.875Z,1,8,false
2019-07-13T23:47:26.674Z,1,9,false
2019-07-13T23:48:07.554Z,1,1,false
2019-07-13T23:48:17.857Z,1,2,false
2019-07-13T23:48:28.050Z,1,3,false
2019-07-13T23:48:36.938Z,1,4,false
2019-07-13T23:48:48.070Z,1,5,false
2019-07-13T23:48:56.869Z,1,6,false
2019-07-13T23:49:06.159Z,1,7,false
2019-07-13T23:49:14.106Z,1,8,false
2019-07-13T23:49:24.898Z,1,9,false
2019-07-13T23:50:05.669Z,1,1,false
2019-07-13T23:50:16.014Z,1,2,false
2019-07-13T23:50:24.347Z,1,3,false
2019-07-13T23:50:34.822Z,1,4,false
2019-07-13T23:50:45.289Z,1,5,false
2019-07-13T23:50:53.484Z,1,6,false
2019-07-13T23:51:03.689Z,1,7,false
2019-07-13T23:51:11.645Z,1,8,false
2019-07-13T23:51:22.268Z,1,9,false
2019-07-13T23:52:02.426Z,1,1,false
2019-07-13T23:52:11.785Z,1,2,false
2019-07-13T23:52:21.058Z,1,3,false
2019-07-13T23:52:31.359Z,1,4,false
2019-07-13T23:52:41.446Z,1,5,false
2019-07-13T23:52:50.518Z,1,6,false
2019-07-13T23:52:58.822Z,1,7,false
2019-07-13T23:53:09.099Z,1,8,false
2019-07-13T23:53:19.604Z,1,9,false
2019-07-13T23:53:59.635Z,1,1,false
2019-07-13T23:54:09.343Z,1,2,false
2019-07-13T23:54:18.918Z,1,3,false
2019-07-13T23:54:29.790Z,1,4,false
2019-07-13T23:54:38.477Z,1,5,false
2019-07-13T23:54:47.959Z,1,6,false
2019-07-13T23:54:57.374Z,1,7,false
2019-07-13T23:55:07.530Z,1,8,false
2019-07-13T23:55:17.431Z,1,9,false
2019-07-13T23:55:57.740Z,1,1,false
2019-07-13T23:56:07.538Z,1,2,false
2019-07-13T23:56:16.952Z,1,3,false
2019-07-13T23:56:26.138Z,1,4,false
2019-07-13T23:56:36.507Z,1,5,false
2019-07-13T23:56:44.662Z,1,6,false
2019-07-13T23:56:53.090Z,1,7,false
2019-07-13T23:57:01.746Z,1,8,false
2019-07-13T23:57:12.668Z,1,9,false
2019-07-13T23:57:53.492Z,1,1,false
2019-07-13T23:58:04.004Z,1,2,false
2019-07-13T23:58:14.274Z,1,3,false
2019-07-13T23:58:24.628Z,1,4,false
2019-07-13T23:58:35.703Z,1,5,false
2019-07-13T23:58:43.906Z,1,6,false
2019-07-13T23:58:53.887Z,1,7,false
2019-07-13T23:59:01.834Z,1,8,false
2019-07-13T23:59:12.112Z,1,9,false
2019-07-13T23:59:52.890Z,1,1,false
2019-07-14T00:00:10.468Z,1,2,false
2019-07-14T00:00:27.110Z,1,3,false
2019-07-14T00:00:37.955Z,1,4,false
2019-07-14T00:00:48.780Z,1,5,false
2019-07-14T00:00:58.501Z,1,6,false
2019-07-14T00:01:09.420Z,1,7,false
2019-07-14T00:01:20.041Z,1,8,false
2019-07-14T00:01:29.686Z,1,9,false
2019-07-14T00:02:09.239Z,1,1,false
2019-07-14T00:02:17.273Z,1,2,false
2019-07-14T00:02:25.031Z,1,3,false
2019-07-14T00:02:37.099Z,1,4,false
2019-07-14T00:02:48.335Z,1,5,false
2019-07-14T00:02:58.050Z,1,6,false
2019-07-14T00:03:08.121Z,1,7,false
2019-07-14T00:03:18.192Z,1,8,false
2019-07-14T00:03:28.158Z,1,9,false
2019-07-14T00:04:08.093Z,1,1,false
2019-07-14T00:04:16.127Z,1,2,false
2019-07-14T00:04:23.945Z,1,3,false
2019-07-14T00:04:35.368Z,1,4,false
2019-07-14T00:04:46.487Z,1,5,false
2019-07-14T00:04:57.038Z,1,6,false
2019-07-14T00:05:08.041Z,1,7,false
2019-07-14T00:05:18.520Z,1,8,false
2019-07-14T00:05:29.357Z,1,9,false
2019-07-14T00:06:09.312Z,1,1,false
2019-07-14T00:06:19.543Z,1,2,false
2019-07-14T00:06:27.288Z,1,3,false
2019-07-14T00:06:37.535Z,1,4,false
2019-07-14T00:06:48.472Z,1,5,false
2019-07-14T00:06:58.942Z,1,6,false
2019-07-14T00:07:09.246Z,1,7,false
2019-07-14T00:07:19.229Z,1,8,false
2019-07-14T00:07:28.009Z,1,9,false
2019-07-14T00:08:08.330Z,1,1,false
2019-07-14T00:08:18.033Z,1,2,false
2019-07-14T00:08:25.854Z,1,3,false
2019-07-14T00:08:36.931Z,1,4,false
2019-07-14T00:08:47.363Z,1,5,false
2019-07-14T00:08:58.043Z,1,6,false
2019-07-14T00:09:07.523Z,1,7,false
2019-07-14T00:09:17.185Z,1,8,false
2019-07-14T00:09:27.464Z,1,9,false
2019-07-14T00:10:07.611Z,1,1,false
2019-07-14T00:10:15.665Z,1,2,false
2019-07-14T00:10:23.444Z,1,3,false
2019-07-14T00:10:34.109Z,1,4,false
2019-07-14T00:10:44.397Z,1,5,false
2019-07-14T00:10:54.755Z,1,6,false
2019-07-14T00:11:05.135Z,1,7,false
2019-07-14T00:11:14.291Z,1,8,false
2019-07-14T00:11:25.126Z,1,9,false
2019-07-14T00:12:05.545Z,1,1,false
2019-07-14T00:12:13.539Z,1,2,false
2019-07-14T00:12:21.322Z,1,3,false
2019-07-14T00:12:31.789Z,1,4,false
2019-07-14T00:12:42.301Z,1,5,false
2019-07-14T00:12:53.214Z,1,6,false
2019-07-14T00:13:02.743Z,1,7,false
2019-07-14T00:13:12.287Z,1,8,false
2019-07-14T00:13:22.745Z,1,9,false
2019-07-14T00:14:02.813Z,1,1,false
2019-07-14T00:14:10.812Z,1,2,false
2019-07-14T00:14:18.562Z,1,3,false
2019-07-14T00:14:28.664Z,1,4,false
2019-07-14T00:14:39.286Z,1,5,false
2019-07-14T00:14:49.571Z,1,6,false
2019-07-14T00:14:58.778Z,1,7,false
2019-07-14T00:15:08.795Z,1,8,false
2019-07-14T00:15:19.067Z,1,9,false
2019-07-14T00:15:59.525Z,1,1,false
2019-07-14T00:16:09.277Z,1,2,false
2019-07-14T00:16:17.027Z,1,3,false
2019-07-14T00:16:26.042Z,1,4,false
2019-07-14T00:16:36.818Z,1,5,false
2019-07-14T00:16:47.538Z,1,6,false
2019-07-14T00:16:57.734Z,1,7,false
2019-07-14T00:17:06.853Z,1,8,false
2019-07-14T00:17:17.026Z,1,9,false
2019-07-14T00:17:57.313Z,1,1,false
2019-07-14T00:18:06.817Z,1,2,false
2019-07-14T00:18:16.087Z,1,3,false
2019-07-14T00:18:27.397Z,1,4,false
2019-07-14T00:18:38.482Z,1,5,false
2019-07-14T00:18:49.152Z,1,6,false
2019-07-14T00:19:00.065Z,1,7,false
2019-07-14T00:19:09.992Z,1,8,false
2019-07-14T00:19:19.655Z,1,9,false
2019-07-14T00:19:59.791Z,1,1,false
2019-07-14T00:20:07.795Z,1,2,false
2019-07-14T00:20:17.238Z,1,3,false
2019-07-14T00:20:27.627Z,1,4,false
2019-07-14T00:20:38.101Z,1,5,false
2019-07-14T00:20:47.206Z,1,6,false
2019-07-14T00:20:57.587Z,1,7,false
2019-07-14T00:21:08.057Z,1,8,false
2019-07-14T00:21:16.839Z,1,9,false
2019-07-14T00:21:57.338Z,1,1,false
2019-07-14T00:22:06.576Z,1,2,false
2019-07-14T00:22:14.385Z,1,3,false
2019-07-14T00:22:24.540Z,1,4,false
2019-07-14T00:22:33.241Z,1,5,false
2019-07-14T00:22:43.320Z,1,6,false
2019-07-14T00:22:54.026Z,1,7,false
2019-07-14T00:23:03.922Z,1,8,false
2019-07-14T00:23:13.950Z,1,9,false
2019-07-14T00:23:54.303Z,1,1,false
2019-07-14T00:24:02.351Z,1,2,false
2019-07-14T00:24:10.138Z,1,3,false
2019-07-14T00:24:18.643Z,1,4,false
2019-07-14T00:24:29.513Z,1,5,false
2019-07-14T00:24:39.474Z,1,6,false
2019-07-14T00:24:50.413Z,1,7,false
2019-07-14T00:25:00.141Z,1,8,false
2019-07-14T00:25:10.585Z,1,9,false
2019-07-14T00:25:50.681Z,1,1,false
2019-07-14T00:25:58.697Z,1,2,false
2019-07-14T00:26:08.145Z,1,3,false
2019-07-14T00:26:16.620Z,1,4,false
2019-07-14T00:26:25.355Z,1,5,false
2019-07-14T00:26:35.401Z,1,6,false
2019-07-14T00:26:46.234Z,1,7,false
2019-07-14T00:26:56.393Z,1,8,false
2019-07-14T00:27:06.541Z,1,9,false
2019-07-14T00:27:46.963Z,1,1,false
2019-07-14T00:27:55.061Z,1,2,false
2019-07-14T00:28:02.817Z,1,3,false
2019-07-14T00:28:11.301Z,1,4,false
2019-07-14T00:28:20.055Z,1,5,false
2019-07-14T00:28:30.641Z,1,6,false
2019-07-14T00:28:41.286Z,1,7,false
2019-07-14T00:28:52.006Z,1,8,false
2019-07-14T00:29:02.578Z,1,9,false
2019-07-14T00:29:43.496Z,1,1,false
2019-07-14T00:29:54.201Z,1,2,false
2019-07-14T00:30:03.687Z,1,3,false
2019-07-14T00:30:14.464Z,1,4,false
2019-07-14T00:30:23.104Z,1,5,false
2019-07-14T00:30:33.872Z,1,6,false
2019-07-14T00:30:44.804Z,1,7,false
2019-07-14T00:30:54.470Z,1,8,false
2019-07-14T00:31:04.758Z,1,9,false
2019-07-14T00:31:45.081Z,1,1,false
2019-07-14T00:31:55.774Z,1,2,false
2019-07-14T00:32:03.554Z,1,3,false
2019-07-14T00:32:12.071Z,1,4,false
2019-07-14T00:32:20.762Z,1,5,false
2019-07-14T00:32:29.805Z,1,6,false
2019-07-14T00:32:40.760Z,1,7,false
2019-07-14T00:32:51.261Z,1,8,false
2019-07-14T00:33:01.134Z,1,9,false
2019-07-14T00:33:39.409Z,1,1,false
2019-07-14T00:33:49.793Z,1,2,false
2019-07-14T00:33:57.541Z,1,3,false
2019-07-14T00:34:07.721Z,1,4,false
2019-07-14T00:34:16.389Z,1,5,false
2019-07-14T00:34:25.253Z,1,6,false
2019-07-14T00:34:34.667Z,1,7,false
2019-07-14T00:34:44.728Z,1,8,false
2019-07-14T00:34:55.536Z,1,9,false
2019-07-14T00:35:35.937Z,1,1,false
2019-07-14T00:35:45.583Z,1,2,false
2019-07-14T00:35:54.384Z,1,3,false
2019-07-14T00:36:02.841Z,1,4,false
2019-07-14T00:36:12.099Z,1,5,false
2019-07-14T00:36:20.374Z,1,6,false
2019-07-14T00:36:31.512Z,1,7,false
2019-07-14T00:36:42.291Z,1,8,false
2019-07-14T00:36:53.332Z,1,9,false
2019-07-14T00:37:34.152Z,1,1,false
2019-07-14T00:37:43.917Z,1,2,false
2019-07-14T00:37:54.272Z,1,3,false
2019-07-14T00:38:02.729Z,1,4,false
2019-07-14T00:38:13.083Z,1,5,false
2019-07-14T00:38:21.280Z,1,6,false
2019-07-14T00:38:31.408Z,1,7,false
2019-07-14T00:38:41.117Z,1,8,false
2019-07-14T00:38:51.747Z,1,9,false
2019-07-14T00:39:31.761Z,1,1,false
2019-07-14T00:39:42.516Z,1,2,false
2019-07-14T00:39:51.555Z,1,3,false
2019-07-14T00:40:01.438Z,1,4,false
2019-07-14T00:40:10.158Z,1,5,false
2019-07-14T00:40:19.148Z,1,6,false
2019-07-14T00:40:27.541Z,1,7,false
2019-07-14T00:40:37.166Z,1,8,false
2019-07-14T00:40:47.729Z,1,9,false
2019-07-14T00:41:27.688Z,1,1,false
2019-07-14T00:41:38.450Z,1,2,false
2019-07-14T00:41:48.315Z,1,3,false
2019-07-14T00:41:56.875Z,1,4,false
2019-07-14T00:42:07.009Z,1,5,false
2019-07-14T00:42:15.208Z,1,6,false
2019-07-14T00:42:23.956Z,1,7,false
2019-07-14T00:42:33.551Z,1,8,false
2019-07-14T00:42:43.873Z,1,9,false
2019-07-14T00:43:24.485Z,1,1,false
2019-07-14T00:43:35.133Z,1,2,false
2019-07-14T00:43:44.756Z,1,3,false
2019-07-14T00:43:53.492Z,1,4,false
2019-07-14T00:44:04.123Z,1,5,false
2019-07-14T00:44:12.382Z,1,6,false
2019-07-14T00:44:21.364Z,1,7,false
2019-07-14T00:44:31.661Z,1,8,false
2019-07-14T00:44:42.661Z,1,9,false
2019-07-14T00:45:23.616Z,1,1,false
2019-07-14T00:45:32.513Z,1,2,false
2019-07-14T00:45:42.367Z,1,3,false
2019-07-14T00:45:51.764Z,1,4,false
2019-07-14T00:46:00.445Z,1,5,false
2019-07-14T00:46:08.670Z,1,6,false
2019-07-14T00:46:17.024Z,1,7,false
2019-07-14T00:46:27.499Z,1,8,false
2019-07-14T00:46:38.128Z,1,9,false
2019-07-14T00:47:18.835Z,1,1,false
2019-07-14T00:47:29.061Z,1,2,false
2019-07-14T00:47:39.576Z,1,3,false
2019-07-14T00:47:51.256Z,1,4,false
2019-07-14T00:47:59.924Z,1,5,false
2019-07-14T00:48:08.186Z,1,6,false
2019-07-14T00:48:16.558Z,1,7,false
2019-07-14T00:48:27.112Z,1,8,false
2019-07-14T00:48:37.175Z,1,9,false
2019-07-14T00:49:17.890Z,1,1,false
2019-07-14T00:49:28.624Z,1,2,false
2019-07-14T00:49:39.077Z,1,3,false
2019-07-14T00:49:50.376Z,1,4,false
2019-07-14T00:50:00.162Z,1,5,false
2019-07-14T00:50:10.177Z,1,6,false
2019-07-14T00:50:18.765Z,1,7,false
2019-07-14T00:50:27.574Z,1,8,false
2019-07-14T00:50:38.160Z,1,9,false
2019-07-14T00:51:18.503Z,1,1,false
2019-07-14T00:51:28.381Z,1,2,false
2019-07-14T00:51:38.825Z,1,3,false
2019-07-14T00:51:49.664Z,1,4,false
2019-07-14T00:51:59.999Z,1,5,false
2019-07-14T00:52:08.219Z,1,6,false
2019-07-14T00:52:18.287Z,1,7,false
2019-07-14T00:52:27.128Z,1,8,false
2019-07-14T00:52:36.785Z,1,9,false
2019-07-14T00:53:17.603Z,1,1,false
2019-07-14T00:53:27.060Z,1,2,false
2019-07-14T00:53:37.356Z,1,3,false
2019-07-14T00:53:48.163Z,1,4,false
2019-07-14T00:53:57.965Z,1,5,false
2019-07-14T00:54:07.871Z,1,6,false
2019-07-14T00:54:16.203Z,1,7,false
2019-07-14T00:54:25.491Z,1,8,false
2019-07-14T00:54:35.466Z,1,9,false
2019-07-14T00:55:16.099Z,1,1,false
2019-07-14T00:55:26.593Z,1,2,false
2019-07-14T00:55:34.806Z,1,3,false
2019-07-14T00:55:45.110Z,1,4,false
2019-07-14T00:55:55.461Z,1,5,false
2019-07-14T00:56:03.729Z,1,6,false
2019-07-14T00:56:12.023Z,1,7,false
2019-07-14T00:56:21.641Z,1,8,false
2019-07-14T00:56:32.550Z,1,9,false
2019-07-14T00:57:13.394Z,1,1,false
2019-07-14T00:57:23.894Z,1,2,false
2019-07-14T00:57:33.980Z,1,3,false
2019-07-14T00:57:44.377Z,1,4,false
2019-07-14T00:57:54.790Z,1,5,false
2019-07-14T00:58:03.992Z,1,6,false
2019-07-14T00:58:12.311Z,1,7,false
2019-07-14T00:58:20.327Z,1,8,false
2019-07-14T00:58:31.106Z,1,9,false
2019-07-14T00:59:11.951Z,1,1,false
2019-07-14T00:59:22.190Z,1,2,false
2019-07-14T00:59:32.094Z,1,3,false
2019-07-14T00:59:42.970Z,1,4,false
2019-07-14T00:59:54.181Z,1,5,false
2019-07-14T01:00:02.551Z,1,6,false
2019-07-14T01:00:12.488Z,1,7,false
2019-07-14T01:00:20.467Z,1,8,false
2019-07-14T01:00:31.102Z,1,9,false
2019-07-14T01:01:11.745Z,1,1,false
2019-07-14T01:01:22.487Z,1,2,false
2019-07-14T01:01:32.725Z,1,3,false
2019-07-14T01:01:43.274Z,1,4,false
2019-07-14T01:01:54.321Z,1,5,false
2019-07-14T01:02:02.585Z,1,6,false
2019-07-14T01:02:11.006Z,1,7,false
2019-07-14T01:02:18.980Z,1,8,false
2019-07-14T01:02:29.537Z,1,9,false
2019-07-14T01:03:09.999Z,1,1,false
2019-07-14T01:03:20.020Z,1,2,false
2019-07-14T01:03:30.289Z,1,3,false
2019-07-14T01:03:40.711Z,1,4,false
2019-07-14T01:03:51.623Z,1,5,false
2019-07-14T01:03:59.881Z,1,6,false
2019-07-14T01:04:08.300Z,1,7,false
2019-07-14T01:04:16.257Z,1,8,false
2019-07-14T01:04:26.195Z,1,9,false
2019-07-14T01:05:06.174Z,1,1,false
2019-07-14T01:05:16.852Z,1,2,false
2019-07-14T01:05:27.168Z,1,3,false
2019-07-14T01:05:37.625Z,1,4,false
2019-07-14T01:05:49.013Z,1,5,false
2019-07-14T01:05:58.275Z,1,6,false
2019-07-14T01:06:08.777Z,1,7,false
2019-07-14T01:06:17.145Z,1,8,false
2019-07-14T01:06:26.182Z,1,9,false
2019-07-14T01:07:06.005Z,1,1,false
2019-07-14T01:07:16.388Z,1,2,false
2019-07-14T01:07:25.270Z,1,3,false
2019-07-14T01:07:35.381Z,1,4,false
2019-07-14T01:07:45.522Z,1,5,false
2019-07-14T01:07:55.976Z,1,6,false
2019-07-14T01:08:04.508Z,1,7,false
2019-07-14T01:08:14.142Z,1,8,false
2019-07-14T01:08:22.403Z,1,9,false
2019-07-14T01:09:03.353Z,1,1,false
2019-07-14T01:09:13.664Z,1,2,false
2019-07-14T01:09:23.374Z,1,3,false
2019-07-14T01:09:34.197Z,1,4,false
2019-07-14T01:09:44.754Z,1,5,false
2019-07-14T01:09:55.004Z,1,6,false
2019-07-14T01:10:03.917Z,1,7,false
2019-07-14T01:10:13.267Z,1,8,false
2019-07-14T01:10:22.226Z,1,9,false
2019-07-14T01:11:00.406Z,1,1,false
2019-07-14T01:11:10.517Z,1,2,false
2019-07-14T01:11:19.022Z,1,3,false
2019-07-14T01:11:29.395Z,1,4,false
2019-07-14T01:11:38.888Z,1,5,false
2019-07-14T01:11:49.415Z,1,6,false
2019-07-14T01:11:59.695Z,1,7,false
2019-07-14T01:12:07.694Z,1,8,false
2019-07-14T01:12:16.004Z,1,9,false
2019-07-14T01:12:54.407Z,1,1,false
2019-07-14T01:13:05.037Z,1,2,false
2019-07-14T01:13:15.516Z,1,3,false
2019-07-14T01:13:26.197Z,1,4,false
2019-07-14T01:13:36.725Z,1,5,false
2019-07-14T01:13:46.995Z,1,6,false
2019-07-14T01:13:57.562Z,1,7,false
2019-07-14T01:14:07.056Z,1,8,false
2019-07-14T01:14:15.332Z,1,9,false
2019-07-14T01:14:53.514Z,1,1,false
2019-07-14T01:15:04.228Z,1,2,false
2019-07-14T01:15:14.033Z,1,3,false
2019-07-14T01:15:24.563Z,1,4,false
2019-07-14T01:15:35.856Z,1,5,false
2019-07-14T01:15:44.900Z,1,6,false
2019-07-14T01:15:54.667Z,1,7,false
2019-07-14T01:16:03.895Z,1,8,false
2019-07-14T01:16:12.197Z,1,9,false
2019-07-14T01:16:52.107Z,1,1,false
2019-07-14T01:17:02.240Z,1,2,false
2019-07-14T01:17:11.848Z,1,3,false
2019-07-14T01:17:22.877Z,1,4,false
2019-07-14T01:17:33.944Z,1,5,false
2019-07-14T01:17:43.949Z,1,6,false
2019-07-14T01:17:52.982Z,1,7,false
2019-07-14T01:18:00.879Z,1,8,false
2019-07-14T01:18:09.237Z,1,9,false
2019-07-14T01:18:47.482Z,1,1,false
2019-07-14T01:18:58.076Z,1,2,false
2019-07-14T01:19:08.658Z,1,3,false
2019-07-14T01:19:19.828Z,1,4,false
2019-07-14T01:19:31.009Z,1,5,false
2019-07-14T01:19:41.846Z,1,6,false
2019-07-14T01:19:52.655Z,1,7,false
2019-07-14T01:20:01.772Z,1,8,false
2019-07-14T01:20:10.116Z,1,9,false
2019-07-14T01:20:48.262Z,1,1,false
2019-07-14T01:20:59.009Z,1,2,false
2019-07-14T01:21:08.440Z,1,3,false
2019-07-14T01:21:16.948Z,1,4,false
2019-07-14T01:21:27.470Z,1,5,false
2019-07-14T01:21:38.168Z,1,6,false
2019-07-14T01:21:48.631Z,1,7,false
2019-07-14T01:21:57.423Z,1,8,false
2019-07-14T01:22:06.827Z,1,9,false
2019-07-14T01:22:45.166Z,1,1,false
2019-07-14T01:22:54.342Z,1,2,false
2019-07-14T01:23:04.482Z,1,3,false
2019-07-14T01:23:14.811Z,1,4,false
2019-07-14T01:23:25.473Z,1,5,false
2019-07-14T01:23:36.145Z,1,6,false
2019-07-14T01:23:45.636Z,1,7,false
2019-07-14T01:23:55.791Z,1,8,false
2019-07-14T01:24:06.626Z,1,9,false
2019-07-14T01:24:46.004Z,1,1,false
2019-07-14T01:24:56.320Z,1,2,false
2019-07-14T01:25:06.171Z,1,3,false
2019-07-14T01:25:16.536Z,1,4,false
2019-07-14T01:25:27.074Z,1,5,false
2019-07-14T01:25:36.905Z,1,6,false
2019-07-14T01:25:47.078Z,1,7,false
2019-07-14T01:25:55.978Z,1,8,false
2019-07-14T01:26:06.162Z,1,9,false
2019-07-14T01:26:46.716Z,1,1,false
2019-07-14T01:26:56.720Z,1,2,false
2019-07-14T01:27:06.102Z,1,3,false
2019-07-14T01:27:16.295Z,1,4,false
2019-07-14T01:27:26.809Z,1,5,false
2019-07-14T01:27:37.102Z,1,6,false
2019-07-14T01:27:48.072Z,1,7,false
2019-07-14T01:27:58.326Z,1,8,false
2019-07-14T01:28:08.879Z,1,9,false
2019-07-14T01:28:48.813Z,1,1,false
2019-07-14T01:28:59.479Z,1,2,false
2019-07-14T01:29:09.926Z,1,3,false
2019-07-14T01:29:21.593Z,1,4,false
2019-07-14T01:29:32.383Z,1,5,false
2019-07-14T01:29:43.276Z,1,6,false
2019-07-14T01:29:52.780Z,1,7,false
2019-07-14T01:30:03.334Z,1,8,false
2019-07-14T01:30:13.828Z,1,9,false
2019-07-14T01:30:53.672Z,1,1,false
2019-07-14T01:31:04.228Z,1,2,false
2019-07-14T01:31:13.824Z,1,3,false
2019-07-14T01:31:24.860Z,1,4,false
2019-07-14T01:31:35.148Z,1,5,false
2019-07-14T01:31:45.755Z,1,6,false
2019-07-14T01:31:56.749Z,1,7,false
2019-07-14T01:32:06.938Z,1,8,false
2019-07-14T01:32:16.369Z,1,9,false
2019-07-14T01:32:54.572Z,1,1,false
2019-07-14T01:33:05.003Z,1,2,false
2019-07-14T01:33:14.226Z,1,3,false
2019-07-14T01:33:24.418Z,1,4,false
2019-07-14T01:33:34.853Z,1,5,false
2019-07-14T01:33:45.579Z,1,6,false
2019-07-14T01:33:56.028Z,1,7,false
2019-07-14T01:34:05.699Z,1,8,false
2019-07-14T01:34:15.679Z,1,9,false
2019-07-14T01:34:55.549Z,1,1,false
2019-07-14T01:35:04.771Z,1,2,false
2019-07-14T01:35:14.843Z,1,3,false
2019-07-14T01:35:25.538Z,1,4,false
2019-07-14T01:35:36.323Z,1,5,false
2019-07-14T01:35:46.460Z,1,6,false
2019-07-14T01:35:55.551Z,1,7,false
2019-07-14T01:36:05.745Z,1,8,false
2019-07-14T01:36:15.991Z,1,9,false
2019-07-14T01:36:54.511Z,1,1,false
2019-07-14T01:37:04.974Z,1,2,false
2019-07-14T01:37:14.981Z,1,3,false
2019-07-14T01:37:25.636Z,1,4,false
2019-07-14T01:37:36.512Z,1,5,false
2019-07-14T01:37:47.313Z,1,6,false
2019-07-14T01:37:57.226Z,1,7,false
2019-07-14T01:38:06.563Z,1,8,false
2019-07-14T01:38:17.319Z,1,9,false
2019-07-14T01:38:57.566Z,1,1,false
2019-07-14T01:39:07.804Z,1,2,false
2019-07-14T01:39:16.977Z,1,3,false
2019-07-14T01:39:27.227Z,1,4,false
2019-07-14T01:39:36.552Z,1,5,false
2019-07-14T01:39:47.399Z,1,6,false
2019-07-14T01:39:57.747Z,1,7,false
2019-07-14T01:40:07.432Z,1,8,false
2019-07-14T01:40:17.895Z,1,9,false
2019-07-14T01:40:58.625Z,1,1,false
2019-07-14T01:41:09.414Z,1,2,false
2019-07-14T01:41:18.951Z,1,3,false
2019-07-14T01:41:29.566Z,1,4,false
2019-07-14T01:41:40.982Z,1,5,false
2019-07-14T01:41:50.999Z,1,6,false
2019-07-14T01:42:02.059Z,1,7,false
2019-07-14T01:42:11.836Z,1,8,false
2019-07-14T01:42:22.319Z,1,9,false
2019-07-14T01:43:02.905Z,1,1,false
2019-07-14T01:43:14.663Z,1,2,false
2019-07-14T01:43:24.213Z,1,3,false
2019-07-14T01:43:34.552Z,1,4,false
2019-07-14T01:43:45.245Z,1,5,false
2019-07-14T01:43:55.302Z,1,6,false
2019-07-14T01:44:05.924Z,1,7,false
2019-07-14T01:44:15.202Z,1,8,false
2019-07-14T01:44:24.660Z,1,9,false
2019-07-14T01:45:04.597Z,1,1,false
2019-07-14T01:45:45.018Z,1,2,false
2019-07-14T01:45:52.862Z,1,3,false
2019-07-14T01:46:01.362Z,1,4,false
2019-07-14T01:46:11.212Z,1,5,false
2019-07-14T01:46:22.012Z,1,6,false
2019-07-14T01:46:32.239Z,1,7,false
2019-07-14T01:46:42.272Z,1,8,false
2019-07-14T01:46:52.319Z,1,9,false
2019-07-14T01:47:32.240Z,1,1,false
2019-07-14T01:47:41.514Z,1,2,false
2019-07-14T01:47:50.483Z,1,3,false
2019-07-14T01:48:00.623Z,1,4,false
2019-07-14T01:48:09.877Z,1,5,false
2019-07-14T01:48:18.166Z,1,6,false
2019-07-14T01:48:28.727Z,1,7,false
2019-07-14T01:48:37.250Z,1,8,false
2019-07-14T01:48:47.926Z,1,9,false
2019-07-14T01:49:27.808Z,1,1,false
2019-07-14T01:49:37.365Z,1,2,false
2019-07-14T01:49:45.188Z,1,3,false
2019-07-14T01:49:55.783Z,1,4,false
2019-07-14T01:50:06.895Z,1,5,false
2019-07-14T01:50:17.511Z,1,6,false
2019-07-14T01:50:26.635Z,1,7,false
2019-07-14T01:50:36.588Z,1,8,false
2019-07-14T01:50:47.401Z,1,9,false
2019-07-14T01:51:26.694Z,1,1,false
2019-07-14T01:51:34.709Z,1,2,false
2019-07-14T01:51:42.463Z,1,3,false
2019-07-14T01:51:51.225Z,1,4,false
2019-07-14T01:51:59.896Z,1,5,false
2019-07-14T01:52:10.825Z,1,6,false
2019-07-14T01:52:21.288Z,1,7,false
2019-07-14T01:52:31.184Z,1,8,false
2019-07-14T01:52:42.146Z,1,9,false
2019-07-14T01:53:22.770Z,1,1,false
2019-07-14T01:53:32.192Z,1,2,false
2019-07-14T01:53:39.971Z,1,3,false
2019-07-14T01:53:50.428Z,1,4,false
2019-07-14T01:53:59.156Z,1,5,false
2019-07-14T01:54:10.042Z,1,6,false
2019-07-14T01:54:20.700Z,1,7,false
2019-07-14T01:54:31.391Z,1,8,false
2019-07-14T01:54:42.414Z,1,9,false
2019-07-14T01:55:23.385Z,1,1,false
2019-07-14T01:55:31.385Z,1,2,false
2019-07-14T01:55:39.169Z,1,3,false
2019-07-14T01:55:49.513Z,1,4,false
2019-07-14T01:55:58.225Z,1,5,false
2019-07-14T01:56:08.695Z,1,6,false
2019-07-14T01:56:18.945Z,1,7,false
2019-07-14T01:56:28.663Z,1,8,false
2019-07-14T01:56:37.787Z,1,9,false
2019-07-14T01:57:18.249Z,1,1,false
2019-07-14T01:57:28.313Z,1,2,false
2019-07-14T01:57:36.117Z,1,3,false
2019-07-14T01:57:44.646Z,1,4,false
2019-07-14T01:57:54.816Z,1,5,false
2019-07-14T01:58:03.961Z,1,6,false
2019-07-14T01:58:14.366Z,1,7,false
2019-07-14T01:58:24.105Z,1,8,false
2019-07-14T01:58:34.311Z,1,9,false
2019-07-14T01:59:14.644Z,1,1,false
2019-07-14T01:59:22.647Z,1,2,false
2019-07-14T01:59:30.399Z,1,3,false
2019-07-14T01:59:39.112Z,1,4,false
2019-07-14T01:59:49.707Z,1,5,false
2019-07-14T02:00:00.014Z,1,6,false
2019-07-14T02:00:09.966Z,1,7,false
2019-07-14T02:00:20.042Z,1,8,false
2019-07-14T02:00:28.603Z,1,9,false
2019-07-14T02:01:08.827Z,1,1,false
2019-07-14T02:01:17.213Z,1,2,false
2019-07-14T02:01:25.068Z,1,3,false
2019-07-14T02:01:33.704Z,1,4,false
2019-07-14T02:01:44.109Z,1,5,false
2019-07-14T02:01:54.823Z,1,6,false
2019-07-14T02:02:05.593Z,1,7,false
2019-07-14T02:02:15.833Z,1,8,false
2019-07-14T02:02:26.635Z,1,9,false
2019-07-14T02:03:06.506Z,1,1,false
2019-07-14T02:03:14.539Z,1,2,false
2019-07-14T02:03:23.981Z,1,3,false
2019-07-14T02:03:34.117Z,1,4,false
2019-07-14T02:03:44.492Z,1,5,false
2019-07-14T02:03:54.380Z,1,6,false
2019-07-14T02:04:04.282Z,1,7,false
2019-07-14T02:04:13.984Z,1,8,false
2019-07-14T02:04:24.885Z,1,9,false
2019-07-14T02:05:05.756Z,1,1,false
2019-07-14T02:05:13.760Z,1,2,false
2019-07-14T02:05:21.545Z,1,3,false
2019-07-14T02:05:30.032Z,1,4,false
2019-07-14T02:05:40.946Z,1,5,false
2019-07-14T02:05:51.903Z,1,6,false
2019-07-14T02:06:03.054Z,1,7,false
2019-07-14T02:06:12.988Z,1,8,false
2019-07-14T02:06:23.936Z,1,9,false
2019-07-14T02:07:04.437Z,1,1,false
2019-07-14T02:07:15.022Z,1,2,false
2019-07-14T02:07:22.908Z,1,3,false
2019-07-14T02:07:32.639Z,1,4,false
2019-07-14T02:07:41.356Z,1,5,false
2019-07-14T02:07:52.342Z,1,6,false
2019-07-14T02:08:03.030Z,1,7,false
2019-07-14T02:08:13.340Z,1,8,false
2019-07-14T02:08:24.173Z,1,9,false
2019-07-14T02:09:04.354Z,1,1,false
2019-07-14T02:09:14.193Z,1,2,false
2019-07-14T02:09:23.647Z,1,3,false
2019-07-14T02:09:32.149Z,1,4,false
2019-07-14T02:09:42.109Z,1,5,false
2019-07-14T02:09:51.040Z,1,6,false
2019-07-14T02:10:01.116Z,1,7,false
2019-07-14T02:10:10.748Z,1,8,false
2019-07-14T02:10:20.724Z,1,9,false
2019-07-14T02:11:00.551Z,1,1,false
2019-07-14T02:11:11.367Z,1,2,false
2019-07-14T02:11:20.833Z,1,3,false
2019-07-14T02:11:29.336Z,1,4,false
2019-07-14T02:11:38.008Z,1,5,false
2019-07-14T02:11:48.389Z,1,6,false
2019-07-14T02:11:58.928Z,1,7,false
2019-07-14T02:12:08.806Z,1,8,false
2019-07-14T02:12:19.059Z,1,9,false
2019-07-14T02:12:59.112Z,1,1,false
2019-07-14T02:13:09.405Z,1,2,false
2019-07-14T02:13:17.648Z,1,3,false
2019-07-14T02:13:26.134Z,1,4,false
2019-07-14T02:13:35.073Z,1,5,false
2019-07-14T02:13:43.760Z,1,6,false
2019-07-14T02:13:54.834Z,1,7,false
2019-07-14T02:14:05.422Z,1,8,false
2019-07-14T02:14:16.339Z,1,9,false
2019-07-14T02:14:57.079Z,1,1,false
2019-07-14T02:15:07.309Z,1,2,false
2019-07-14T02:15:16.753Z,1,3,false
2019-07-14T02:15:26.901Z,1,4,false
2019-07-14T02:15:35.597Z,1,5,false
2019-07-14T02:15:43.814Z,1,6,false
2019-07-14T02:15:54.424Z,1,7,false
2019-07-14T02:16:04.783Z,1,8,false
2019-07-14T02:16:14.994Z,1,9,false
2019-07-14T02:16:54.968Z,1,1,false
2019-07-14T02:17:05.223Z,1,2,false
2019-07-14T02:17:15.360Z,1,3,false
2019-07-14T02:17:26.019Z,1,4,false
2019-07-14T02:17:35.030Z,1,5,false
2019-07-14T02:17:43.511Z,1,6,false
2019-07-14T02:17:55.999Z,1,7,false
2019-07-14T02:18:06.788Z,1,8,false
2019-07-14T02:18:17.735Z,1,9,false
2019-07-14T02:18:57.734Z,1,1,false
2019-07-14T02:19:08.119Z,1,2,false
2019-07-14T02:19:18.369Z,1,3,false
2019-07-14T02:19:28.750Z,1,4,false
2019-07-14T02:19:37.495Z,1,5,false
2019-07-14T02:19:46.223Z,1,6,false
2019-07-14T02:19:55.366Z,1,7,false
2019-07-14T02:20:05.012Z,1,8,false
2019-07-14T02:20:14.595Z,1,9,false
2019-07-14T02:20:54.563Z,1,1,false
2019-07-14T02:21:04.745Z,1,2,false
2019-07-14T02:21:14.811Z,1,3,false
2019-07-14T02:21:24.822Z,1,4,false
2019-07-14T02:21:35.444Z,1,5,false
2019-07-14T02:21:45.369Z,1,6,false
2019-07-14T02:21:55.809Z,1,7,false
2019-07-14T02:22:06.171Z,1,8,false
2019-07-14T02:22:16.325Z,1,9,false
2019-07-14T02:22:55.674Z,1,1,false
2019-07-14T02:23:05.420Z,1,2,false
2019-07-14T02:23:15.651Z,1,3,false
2019-07-14T02:23:25.209Z,1,4,false
2019-07-14T02:23:33.911Z,1,5,false
2019-07-14T02:23:43.811Z,1,6,false
2019-07-14T02:23:52.737Z,1,7,false
2019-07-14T02:24:03.352Z,1,8,false
2019-07-14T02:24:14.230Z,1,9,false
2019-07-14T02:24:55.101Z,1,1,false
2019-07-14T02:25:04.885Z,1,2,false
2019-07-14T02:25:15.405Z,1,3,false
2019-07-14T02:25:26.106Z,1,4,false
2019-07-14T02:25:36.506Z,1,5,false
2019-07-14T02:25:44.802Z,1,6,false
2019-07-14T02:25:54.885Z,1,7,false
2019-07-14T02:26:05.589Z,1,8,false
2019-07-14T02:26:16.599Z,1,9,false
2019-07-14T02:26:57.513Z,1,1,false
2019-07-14T02:27:07.362Z,1,2,false
2019-07-14T02:27:17.401Z,1,3,false
2019-07-14T02:27:28.147Z,1,4,false
2019-07-14T02:27:36.815Z,1,5,false
2019-07-14T02:27:45.251Z,1,6,false
2019-07-14T02:27:55.269Z,1,7,false
2019-07-14T02:28:05.879Z,1,8,false
2019-07-14T02:28:16.837Z,1,9,false
2019-07-14T02:28:57.404Z,1,1,false
2019-07-14T02:29:07.367Z,1,2,false
2019-07-14T02:29:17.220Z,1,3,false
2019-07-14T02:29:28.296Z,1,4,false
2019-07-14T02:29:36.962Z,1,5,false
2019-07-14T02:29:46.978Z,1,6,false
2019-07-14T02:29:55.383Z,1,7,false
2019-07-14T02:30:05.843Z,1,8,false
2019-07-14T02:30:16.936Z,1,9,false
2019-07-14T02:30:57.232Z,1,1,false
2019-07-14T02:31:07.820Z,1,2,false
2019-07-14T02:31:16.367Z,1,3,false
2019-07-14T02:31:26.771Z,1,4,false
2019-07-14T02:31:36.643Z,1,5,false
2019-07-14T02:31:44.906Z,1,6,false
2019-07-14T02:31:53.332Z,1,7,false
2019-07-14T02:32:02.962Z,1,8,false
2019-07-14T02:32:13.319Z,1,9,false
2019-07-14T02:32:53.572Z,1,1,false
2019-07-14T02:33:03.799Z,1,2,false
2019-07-14T02:33:12.508Z,1,3,false
2019-07-14T02:33:22.709Z,1,4,false
2019-07-14T02:33:31.642Z,1,5,false
2019-07-14T02:33:39.881Z,1,6,false
2019-07-14T02:33:50.023Z,1,7,false
2019-07-14T02:33:59.685Z,1,8,false
2019-07-14T02:34:10.104Z,1,9,false
2019-07-14T02:34:50.632Z,1,1,false
2019-07-14T02:35:00.345Z,1,2,false
2019-07-14T02:35:09.229Z,1,3,false
2019-07-14T02:35:19.685Z,1,4,false
2019-07-14T02:35:30.269Z,1,5,false
2019-07-14T02:35:38.477Z,1,6,false
2019-07-14T02:35:48.285Z,1,7,false
2019-07-14T02:35:56.296Z,1,8,false
2019-07-14T02:36:06.430Z,1,9,false
2019-07-14T02:36:46.626Z,1,1,false
2019-07-14T02:36:57.324Z,1,2,false
2019-07-14T02:37:07.868Z,1,3,false
2019-07-14T02:37:19.043Z,1,4,false
2019-07-14T02:37:30.351Z,1,5,false
2019-07-14T02:37:40.261Z,1,6,false
2019-07-14T02:37:50.163Z,1,7,false
2019-07-14T02:37:58.173Z,1,8,false
2019-07-14T02:38:08.834Z,1,9,false
2019-07-14T02:38:49.721Z,1,1,false
2019-07-14T02:39:00.474Z,1,2,false
2019-07-14T02:39:10.816Z,1,3,false
2019-07-14T02:39:21.351Z,1,4,false
2019-07-14T02:39:32.094Z,1,5,false
2019-07-14T02:39:41.986Z,1,6,false
2019-07-14T02:39:50.978Z,1,7,false
2019-07-14T02:39:58.911Z,1,8,false
2019-07-14T02:40:09.919Z,1,9,false
2019-07-14T02:40:50.334Z,1,1,false
2019-07-14T02:41:01.068Z,1,2,false
2019-07-14T02:41:11.271Z,1,3,false
2019-07-14T02:41:23.622Z,1,4,false
2019-07-14T02:41:34.853Z,1,5,false
2019-07-14T02:41:43.054Z,1,6,false
2019-07-14T02:41:51.431Z,1,7,false
2019-07-14T02:42:01.058Z,1,8,false
2019-07-14T02:42:10.932Z,1,9,false
2019-07-14T02:42:50.868Z,1,1,false
2019-07-14T02:43:01.529Z,1,2,false
2019-07-14T02:43:11.460Z,1,3,false
2019-07-14T02:43:22.801Z,1,4,false
2019-07-14T02:43:33.595Z,1,5,false
2019-07-14T02:43:42.736Z,1,6,false
2019-07-14T02:43:52.799Z,1,7,false
2019-07-14T02:44:02.439Z,1,8,false
2019-07-14T02:44:13.050Z,1,9,false
2019-07-14T02:44:53.783Z,1,1,false
2019-07-14T02:45:04.212Z,1,2,false
2019-07-14T02:45:13.482Z,1,3,false
2019-07-14T02:45:23.876Z,1,4,false
2019-07-14T02:45:34.790Z,1,5,false
2019-07-14T02:45:44.635Z,1,6,false
2019-07-14T02:45:54.718Z,1,7,false
2019-07-14T02:46:02.672Z,1,8,false
2019-07-14T02:46:11.053Z,1,9,false
2019-07-14T02:46:51.893Z,1,1,false
2019-07-14T02:47:02.532Z,1,2,false
2019-07-14T02:47:11.969Z,1,3,false
2019-07-14T02:47:22.365Z,1,4,false
2019-07-14T02:47:33.075Z,1,5,false
2019-07-14T02:47:42.888Z,1,6,false
2019-07-14T02:47:51.346Z,1,7,false
2019-07-14T02:47:59.953Z,1,8,false
2019-07-14T02:48:09.905Z,1,9,false
2019-07-14T02:48:50.755Z,1,1,false
2019-07-14T02:49:00.371Z,1,2,false
2019-07-14T02:49:10.500Z,1,3,false
2019-07-14T02:49:20.689Z,1,4,false
2019-07-14T02:49:31.092Z,1,5,false
2019-07-14T02:49:41.334Z,1,6,false
2019-07-14T02:49:50.693Z,1,7,false
2019-07-14T02:49:58.707Z,1,8,false
2019-07-14T02:50:08.649Z,1,9,false
2019-07-14T02:50:48.933Z,1,1,false
2019-07-14T02:50:59.476Z,1,2,false
2019-07-14T02:51:09.687Z,1,3,false
2019-07-14T02:51:20.129Z,1,4,false
2019-07-14T02:51:29.645Z,1,5,false
2019-07-14T02:51:39.690Z,1,6,false
2019-07-14T02:51:49.926Z,1,7,false
2019-07-14T02:51:59.536Z,1,8,false
2019-07-14T02:52:09.806Z,1,9,false
2019-07-14T02:52:50.187Z,1,1,false
2019-07-14T02:53:00.739Z,1,2,false
2019-07-14T02:53:10.635Z,1,3,false
2019-07-14T02:53:21.711Z,1,4,false
2019-07-14T02:53:32.424Z,1,5,false
2019-07-14T02:53:40.656Z,1,6,false
2019-07-14T02:53:51.482Z,1,7,false
2019-07-14T02:54:01.120Z,1,8,false
2019-07-14T02:54:10.316Z,1,9,false
2019-07-14T02:54:50.485Z,1,1,false
2019-07-14T02:55:01.211Z,1,2,false
2019-07-14T02:55:09.688Z,1,3,false
2019-07-14T02:55:20.431Z,1,4,false
2019-07-14T02:55:31.627Z,1,5,false
2019-07-14T02:55:39.875Z,1,6,false
2019-07-14T02:55:50.019Z,1,7,false
2019-07-14T02:55:59.637Z,1,8,false
2019-07-14T02:56:07.891Z,1,9,false
2019-07-14T02:56:47.755Z,1,1,false
2019-07-14T02:56:58.096Z,1,2,false
2019-07-14T02:57:08.361Z,1,3,false
2019-07-14T02:57:18.986Z,1,4,false
2019-07-14T02:57:30.116Z,1,5,false
2019-07-14T02:57:38.352Z,1,6,false
2019-07-14T02:57:47.897Z,1,7,false
2019-07-14T02:57:57.533Z,1,8,false
2019-07-14T02:58:07.512Z,1,9,false
2019-07-14T02:58:47.436Z,1,1,false
2019-07-14T02:58:57.912Z,1,2,false
2019-07-14T02:59:08.219Z,1,3,false
2019-07-14T02:59:19.200Z,1,4,false
2019-07-14T02:59:30.505Z,1,5,false
2019-07-14T02:59:40.385Z,1,6,false
2019-07-14T02:59:50.184Z,1,7,false
2019-07-14T02:59:58.198Z,1,8,false
2019-07-14T03:00:08.257Z,1,9,false
2019-07-14T03:00:47.536Z,1,1,false
2019-07-14T03:00:57.103Z,1,2,false
2019-07-14T03:01:06.531Z,1,3,false
2019-07-14T03:01:16.578Z,1,4,false
2019-07-14T03:01:27.708Z,1,5,false
2019-07-14T03:01:37.661Z,1,6,false
2019-07-14T03:01:47.393Z,1,7,false
2019-07-14T03:01:57.032Z,1,8,false
2019-07-14T03:02:06.640Z,1,9,false
2019-07-14T03:02:45.895Z,1,1,false
2019-07-14T03:02:55.543Z,1,2,false
2019-07-14T03:03:05.455Z,1,3,false
2019-07-14T03:03:15.657Z,1,4,false
2019-07-14T03:03:26.370Z,1,5,false
2019-07-14T03:03:34.612Z,1,6,false
2019-07-14T03:03:42.939Z,1,7,false
2019-07-14T03:03:52.852Z,1,8,false
2019-07-14T03:04:01.109Z,1,9,false
2019-07-14T03:04:42.071Z,1,1,false
2019-07-14T03:04:52.656Z,1,2,false
2019-07-14T03:05:03.196Z,1,3,false
2019-07-14T03:05:13.791Z,1,4,false
2019-07-14T03:05:24.137Z,1,5,false
2019-07-14T03:05:34.066Z,1,6,false
2019-07-14T03:05:42.375Z,1,7,false
2019-07-14T03:05:52.622Z,1,8,false
2019-07-14T03:06:02.127Z,1,9,false
2019-07-14T03:06:43.132Z,1,1,false
2019-07-14T03:06:53.282Z,1,2,false
2019-07-14T03:07:02.169Z,1,3,false
2019-07-14T03:07:13.228Z,1,4,false
2019-07-14T03:07:23.891Z,1,5,false
2019-07-14T03:07:32.162Z,1,6,false
2019-07-14T03:07:40.806Z,1,7,false
2019-07-14T03:07:50.245Z,1,8,false
2019-07-14T03:08:00.555Z,1,9,false
2019-07-14T03:08:40.919Z,1,1,false
2019-07-14T03:08:51.611Z,1,2,false
2019-07-14T03:09:02.068Z,1,3,false
2019-07-14T03:09:12.246Z,1,4,false
2019-07-14T03:09:23.219Z,1,5,false
2019-07-14T03:09:33.397Z,1,6,false
2019-07-14T03:09:41.756Z,1,7,false
2019-07-14T03:09:50.691Z,1,8,false
2019-07-14T03:09:58.977Z,1,9,false
2019-07-14T03:10:39.894Z,1,1,false
2019-07-14T03:10:49.927Z,1,2,false
2019-07-14T03:11:00.395Z,1,3,false
2019-07-14T03:11:11.613Z,1,4,false
2019-07-14T03:11:21.842Z,1,5,false
2019-07-14T03:11:32.495Z,1,6,false
2019-07-14T03:11:42.945Z,1,7,false
2019-07-14T03:11:51.278Z,1,8,false
2019-07-14T03:11:59.516Z,1,9,false
2019-07-14T03:12:40.449Z,1,1,false
2019-07-14T03:12:50.545Z,1,2,false
2019-07-14T03:13:01.082Z,1,3,false
2019-07-14T03:13:12.259Z,1,4,false
2019-07-14T03:13:23.703Z,1,5,false
2019-07-14T03:13:34.331Z,1,6,false
2019-07-14T03:13:44.372Z,1,7,false
2019-07-14T03:13:52.345Z,1,8,false
2019-07-14T03:14:00.600Z,1,9,false
2019-07-14T03:14:41.442Z,1,1,false
2019-07-14T03:14:52.103Z,1,2,false
2019-07-14T03:15:02.682Z,1,3,false
2019-07-14T03:15:13.795Z,1,4,false
2019-07-14T03:15:24.550Z,1,5,false
2019-07-14T03:15:34.845Z,1,6,false
2019-07-14T03:15:43.179Z,1,7,false
2019-07-14T03:15:51.425Z,1,8,false
2019-07-14T03:16:00.921Z,1,9,false
2019-07-14T03:16:40.949Z,1,1,false
2019-07-14T03:16:51.778Z,1,2,false
2019-07-14T03:17:02.297Z,1,3,false
2019-07-14T03:17:14.451Z,1,4,false
2019-07-14T03:17:24.803Z,1,5,false
2019-07-14T03:17:35.507Z,1,6,false
2019-07-14T03:17:43.938Z,1,7,false
2019-07-14T03:17:52.646Z,1,8,false
2019-07-14T03:18:00.877Z,1,9,false
2019-07-14T03:18:40.291Z,1,1,false
2019-07-14T03:18:51.007Z,1,2,false
2019-07-14T03:19:01.490Z,1,3,false
2019-07-14T03:19:12.754Z,1,4,false
2019-07-14T03:19:24.162Z,1,5,false
2019-07-14T03:19:35.247Z,1,6,false
2019-07-14T03:19:45.315Z,1,7,false
2019-07-14T03:19:54.922Z,1,8,false
2019-07-14T03:20:03.181Z,1,9,false
2019-07-14T03:20:43.969Z,1,1,false
2019-07-14T03:20:54.280Z,1,2,false
2019-07-14T03:21:04.744Z,1,3,false
2019-07-14T03:21:15.233Z,1,4,false
2019-07-14T03:21:26.400Z,1,5,false
2019-07-14T03:21:37.162Z,1,6,false
2019-07-14T03:21:45.616Z,1,7,false
2019-07-14T03:21:54.792Z,1,8,false
2019-07-14T03:22:03.053Z,1,9,false
2019-07-14T03:22:43.693Z,1,1,false
2019-07-14T03:22:54.435Z,1,2,false
2019-07-14T03:23:04.571Z,1,3,false
2019-07-14T03:23:15.253Z,1,4,false
2019-07-14T03:23:25.530Z,1,5,false
2019-07-14T03:23:35.734Z,1,6,false
2019-07-14T03:23:44.003Z,1,7,false
2019-07-14T03:23:51.979Z,1,8,false
2019-07-14T03:24:00.225Z,1,9,false
2019-07-14T03:24:39.798Z,1,1,false
2019-07-14T03:24:49.980Z,1,2,false
2019-07-14T03:24:59.852Z,1,3,false
2019-07-14T03:25:09.015Z,1,4,false
2019-07-14T03:25:19.449Z,1,5,false
2019-07-14T03:25:30.169Z,1,6,false
2019-07-14T03:25:40.455Z,1,7,false
2019-07-14T03:25:50.176Z,1,8,false
2019-07-14T03:26:00.100Z,1,9,false
2019-07-14T03:26:39.962Z,1,1,false
2019-07-14T03:26:50.222Z,1,2,false
2019-07-14T03:27:00.246Z,1,3,false
2019-07-14T03:27:09.441Z,1,4,false
2019-07-14T03:27:20.285Z,1,5,false
2019-07-14T03:27:29.703Z,1,6,false
2019-07-14T03:27:39.775Z,1,7,false
2019-07-14T03:27:49.660Z,1,8,false
2019-07-14T03:27:59.613Z,1,9,false
2019-07-14T03:28:37.870Z,1,1,false
2019-07-14T03:28:47.646Z,1,2,false
2019-07-14T03:28:57.325Z,1,3,false
2019-07-14T03:29:07.631Z,1,4,false
2019-07-14T03:29:17.642Z,1,5,false
2019-07-14T03:29:28.038Z,1,6,false
2019-07-14T03:29:36.599Z,1,7,false
2019-07-14T03:29:44.582Z,1,8,false
2019-07-14T03:29:52.869Z,1,9,false
2019-07-14T03:30:31.156Z,1,1,false
2019-07-14T03:30:40.105Z,1,2,false
2019-07-14T03:30:50.564Z,1,3,false
2019-07-14T03:31:01.140Z,1,4,false
2019-07-14T03:31:12.143Z,1,5,false
2019-07-14T03:31:22.483Z,1,6,false
2019-07-14T03:31:32.900Z,1,7,false
2019-07-14T03:31:40.891Z,1,8,false
2019-07-14T03:31:50.412Z,1,9,false
2019-07-14T03:32:30.368Z,1,1,false
2019-07-14T03:32:40.10Z,1,2,false
2019-07-14T03:32:49.869Z,1,3,false
2019-07-14T03:33:00.324Z,1,4,false
2019-07-14T03:33:10.941Z,1,5,false
2019-07-14T03:33:20.861Z,1,6,false
2019-07-14T03:33:31.012Z,1,7,false
2019-07-14T03:33:39.028Z,1,8,false
2019-07-14T03:33:49.148Z,1,9,false
2019-07-14T03:34:27.384Z,1,1,false
2019-07-14T03:34:37.502Z,1,2,false
2019-07-14T03:34:48.051Z,1,3,false
2019-07-14T03:34:58.997Z,1,4,false
2019-07-14T03:35:09.856Z,1,5,false
2019-07-14T03:35:20.363Z,1,6,false
2019-07-14T03:35:29.255Z,1,7,false
2019-07-14T03:35:37.273Z,1,8,false
2019-07-14T03:35:45.622Z,1,9,false
2019-07-14T03:36:26.122Z,1,1,false
2019-07-14T03:36:35.150Z,1,2,false
2019-07-14T03:36:43.662Z,1,3,false
2019-07-14T03:36:53.872Z,1,4,false
2019-07-14T03:37:04.651Z,1,5,false
2019-07-14T03:37:14.871Z,1,6,false
2019-07-14T03:37:23.453Z,1,7,false
2019-07-14T03:37:31.417Z,1,8,false
2019-07-14T03:37:39.759Z,1,9,false
2019-07-14T03:38:19.851Z,1,1,false
2019-07-14T03:38:30.335Z,1,2,false
2019-07-14T03:38:40.485Z,1,3,false
2019-07-14T03:38:51.578Z,1,4,false
2019-07-14T03:39:01.617Z,1,5,false
2019-07-14T03:39:11.520Z,1,6,false
2019-07-14T03:39:21.584Z,1,7,false
2019-07-14T03:39:29.640Z,1,8,false
2019-07-14T03:39:39.576Z,1,9,false
2019-07-14T03:40:19.717Z,1,1,false
2019-07-14T03:40:28.301Z,1,2,false
2019-07-14T03:40:37.734Z,1,3,false
2019-07-14T03:40:48.790Z,1,4,false
2019-07-14T03:40:59.052Z,1,5,false
2019-07-14T03:41:07.895Z,1,6,false
2019-07-14T03:41:17.922Z,1,7,false
2019-07-14T03:41:25.871Z,1,8,false
2019-07-14T03:41:35.874Z,1,9,false
2019-07-14T03:42:14.091Z,1,1,false
2019-07-14T03:42:24.478Z,1,2,false
2019-07-14T03:42:33.381Z,1,3,false
2019-07-14T03:42:43.602Z,1,4,false
2019-07-14T03:42:54.535Z,1,5,false
2019-07-14T03:43:04.678Z,1,6,false
2019-07-14T03:43:14.760Z,1,7,false
2019-07-14T03:43:22.769Z,1,8,false
2019-07-14T03:43:31.108Z,1,9,false
2019-07-14T03:44:11.004Z,1,1,false
2019-07-14T03:44:21.413Z,1,2,false
2019-07-14T03:44:31.049Z,1,3,false
2019-07-14T03:44:41.272Z,1,4,false
2019-07-14T03:44:52.487Z,1,5,false
2019-07-14T03:45:01.444Z,1,6,false
2019-07-14T03:45:11.812Z,1,7,false
2019-07-14T03:45:21.471Z,1,8,false
2019-07-14T03:45:29.745Z,1,9,false
2019-07-14T03:46:09.973Z,1,1,false
2019-07-14T03:46:20.839Z,1,2,false
2019-07-14T03:46:31.248Z,1,3,false
2019-07-14T03:46:42.328Z,1,4,false
2019-07-14T03:46:53.493Z,1,5,false
2019-07-14T03:47:03.994Z,1,6,false
2019-07-14T03:47:12.391Z,1,7,false
2019-07-14T03:47:20.384Z,1,8,false
2019-07-14T03:47:30.273Z,1,9,false
2019-07-14T03:48:08.594Z,1,1,false
2019-07-14T03:48:18.654Z,1,2,false
2019-07-14T03:48:27.969Z,1,3,false
2019-07-14T03:48:38.207Z,1,4,false
2019-07-14T03:48:48.980Z,1,5,false
2019-07-14T03:48:59.751Z,1,6,false
2019-07-14T03:49:09.647Z,1,7,false
2019-07-14T03:49:17.584Z,1,8,false
2019-07-14T03:49:27.606Z,1,9,false
2019-07-14T03:50:05.883Z,1,1,false
2019-07-14T03:50:14.866Z,1,2,false
2019-07-14T03:50:25.082Z,1,3,false
2019-07-14T03:50:35.228Z,1,4,false
2019-07-14T03:50:46.508Z,1,5,false
2019-07-14T03:50:55.629Z,1,6,false
2019-07-14T03:51:04.204Z,1,7,false
2019-07-14T03:51:14.219Z,1,8,false
2019-07-14T03:51:22.532Z,1,9,false
2019-07-14T03:52:00.748Z,1,1,false
2019-07-14T03:52:10.962Z,1,2,false
2019-07-14T03:52:20.742Z,1,3,false
2019-07-14T03:52:31.190Z,1,4,false
2019-07-14T03:52:41.898Z,1,5,false
2019-07-14T03:52:51.995Z,1,6,false
2019-07-14T03:53:02.312Z,1,7,false
2019-07-14T03:53:11.942Z,1,8,false
2019-07-14T03:53:20.214Z,1,9,false
2019-07-14T03:53:58.787Z,1,1,false
2019-07-14T03:54:09.273Z,1,2,false
2019-07-14T03:54:19.309Z,1,3,false
2019-07-14T03:54:29.913Z,1,4,false
2019-07-14T03:54:39.366Z,1,5,false
2019-07-14T03:54:49.733Z,1,6,false
2019-07-14T03:55:00.582Z,1,7,false
2019-07-14T03:55:09.130Z,1,8,false
2019-07-14T03:55:17.408Z,1,9,false
2019-07-14T03:55:56.986Z,1,1,false
2019-07-14T03:56:07.500Z,1,2,false
2019-07-14T03:56:16.980Z,1,3,false
2019-07-14T03:56:27.811Z,1,4,false
2019-07-14T03:56:38.792Z,1,5,false
2019-07-14T03:56:49.428Z,1,6,false
2019-07-14T03:56:59.587Z,1,7,false
2019-07-14T03:57:09.691Z,1,8,false
2019-07-14T03:57:19.598Z,1,9,false
2019-07-14T03:57:59.827Z,1,1,false
2019-07-14T03:58:10.684Z,1,2,false
2019-07-14T03:58:21.195Z,1,3,false
2019-07-14T03:58:32.104Z,1,4,false
2019-07-14T03:58:42.891Z,1,5,false
2019-07-14T03:58:53.304Z,1,6,false
2019-07-14T03:59:01.684Z,1,7,false
2019-07-14T03:59:10.381Z,1,8,false
2019-07-14T03:59:18.698Z,1,9,false
2019-07-14T03:59:58.544Z,1,1,false
2019-07-14T04:00:08.863Z,1,2,false
2019-07-14T04:00:17.223Z,1,3,false
2019-07-14T04:00:27.294Z,1,4,false
2019-07-14T04:00:36.981Z,1,5,false
2019-07-14T04:00:47.549Z,1,6,false
2019-07-14T04:00:56.630Z,1,7,false
2019-07-14T04:01:05.061Z,1,8,false
2019-07-14T04:01:13.319Z,1,9,false
2019-07-14T04:01:53.158Z,1,1,false
2019-07-14T04:02:02.588Z,1,2,false
2019-07-14T04:02:12.602Z,1,3,false
2019-07-14T04:02:21.337Z,1,4,false
2019-07-14T04:02:32.107Z,1,5,false
2019-07-14T04:02:42.157Z,1,6,false
2019-07-14T04:02:52.861Z,1,7,false
2019-07-14T04:03:00.806Z,1,8,false
2019-07-14T04:03:09.126Z,1,9,false
2019-07-14T04:03:49.040Z,1,1,false
2019-07-14T04:03:59.594Z,1,2,false
2019-07-14T04:04:09.995Z,1,3,false
2019-07-14T04:04:20.951Z,1,4,false
2019-07-14T04:04:31.506Z,1,5,false
2019-07-14T04:04:41.761Z,1,6,false
2019-07-14T04:04:52.403Z,1,7,false
2019-07-14T04:05:00.427Z,1,8,false
2019-07-14T04:05:08.681Z,1,9,false
2019-07-14T04:05:46.917Z,1,1,false
2019-07-14T04:05:57.085Z,1,2,false
2019-07-14T04:06:07.210Z,1,3,false
2019-07-14T04:06:18.124Z,1,4,false
2019-07-14T04:06:28.674Z,1,5,false
2019-07-14T04:06:39.444Z,1,6,false
2019-07-14T04:06:49.707Z,1,7,false
2019-07-14T04:06:59.313Z,1,8,false
2019-07-14T04:07:07.630Z,1,9,false
2019-07-14T04:07:45.836Z,1,1,false
2019-07-14T04:07:55.510Z,1,2,false
2019-07-14T04:08:05.896Z,1,3,false
2019-07-14T04:08:16.361Z,1,4,false
2019-07-14T04:08:27.002Z,1,5,false
2019-07-14T04:08:37.938Z,1,6,false
2019-07-14T04:08:48.900Z,1,7,false
2019-07-14T04:08:56.854Z,1,8,false
2019-07-14T04:09:05.147Z,1,9,false
2019-07-14T04:09:43.395Z,1,1,false
2019-07-14T04:09:53.987Z,1,2,false
2019-07-14T04:10:04.352Z,1,3,false
2019-07-14T04:10:15.446Z,1,4,false
2019-07-14T04:10:26.468Z,1,5,false
2019-07-14T04:10:37.279Z,1,6,false
2019-07-14T04:10:46.711Z,1,7,false
2019-07-14T04:10:56.201Z,1,8,false
2019-07-14T04:11:06.164Z,1,9,false
2019-07-14T04:11:46.075Z,1,1,false
2019-07-14T04:11:56.950Z,1,2,false
2019-07-14T04:12:07.397Z,1,3,false
2019-07-14T04:12:18.496Z,1,4,false
2019-07-14T04:12:29.936Z,1,5,false
2019-07-14T04:12:40.978Z,1,6,false
2019-07-14T04:12:52.186Z,1,7,false
2019-07-14T04:13:00.187Z,1,8,false
2019-07-14T04:13:08.427Z,1,9,false
2019-07-14T04:13:46.592Z,1,1,false
2019-07-14T04:13:57.146Z,1,2,false
2019-07-14T04:14:06.157Z,1,3,false
2019-07-14T04:14:17.391Z,1,4,false
2019-07-14T04:14:28.318Z,1,5,false
2019-07-14T04:14:39.032Z,1,6,false
2019-07-14T04:14:49.963Z,1,7,false
2019-07-14T04:14:57.952Z,1,8,false
2019-07-14T04:15:07.889Z,1,9,false
2019-07-14T04:15:46.115Z,1,1,false
2019-07-14T04:15:56.806Z,1,2,false
2019-07-14T04:16:06.304Z,1,3,false
2019-07-14T04:16:16.101Z,1,4,false
2019-07-14T04:16:24.817Z,1,5,false
2019-07-14T04:16:35.521Z,1,6,false
2019-07-14T04:16:45.782Z,1,7,false
2019-07-14T04:16:55.368Z,1,8,false
2019-07-14T04:17:03.653Z,1,9,false
2019-07-14T04:17:43.582Z,1,1,false
2019-07-14T04:17:53.297Z,1,2,false
2019-07-14T04:18:02.825Z,1,3,false
2019-07-14T04:18:12.999Z,1,4,false
2019-07-14T04:18:22.750Z,1,5,false
2019-07-14T04:18:32.674Z,1,6,false
2019-07-14T04:18:42.707Z,1,7,false
2019-07-14T04:18:51.171Z,1,8,false
2019-07-14T04:18:59.472Z,1,9,false
2019-07-14T04:19:38.694Z,1,1,false
2019-07-14T04:19:48.992Z,1,2,false
2019-07-14T04:19:58.882Z,1,3,false
2019-07-14T04:20:09.146Z,1,4,false
2019-07-14T04:20:19.445Z,1,5,false
2019-07-14T04:20:28.564Z,1,6,false
2019-07-14T04:20:39.007Z,1,7,false
2019-07-14T04:20:49.529Z,1,8,false
2019-07-14T04:20:59.479Z,1,9,false
2019-07-14T04:21:37.688Z,1,1,false
2019-07-14T04:21:48.299Z,1,2,false
2019-07-14T04:21:58.405Z,1,3,false
2019-07-14T04:22:09.346Z,1,4,false
2019-07-14T04:22:20.103Z,1,5,false
2019-07-14T04:22:30.705Z,1,6,false
2019-07-14T04:22:41.062Z,1,7,false
2019-07-14T04:22:51.747Z,1,8,false
2019-07-14T04:23:00.048Z,1,9,false
2019-07-14T04:23:38.260Z,1,1,false
2019-07-14T04:23:49.147Z,1,2,false
2019-07-14T04:23:58.883Z,1,3,false
2019-07-14T04:24:08.310Z,1,4,false
2019-07-14T04:24:18.810Z,1,5,false
2019-07-14T04:24:29.286Z,1,6,false
2019-07-14T04:24:40.10Z,1,7,false
2019-07-14T04:24:50.546Z,1,8,false
2019-07-14T04:24:59.920Z,1,9,false
2019-07-14T04:25:38.160Z,1,1,false
2019-07-14T04:25:48.707Z,1,2,false
2019-07-14T04:25:58.651Z,1,3,false
2019-07-14T04:26:08.379Z,1,4,false
2019-07-14T04:26:17.965Z,1,5,false
2019-07-14T04:26:27.925Z,1,6,false
2019-07-14T04:26:37.906Z,1,7,false
2019-07-14T04:26:48.145Z,1,8,false
2019-07-14T04:26:56.555Z,1,9,false
2019-07-14T04:27:35.393Z,1,1,false
2019-07-14T04:27:43.953Z,1,2,false
2019-07-14T04:27:53.484Z,1,3,false
2019-07-14T04:28:03.717Z,1,4,false
2019-07-14T04:28:14.238Z,1,5,false
2019-07-14T04:28:24.526Z,1,6,false
2019-07-14T04:28:35.136Z,1,7,false
2019-07-14T04:28:45.816Z,1,8,false
2019-07-14T04:28:56.791Z,1,9,false
2019-07-14T04:29:35.940Z,1,1,false
2019-07-14T04:29:45.588Z,1,2,false
2019-07-14T04:29:54.535Z,1,3,false
2019-07-14T04:30:05.252Z,1,4,false
2019-07-14T04:30:16.418Z,1,5,false
2019-07-14T04:30:26.980Z,1,6,false
2019-07-14T04:30:37.629Z,1,7,false
2019-07-14T04:30:48.252Z,1,8,false
2019-07-14T04:30:58.168Z,1,9,false
2019-07-14T04:31:37.707Z,1,1,false
2019-07-14T04:31:48.204Z,1,2,false
2019-07-14T04:31:57.598Z,1,3,false
2019-07-14T04:32:07.806Z,1,4,false
2019-07-14T04:32:18.546Z,1,5,false
2019-07-14T04:32:28.747Z,1,6,false
2019-07-14T04:32:39.405Z,1,7,false
2019-07-14T04:32:49.632Z,1,8,false
2019-07-14T04:32:59.639Z,1,9,false
2019-07-14T04:33:39.339Z,1,1,false
2019-07-14T04:33:49.824Z,1,2,false
2019-07-14T04:33:58.723Z,1,3,false
2019-07-14T04:34:08.325Z,1,4,false
2019-07-14T04:34:19.111Z,1,5,false
2019-07-14T04:34:29.116Z,1,6,false
2019-07-14T04:34:39.296Z,1,7,false
2019-07-14T04:34:48.906Z,1,8,false
2019-07-14T04:34:59.083Z,1,9,false
2019-07-14T04:35:39.325Z,1,1,false
2019-07-14T04:35:49.419Z,1,2,false
2019-07-14T04:35:59.811Z,1,3,false
2019-07-14T04:36:10.162Z,1,4,false
2019-07-14T04:36:20.749Z,1,5,false
2019-07-14T04:36:31.451Z,1,6,false
2019-07-14T04:36:41.784Z,1,7,false
2019-07-14T04:36:51.776Z,1,8,false
2019-07-14T04:37:00.123Z,1,9,false
2019-07-14T04:37:40.210Z,1,1,false
2019-07-14T04:37:50.995Z,1,2,false
2019-07-14T04:38:01.312Z,1,3,false
2019-07-14T04:38:12.349Z,1,4,false
2019-07-14T04:38:23.090Z,1,5,false
2019-07-14T04:38:32.756Z,1,6,false
2019-07-14T04:38:43.317Z,1,7,false
2019-07-14T04:38:53.085Z,1,8,false
2019-07-14T04:39:03.006Z,1,9,false
2019-07-14T04:39:41.290Z,1,1,false
2019-07-14T04:39:51.702Z,1,2,false
2019-07-14T04:40:01.162Z,1,3,false
2019-07-14T04:40:11.281Z,1,4,false
2019-07-14T04:40:21.713Z,1,5,false
2019-07-14T04:40:32.458Z,1,6,false
2019-07-14T04:40:42.395Z,1,7,false
2019-07-14T04:40:51.699Z,1,8,false
2019-07-14T04:41:00.340Z,1,9,false
2019-07-14T04:41:38.544Z,1,1,false
2019-07-14T04:41:47.564Z,1,2,false
2019-07-14T04:41:55.954Z,1,3,false
2019-07-14T04:42:06.491Z,1,4,false
2019-07-14T04:42:16.950Z,1,5,false
2019-07-14T04:42:27.532Z,1,6,false
2019-07-14T04:42:37.335Z,1,7,false
2019-07-14T04:42:47.563Z,1,8,false
2019-07-14T04:42:58.254Z,1,9,false
2019-07-14T04:43:38.142Z,1,1,false
2019-07-14T04:43:47.198Z,1,2,false
2019-07-14T04:43:56.241Z,1,3,false
2019-07-14T04:44:06.920Z,1,4,false
2019-07-14T04:44:17.120Z,1,5,false
2019-07-14T04:44:27.082Z,1,6,false
2019-07-14T04:44:35.772Z,1,7,false
2019-07-14T04:44:46.310Z,1,8,false
2019-07-14T04:44:56.614Z,1,9,false
2019-07-14T04:45:35.450Z,1,1,false
2019-07-14T04:45:45.138Z,1,2,false
2019-07-14T04:45:54.592Z,1,3,false
2019-07-14T04:46:04.879Z,1,4,false
2019-07-14T04:46:15.260Z,1,5,false
2019-07-14T04:46:25.477Z,1,6,false
2019-07-14T04:46:35.522Z,1,7,false
2019-07-14T04:46:45.165Z,1,8,false
2019-07-14T04:46:55.083Z,1,9,false
2019-07-14T04:47:33.358Z,1,1,false
2019-07-14T04:47:43.182Z,1,2,false
2019-07-14T04:47:51.549Z,1,3,false
2019-07-14T04:48:02.158Z,1,4,false
2019-07-14T04:48:12.625Z,1,5,false
2019-07-14T04:48:22.912Z,1,6,false
2019-07-14T04:48:33.080Z,1,7,false
2019-07-14T04:48:43.016Z,1,8,false
2019-07-14T04:48:53.683Z,1,9,false
2019-07-14T04:49:31.903Z,1,1,false
2019-07-14T04:49:42.621Z,1,2,false
2019-07-14T04:49:52.914Z,1,3,false
2019-07-14T04:50:04.144Z,1,4,false
2019-07-14T04:50:15.599Z,1,5,false
2019-07-14T04:50:26.586Z,1,6,false
2019-07-14T04:50:37.639Z,1,7,false
2019-07-14T04:50:48.359Z,1,8,false
2019-07-14T04:50:59.169Z,1,9,false
2019-07-14T04:51:38.247Z,1,1,false
2019-07-14T04:51:49.008Z,1,2,false
2019-07-14T04:51:58.590Z,1,3,false
2019-07-14T04:52:09.753Z,1,4,false
2019-07-14T04:52:20.796Z,1,5,false
2019-07-14T04:52:31.626Z,1,6,false
2019-07-14T04:52:41.126Z,1,7,false
2019-07-14T04:52:51.461Z,1,8,false
2019-07-14T04:53:01.744Z,1,9,false
2019-07-14T04:53:40.097Z,1,1,false
2019-07-14T04:53:50.716Z,1,2,false
2019-07-14T04:54:00.631Z,1,3,false
2019-07-14T04:54:11.395Z,1,4,false
2019-07-14T04:54:22.718Z,1,5,false
2019-07-14T04:54:33.490Z,1,6,false
2019-07-14T04:54:43.098Z,1,7,false
2019-07-14T04:54:52.323Z,1,8,false
2019-07-14T04:55:02.525Z,1,9,false
2019-07-14T04:55:41.187Z,1,1,false
2019-07-14T04:55:51.850Z,1,2,false
2019-07-14T04:56:01.338Z,1,3,false
2019-07-14T04:56:11.706Z,1,4,false
2019-07-14T04:56:22.573Z,1,5,false
2019-07-14T04:56:31.992Z,1,6,false
2019-07-14T04:56:40.608Z,1,7,false
2019-07-14T04:56:50.965Z,1,8,false
2019-07-14T04:57:00.634Z,1,9,false
2019-07-14T04:57:39.860Z,1,1,false
2019-07-14T04:57:49.867Z,1,2,false
2019-07-14T04:57:59.794Z,1,3,false
2019-07-14T04:58:10.407Z,1,4,false
2019-07-14T04:58:20.837Z,1,5,false
2019-07-14T04:58:30.958Z,1,6,false
2019-07-14T04:58:39.948Z,1,7,false
2019-07-14T04:58:50.208Z,1,8,false
2019-07-14T04:59:01.000Z,1,9,false
2019-07-14T04:59:41.269Z,1,1,false
2019-07-14T04:59:51.231Z,1,2,false
2019-07-14T05:00:00.849Z,1,3,false
2019-07-14T05:00:11.251Z,1,4,false
2019-07-14T05:00:22.174Z,1,5,false
2019-07-14T05:00:33.030Z,1,6,false
2019-07-14T05:00:43.351Z,1,7,false
2019-07-14T05:00:53.272Z,1,8,false
2019-07-14T05:01:03.355Z,1,9,false
2019-07-14T05:01:44.100Z,1,1,false
2019-07-14T05:01:54.345Z,1,2,false
2019-07-14T05:02:04.726Z,1,3,false
2019-07-14T05:02:15.239Z,1,4,false
2019-07-14T05:02:26.601Z,1,5,false
2019-07-14T05:02:37.238Z,1,6,false
2019-07-14T05:02:46.839Z,1,7,false
2019-07-14T05:02:56.376Z,1,8,false
2019-07-14T05:03:06.175Z,1,9,false
2019-07-14T05:03:46.105Z,1,1,false
2019-07-14T05:03:55.894Z,1,2,false
2019-07-14T05:04:05.382Z,1,3,false
2019-07-14T05:04:15.772Z,1,4,false
2019-07-14T05:04:26.120Z,1,5,false
2019-07-14T05:04:36.271Z,1,6,false
2019-07-14T05:04:45.589Z,1,7,false
2019-07-14T05:04:55.909Z,1,8,false
2019-07-14T05:05:06.706Z,1,9,false
2019-07-14T05:05:46.592Z,1,1,false
2019-07-14T05:05:56.954Z,1,2,false
2019-07-14T05:06:07.027Z,1,3,false
2019-07-14T05:06:16.636Z,1,4,false
2019-07-14T05:06:26.933Z,1,5,false
2019-07-14T05:06:37.003Z,1,6,false
2019-07-14T05:06:47.471Z,1,7,false
2019-07-14T05:06:56.871Z,1,8,false
2019-07-14T05:07:07.021Z,1,9,false
2019-07-14T05:07:47.236Z,1,1,false
2019-07-14T05:07:56.318Z,1,2,false
2019-07-14T05:08:06.161Z,1,3,false
2019-07-14T05:08:16.860Z,1,4,false
2019-07-14T05:08:27.539Z,1,5,false
2019-07-14T05:08:37.789Z,1,6,false
2019-07-14T05:08:48.593Z,1,7,false
2019-07-14T05:08:58.521Z,1,8,false
2019-07-14T05:09:08.075Z,1,9,false
2019-07-14T05:09:47.381Z,1,1,false
2019-07-14T05:09:56.160Z,1,2,false
2019-07-14T05:10:05.654Z,1,3,false
2019-07-14T05:10:16.017Z,1,4,false
2019-07-14T05:10:26.546Z,1,5,false
2019-07-14T05:10:36.516Z,1,6,false
2019-07-14T05:10:46.698Z,1,7,false
2019-07-14T05:10:56.553Z,1,8,false
2019-07-14T05:11:06.904Z,1,9,false
2019-07-14T05:11:47.343Z,1,1,false
2019-07-14T05:11:58.040Z,1,2,false
2019-07-14T05:12:07.755Z,1,3,false
2019-07-14T05:12:18.959Z,1,4,false
2019-07-14T05:12:30.116Z,1,5,false
2019-07-14T05:12:40.935Z,1,6,false
2019-07-14T05:12:51.985Z,1,7,false
2019-07-14T05:13:02.204Z,1,8,false
2019-07-14T05:13:13.122Z,1,9,false
2019-07-14T05:13:53.234Z,1,1,false
2019-07-14T05:14:03.520Z,1,2,false
2019-07-14T05:14:14.015Z,1,3,false
2019-07-14T05:14:24.274Z,1,4,false
2019-07-14T05:14:34.860Z,1,5,false
2019-07-14T05:14:44.708Z,1,6,false
2019-07-14T05:14:54.815Z,1,7,false
2019-07-14T05:15:04.444Z,1,8,false
2019-07-14T05:15:15.344Z,1,9,false
2019-07-14T05:15:55.804Z,1,1,false
2019-07-14T05:16:05.584Z,1,2,false
2019-07-14T05:16:15.821Z,1,3,false
2019-07-14T05:16:26.970Z,1,4,false
2019-07-14T05:16:38.341Z,1,5,false
2019-07-14T05:16:49.373Z,1,6,false
2019-07-14T05:17:00.464Z,1,7,false
2019-07-14T05:17:10.962Z,1,8,false
2019-07-14T05:17:21.918Z,1,9,false
2019-07-14T05:18:02.901Z,1,1,false
2019-07-14T05:18:13.581Z,1,2,false
2019-07-14T05:18:22.992Z,1,3,false
2019-07-14T05:18:33.338Z,1,4,false
2019-07-14T05:18:44.720Z,1,5,false
2019-07-14T05:18:54.621Z,1,6,false
2019-07-14T05:19:05.467Z,1,7,false
2019-07-14T05:19:15.157Z,1,8,false
2019-07-14T05:19:25.222Z,1,9,false
2019-07-14T05:20:05.578Z,1,1,false
2019-07-14T05:20:15.322Z,1,2,false
2019-07-14T05:20:25.520Z,1,3,false
2019-07-14T05:20:35.437Z,1,4,false
2019-07-14T05:20:45.506Z,1,5,false
2019-07-14T05:20:55.602Z,1,6,false
2019-07-14T05:21:05.853Z,1,7,false
2019-07-14T05:21:15.751Z,1,8,false
2019-07-14T05:21:26.047Z,1,9,false
2019-07-14T05:22:05.811Z,1,1,false
2019-07-14T05:22:15.768Z,1,2,false
2019-07-14T05:22:25.364Z,1,3,false
2019-07-14T05:22:34.536Z,1,4,false
2019-07-14T05:22:44.861Z,1,5,false
2019-07-14T05:22:55.375Z,1,6,false
2019-07-14T05:23:04.966Z,1,7,false
2019-07-14T05:23:14.186Z,1,8,false
2019-07-14T05:23:24.984Z,1,9,false
2019-07-14T05:24:03.291Z,1,1,false
2019-07-14T05:24:13.179Z,1,2,false
2019-07-14T05:24:23.349Z,1,3,false
2019-07-14T05:24:32.799Z,1,4,false
2019-07-14T05:24:43.271Z,1,5,false
2019-07-14T05:24:53.819Z,1,6,false
2019-07-14T05:25:02.673Z,1,7,false
2019-07-14T05:25:12.567Z,1,8,false
2019-07-14T05:25:22.537Z,1,9,false
2019-07-14T05:26:02.021Z,1,1,false
2019-07-14T05:26:12.255Z,1,2,false
2019-07-14T05:26:21.850Z,1,3,false
2019-07-14T05:26:33.064Z,1,4,false
2019-07-14T05:26:43.424Z,1,5,false
2019-07-14T05:26:53.540Z,1,6,false
2019-07-14T05:27:04.799Z,1,7,false
2019-07-14T05:27:15.469Z,1,8,false
2019-07-14T05:27:26.276Z,1,9,false
2019-07-14T05:28:06.720Z,1,1,false
2019-07-14T05:28:16.425Z,1,2,false
2019-07-14T05:28:26.262Z,1,3,false
2019-07-14T05:28:36.513Z,1,4,false
2019-07-14T05:28:47.912Z,1,5,false
2019-07-14T05:28:58.239Z,1,6,false
2019-07-14T05:29:08.265Z,1,7,false
2019-07-14T05:29:28.151Z,1,8,false
2019-07-14T05:29:38.718Z,1,9,false
2019-07-14T05:30:19.124Z,1,1,false
2019-07-14T05:30:29.746Z,1,2,false
2019-07-14T05:30:39.962Z,1,3,false
2019-07-14T05:30:51.146Z,1,4,false
2019-07-14T05:31:02.095Z,1,5,false
2019-07-14T05:31:12.885Z,1,6,false
2019-07-14T05:31:23.635Z,1,7,false
2019-07-14T05:31:34.324Z,1,8,false
2019-07-14T05:31:45.296Z,1,9,false
2019-07-14T05:32:25.243Z,1,1,false
2019-07-14T05:32:35.816Z,1,2,false
2019-07-14T05:32:45.826Z,1,3,false
2019-07-14T05:32:56.693Z,1,4,false
2019-07-14T05:33:06.949Z,1,5,false
2019-07-14T05:33:17.792Z,1,6,false
2019-07-14T05:33:28.523Z,1,7,false
2019-07-14T05:33:38.818Z,1,8,false
2019-07-14T05:33:49.242Z,1,9,false
2019-07-14T05:34:27.521Z,1,1,false
2019-07-14T05:34:37.905Z,1,2,false
2019-07-14T05:34:48.232Z,1,3,false
2019-07-14T05:34:58.932Z,1,4,false
2019-07-14T05:35:09.415Z,1,5,false
2019-07-14T05:35:19.166Z,1,6,false
2019-07-14T05:35:29.771Z,1,7,false
2019-07-14T05:35:39.440Z,1,8,false
2019-07-14T05:35:50.337Z,1,9,false
2019-07-14T05:36:30.274Z,1,1,false
2019-07-14T05:36:40.414Z,1,2,false
2019-07-14T05:36:50.425Z,1,3,false
2019-07-14T05:37:00.759Z,1,4,false
2019-07-14T05:37:11.284Z,1,5,false
2019-07-14T05:37:21.545Z,1,6,false
2019-07-14T05:37:32.430Z,1,7,false
2019-07-14T05:37:42.455Z,1,8,false
2019-07-14T05:37:53.100Z,1,9,false
2019-07-14T05:38:33.545Z,1,1,false
2019-07-14T05:38:43.246Z,1,2,false
2019-07-14T05:38:53.140Z,1,3,false
2019-07-14T05:39:04.355Z,1,4,false
2019-07-14T05:39:15.712Z,1,5,false
2019-07-14T05:39:26.075Z,1,6,false
2019-07-14T05:39:36.240Z,1,7,false
2019-07-14T05:39:46.441Z,1,8,false
2019-07-14T05:39:56.770Z,1,9,false
2019-07-14T05:40:37.278Z,1,1,false
2019-07-14T05:40:47.578Z,1,2,false
2019-07-14T05:40:57.021Z,1,3,false
2019-07-14T05:41:06.310Z,1,4,false
2019-07-14T05:41:16.988Z,1,5,false
2019-07-14T05:41:26.359Z,1,6,false
2019-07-14T05:41:36.401Z,1,7,false
2019-07-14T05:41:46.900Z,1,8,false
2019-07-14T05:41:57.337Z,1,9,false
2019-07-14T05:42:37.463Z,1,1,false
2019-07-14T05:42:48.049Z,1,2,false
2019-07-14T05:42:58.450Z,1,3,false
2019-07-14T05:43:09.576Z,1,4,false
2019-07-14T05:43:20.850Z,1,5,false
2019-07-14T05:43:31.530Z,1,6,false
2019-07-14T05:43:42.271Z,1,7,false
2019-07-14T05:43:52.498Z,1,8,false
2019-07-14T05:44:03.362Z,1,9,false
2019-07-14T05:44:42.032Z,1,1,false
2019-07-14T05:44:52.707Z,1,2,false
2019-07-14T05:45:03.004Z,1,3,false
2019-07-14T05:45:13.036Z,1,4,false
2019-07-14T05:45:24.008Z,1,5,false
2019-07-14T05:45:34.386Z,1,6,false
2019-07-14T05:45:46.207Z,1,7,false
2019-07-14T05:45:56.829Z,1,8,false
2019-07-14T05:46:06.916Z,1,9,false
2019-07-14T05:46:46.832Z,1,1,false
2019-07-14T05:46:57.521Z,1,2,false
2019-07-14T05:47:07.921Z,1,3,false
2019-07-14T05:47:18.957Z,1,4,false
2019-07-14T05:47:29.789Z,1,5,false
2019-07-14T05:47:40.659Z,1,6,false
2019-07-14T05:47:51.657Z,1,7,false
2019-07-14T05:48:02.272Z,1,8,false
2019-07-14T05:48:13.304Z,1,9,false
2019-07-14T05:48:51.553Z,1,1,false
2019-07-14T05:49:01.643Z,1,2,false
2019-07-14T05:49:10.810Z,1,3,false
2019-07-14T05:49:21.329Z,1,4,false
2019-07-14T05:49:30.061Z,1,5,false
2019-07-14T05:49:40.757Z,1,6,false
2019-07-14T05:49:51.567Z,1,7,false
2019-07-14T05:50:01.547Z,1,8,false
2019-07-14T05:50:10.897Z,1,9,false
2019-07-14T05:50:51.105Z,1,1,false
2019-07-14T05:51:01.835Z,1,2,false
2019-07-14T05:51:12.046Z,1,3,false
2019-07-14T05:51:23.177Z,1,4,false
2019-07-14T05:51:33.585Z,1,5,false
2019-07-14T05:51:44.133Z,1,6,false
2019-07-14T05:51:52.915Z,1,7,false
2019-07-14T05:52:01.602Z,1,8,false
2019-07-14T05:52:11.700Z,1,9,false
2019-07-14T05:52:50.970Z,1,1,false
2019-07-14T05:52:59.612Z,1,2,false
2019-07-14T05:53:08.916Z,1,3,false
2019-07-14T05:53:20.080Z,1,4,false
2019-07-14T05:53:30.380Z,1,5,false
2019-07-14T05:53:40.340Z,1,6,false
2019-07-14T05:53:50.599Z,1,7,false
2019-07-14T05:54:00.825Z,1,8,false
2019-07-14T05:54:11.785Z,1,9,false
2019-07-14T05:54:52.214Z,1,1,false
2019-07-14T05:55:01.926Z,1,2,false
2019-07-14T05:55:12.095Z,1,3,false
2019-07-14T05:55:22.286Z,1,4,false
2019-07-14T05:55:32.969Z,1,5,false
2019-07-14T05:55:43.926Z,1,6,false
2019-07-14T05:55:54.897Z,1,7,false
2019-07-14T05:56:05.413Z,1,8,false
2019-07-14T05:56:15.872Z,1,9,false
2019-07-14T05:56:56.405Z,1,1,false
2019-07-14T05:57:06.498Z,1,2,false
2019-07-14T05:57:16.272Z,1,3,false
2019-07-14T05:57:26.759Z,1,4,false
2019-07-14T05:57:37.134Z,1,5,false
2019-07-14T05:57:47.625Z,1,6,false
2019-07-14T05:57:57.754Z,1,7,false
2019-07-14T05:58:08.201Z,1,8,false
2019-07-14T05:58:18.527Z,1,9,false
2019-07-14T05:58:58.528Z,1,1,false
2019-07-14T05:59:08.618Z,1,2,false
2019-07-14T05:59:17.778Z,1,3,false
2019-07-14T05:59:28.107Z,1,4,false
2019-07-14T05:59:38.811Z,1,5,false
2019-07-14T05:59:49.166Z,1,6,false
2019-07-14T05:59:59.891Z,1,7,false
2019-07-14T06:00:09.538Z,1,8,false
2019-07-14T06:00:19.299Z,1,9,false
2019-07-14T06:00:58.604Z,1,1,false
2019-07-14T06:01:08.600Z,1,2,false
2019-07-14T06:01:18.433Z,1,3,false
2019-07-14T06:01:27.593Z,1,4,false
2019-07-14T06:01:37.421Z,1,5,false
2019-07-14T06:01:46.731Z,1,6,false
2019-07-14T06:01:55.863Z,1,7,false
2019-07-14T06:02:06.197Z,1,8,false
2019-07-14T06:02:16.493Z,1,9,false
2019-07-14T06:02:55.032Z,1,1,false
2019-07-14T06:03:05.414Z,1,2,false
2019-07-14T06:03:15.668Z,1,3,false
2019-07-14T06:03:24.930Z,1,4,false
2019-07-14T06:03:35.415Z,1,5,false
2019-07-14T06:03:45.326Z,1,6,false
2019-07-14T06:03:54.395Z,1,7,false
2019-07-14T06:04:04.913Z,1,8,false
2019-07-14T06:04:15.247Z,1,9,false
2019-07-14T06:04:55.497Z,1,1,false
2019-07-14T06:05:06.107Z,1,2,false
2019-07-14T06:05:15.289Z,1,3,false
2019-07-14T06:05:25.973Z,1,4,false
2019-07-14T06:05:37.272Z,1,5,false
2019-07-14T06:05:48.201Z,1,6,false
2019-07-14T06:05:58.894Z,1,7,false
2019-07-14T06:06:08.916Z,1,8,false
2019-07-14T06:06:18.071Z,1,9,false
2019-07-14T06:06:58.115Z,1,1,false
2019-07-14T06:07:08.174Z,1,2,false
2019-07-14T06:07:17.037Z,1,3,false
2019-07-14T06:07:27.831Z,1,4,false
2019-07-14T06:07:39.092Z,1,5,false
2019-07-14T06:07:48.859Z,1,6,false
2019-07-14T06:07:59.520Z,1,7,false
2019-07-14T06:08:09.695Z,1,8,false
2019-07-14T06:08:19.795Z,1,9,false
2019-07-14T06:08:59.912Z,1,1,false
2019-07-14T06:09:08.253Z,1,2,false
2019-07-14T06:09:18.545Z,1,3,false
2019-07-14T06:09:29.514Z,1,4,false
2019-07-14T06:09:38.307Z,1,5,false
2019-07-14T06:09:47.337Z,1,6,false
2019-07-14T06:09:56.505Z,1,7,false
2019-07-14T06:10:06.183Z,1,8,false
2019-07-14T06:10:16.674Z,1,9,false
2019-07-14T06:10:57.018Z,1,1,false
2019-07-14T06:11:07.370Z,1,2,false
2019-07-14T06:11:17.738Z,1,3,false
2019-07-14T06:11:28.993Z,1,4,false
2019-07-14T06:11:39.821Z,1,5,false
2019-07-14T06:11:50.220Z,1,6,false
2019-07-14T06:12:00.908Z,1,7,false
2019-07-14T06:12:11.311Z,1,8,false
2019-07-14T06:12:21.887Z,1,9,false
2019-07-14T06:13:02.767Z,1,1,false
2019-07-14T06:13:13.113Z,1,2,false
2019-07-14T06:13:22.834Z,1,3,false
2019-07-14T06:13:33.628Z,1,4,false
2019-07-14T06:13:45.031Z,1,5,false
2019-07-14T06:13:55.967Z,1,6,false
2019-07-14T06:14:06.334Z,1,7,false
2019-07-14T06:14:16.969Z,1,8,false
2019-07-14T06:14:27.324Z,1,9,false
2019-07-14T06:15:08.275Z,1,1,false
2019-07-14T06:15:19.042Z,1,2,false
2019-07-14T06:15:28.224Z,1,3,false
2019-07-14T06:15:39.144Z,1,4,false
2019-07-14T06:15:49.881Z,1,5,false
2019-07-14T06:15:59.805Z,1,6,false
2019-07-14T06:16:09.910Z,1,7,false
2019-07-14T06:16:26.906Z,1,8,false
2019-07-14T06:16:44.051Z,1,9,false
2019-07-14T06:17:25.033Z,1,1,false
2019-07-14T06:17:35.723Z,1,2,false
2019-07-14T06:17:45.572Z,1,3,false
2019-07-14T06:17:55.306Z,1,4,false
2019-07-14T06:18:06.551Z,1,5,false
2019-07-14T06:18:17.120Z,1,6,false
2019-07-14T06:18:26.266Z,1,7,false
2019-07-14T06:18:35.312Z,1,8,false
2019-07-14T06:18:46.012Z,1,9,false
2019-07-14T06:19:24.895Z,1,1,false
2019-07-14T06:19:34.636Z,1,2,false
2019-07-14T06:19:44.525Z,1,3,false
2019-07-14T06:19:55.368Z,1,4,false
2019-07-14T06:20:06.266Z,1,5,false
2019-07-14T06:20:16.767Z,1,6,false
2019-07-14T06:20:26.325Z,1,7,false
2019-07-14T06:20:36.505Z,1,8,false
2019-07-14T06:20:47.270Z,1,9,false
2019-07-14T06:21:26.646Z,1,1,false
2019-07-14T06:21:36.370Z,1,2,false
2019-07-14T06:21:45.672Z,1,3,false
2019-07-14T06:21:56.337Z,1,4,false
2019-07-14T06:22:07.114Z,1,5,false
2019-07-14T06:22:17.471Z,1,6,false
2019-07-14T06:22:27.996Z,1,7,false
2019-07-14T06:22:38.667Z,1,8,false
2019-07-14T06:22:49.473Z,1,9,false
2019-07-14T06:23:29.412Z,1,1,false
2019-07-14T06:23:37.540Z,1,2,false
2019-07-14T06:23:48.116Z,1,3,false
2019-07-14T06:23:59.067Z,1,4,false
2019-07-14T06:24:10.533Z,1,5,false
2019-07-14T06:24:21.247Z,1,6,false
2019-07-14T06:24:32.271Z,1,7,false
2019-07-14T06:24:42.948Z,1,8,false
2019-07-14T06:24:54.066Z,1,9,false
2019-07-14T06:25:34.987Z,1,1,false
2019-07-14T06:25:43.126Z,1,2,false
2019-07-14T06:25:53.646Z,1,3,false
2019-07-14T06:26:04.628Z,1,4,false
2019-07-14T06:26:15.598Z,1,5,false
2019-07-14T06:26:25.941Z,1,6,false
2019-07-14T06:26:36.349Z,1,7,false
2019-07-14T06:26:46.271Z,1,8,false
2019-07-14T06:26:56.998Z,1,9,false
2019-07-14T06:27:36.265Z,1,1,false
2019-07-14T06:27:44.290Z,1,2,false
2019-07-14T06:27:52.362Z,1,3,false
2019-07-14T06:28:02.663Z,1,4,false
2019-07-14T06:28:13.139Z,1,5,false
2019-07-14T06:28:23.445Z,1,6,false
2019-07-14T06:28:34.334Z,1,7,false
2019-07-14T06:28:44.018Z,1,8,false
2019-07-14T06:28:54.050Z,1,9,false
2019-07-14T06:29:34.796Z,1,1,false
2019-07-14T06:29:42.845Z,1,2,false
2019-07-14T06:29:52.806Z,1,3,false
2019-07-14T06:30:03.315Z,1,4,false
2019-07-14T06:30:14.122Z,1,5,false
2019-07-14T06:30:24.428Z,1,6,false
2019-07-14T06:30:34.642Z,1,7,false
2019-07-14T06:30:44.934Z,1,8,false
2019-07-14T06:30:54.866Z,1,9,false
2019-07-14T06:31:34.704Z,1,1,false
2019-07-14T06:31:43.811Z,1,2,false
2019-07-14T06:31:53.013Z,1,3,false
2019-07-14T06:32:02.600Z,1,4,false
2019-07-14T06:32:11.877Z,1,5,false
2019-07-14T06:32:22.258Z,1,6,false
2019-07-14T06:32:32.401Z,1,7,false
2019-07-14T06:32:42.027Z,1,8,false
2019-07-14T06:32:52.820Z,1,9,false
2019-07-14T06:33:33.115Z,1,1,false
2019-07-14T06:33:41.149Z,1,2,false
2019-07-14T06:33:51.365Z,1,3,false
2019-07-14T06:34:02.341Z,1,4,false
2019-07-14T06:34:13.274Z,1,5,false
2019-07-14T06:34:23.637Z,1,6,false
2019-07-14T06:34:34.137Z,1,7,false
2019-07-14T06:34:43.965Z,1,8,false
2019-07-14T06:34:53.917Z,1,9,false
2019-07-14T06:35:33.270Z,1,1,false
2019-07-14T06:35:41.352Z,1,2,false
2019-07-14T06:35:50.469Z,1,3,false
2019-07-14T06:36:01.251Z,1,4,false
2019-07-14T06:36:12.675Z,1,5,false
2019-07-14T06:36:23.534Z,1,6,false
2019-07-14T06:36:34.509Z,1,7,false
2019-07-14T06:36:45.084Z,1,8,false
2019-07-14T06:36:55.263Z,1,9,false
2019-07-14T06:37:35.503Z,1,1,false
2019-07-14T06:37:44.733Z,1,2,false
2019-07-14T06:37:54.208Z,1,3,false
2019-07-14T06:38:04.606Z,1,4,false
2019-07-14T06:38:13.341Z,1,5,false
2019-07-14T06:38:23.161Z,1,6,false
2019-07-14T06:38:33.343Z,1,7,false
2019-07-14T06:38:42.964Z,1,8,false
2019-07-14T06:38:53.743Z,1,9,false
2019-07-14T06:39:34.028Z,1,1,false
2019-07-14T06:39:43.758Z,1,2,false
2019-07-14T06:39:51.594Z,1,3,false
2019-07-14T06:40:01.726Z,1,4,false
2019-07-14T06:40:11.435Z,1,5,false
2019-07-14T06:40:22.062Z,1,6,false
2019-07-14T06:40:32.222Z,1,7,false
2019-07-14T06:40:42.435Z,1,8,false
2019-07-14T06:40:53.280Z,1,9,false
2019-07-14T06:41:33.712Z,1,1,false
2019-07-14T06:41:42.412Z,1,2,false
2019-07-14T06:41:51.069Z,1,3,false
2019-07-14T06:41:59.585Z,1,4,false
2019-07-14T06:42:10.955Z,1,5,false
2019-07-14T06:42:21.852Z,1,6,false
2019-07-14T06:42:32.237Z,1,7,false
2019-07-14T06:42:42.909Z,1,8,false
2019-07-14T06:42:53.216Z,1,9,false
2019-07-14T06:43:34.087Z,1,1,false
2019-07-14T06:43:42.123Z,1,2,false
2019-07-14T06:43:51.605Z,1,3,false
2019-07-14T06:44:00.134Z,1,4,false
2019-07-14T06:44:11.669Z,1,5,false
2019-07-14T06:44:21.578Z,1,6,false
2019-07-14T06:44:32.249Z,1,7,false
2019-07-14T06:44:42.937Z,1,8,false
2019-07-14T06:44:53.905Z,1,9,false
2019-07-14T06:45:34.831Z,1,1,false
2019-07-14T06:45:42.905Z,1,2,false
2019-07-14T06:45:51.271Z,1,3,false
2019-07-14T06:45:59.741Z,1,4,false
2019-07-14T06:46:10.739Z,1,5,false
2019-07-14T06:46:21.028Z,1,6,false
2019-07-14T06:46:31.370Z,1,7,false
2019-07-14T06:46:41.281Z,1,8,false
2019-07-14T06:46:51.391Z,1,9,false
2019-07-14T06:47:31.821Z,1,1,false
2019-07-14T06:47:39.873Z,1,2,false
2019-07-14T06:47:49.532Z,1,3,false
2019-07-14T06:47:57.993Z,1,4,false
2019-07-14T06:48:07.198Z,1,5,false
2019-07-14T06:48:17.245Z,1,6,false
2019-07-14T06:48:27.528Z,1,7,false
2019-07-14T06:48:35.786Z,1,8,false
2019-07-14T06:48:45.653Z,1,9,false
2019-07-14T06:49:26.487Z,1,1,false
2019-07-14T06:49:35.574Z,1,2,false
2019-07-14T06:49:44.732Z,1,3,false
2019-07-14T06:49:55.046Z,1,4,false
2019-07-14T06:50:05.163Z,1,5,false
2019-07-14T06:50:15.032Z,1,6,false
2019-07-14T06:50:25.346Z,1,7,false
2019-07-14T06:50:35.043Z,1,8,false
2019-07-14T06:50:44.932Z,1,9,false
2019-07-14T06:51:25.610Z,1,1,false
2019-07-14T06:51:33.603Z,1,2,false
2019-07-14T06:51:42.777Z,1,3,false
2019-07-14T06:51:51.581Z,1,4,false
2019-07-14T06:52:00.265Z,1,5,false
2019-07-14T06:52:10.322Z,1,6,false
2019-07-14T06:52:20.757Z,1,7,false
2019-07-14T06:52:31.230Z,1,8,false
2019-07-14T06:52:41.702Z,1,9,false
2019-07-14T06:53:22.206Z,1,1,false
2019-07-14T06:53:31.908Z,1,2,false
2019-07-14T06:53:39.699Z,1,3,false
2019-07-14T06:53:49.994Z,1,4,false
2019-07-14T06:53:59.967Z,1,5,false
2019-07-14T06:54:10.479Z,1,6,false
2019-07-14T06:54:20.627Z,1,7,false
2019-07-14T06:54:30.026Z,1,8,false
2019-07-14T06:54:38.790Z,1,9,false
2019-07-14T06:55:19.427Z,1,1,false
2019-07-14T06:55:27.488Z,1,2,false
2019-07-14T06:55:36.385Z,1,3,false
2019-07-14T06:55:44.944Z,1,4,false
2019-07-14T06:55:55.573Z,1,5,false
2019-07-14T06:56:06.331Z,1,6,false
2019-07-14T06:56:16.686Z,1,7,false
2019-07-14T06:56:26.583Z,1,8,false
2019-07-14T06:56:36.949Z,1,9,false
2019-07-14T06:57:16.047Z,1,1,false
2019-07-14T06:57:24.081Z,1,2,false
2019-07-14T06:57:31.849Z,1,3,false
2019-07-14T06:57:40.338Z,1,4,false
2019-07-14T06:57:51.395Z,1,5,false
2019-07-14T06:58:00.115Z,1,6,false
2019-07-14T06:58:10.337Z,1,7,false
2019-07-14T06:58:19.991Z,1,8,false
2019-07-14T06:58:29.875Z,1,9,false
2019-07-14T06:59:10.004Z,1,1,false
2019-07-14T06:59:19.685Z,1,2,false
2019-07-14T06:59:27.505Z,1,3,false
2019-07-14T06:59:35.983Z,1,4,false
2019-07-14T06:59:44.640Z,1,5,false
2019-07-14T06:59:54.747Z,1,6,false
2019-07-14T07:00:05.300Z,1,7,false
2019-07-14T07:00:15.472Z,1,8,false
2019-07-14T07:00:25.961Z,1,9,false
2019-07-14T07:01:06.927Z,1,1,false
2019-07-14T07:01:15.356Z,1,2,false
2019-07-14T07:01:24.795Z,1,3,false
2019-07-14T07:01:33.279Z,1,4,false
2019-07-14T07:01:42.016Z,1,5,false
2019-07-14T07:01:52.866Z,1,6,false
2019-07-14T07:02:03.782Z,1,7,false
2019-07-14T07:02:14.472Z,1,8,false
2019-07-14T07:02:25.352Z,1,9,false
2019-07-14T07:03:06.300Z,1,1,false
2019-07-14T07:03:15.349Z,1,2,false
2019-07-14T07:03:23.115Z,1,3,false
2019-07-14T07:03:33.717Z,1,4,false
2019-07-14T07:03:42.387Z,1,5,false
2019-07-14T07:03:53.231Z,1,6,false
2019-07-14T07:04:04.176Z,1,7,false
2019-07-14T07:04:14.848Z,1,8,false
2019-07-14T07:04:25.924Z,1,9,false
2019-07-14T07:05:06.849Z,1,1,false
2019-07-14T07:05:17.236Z,1,2,false
2019-07-14T07:05:25.031Z,1,3,false
2019-07-14T07:05:34.982Z,1,4,false
2019-07-14T07:05:43.668Z,1,5,false
2019-07-14T07:05:54.684Z,1,6,false
2019-07-14T07:06:05.775Z,1,7,false
2019-07-14T07:06:16.452Z,1,8,false
2019-07-14T07:06:27.461Z,1,9,false
2019-07-14T07:07:07.732Z,1,1,false
2019-07-14T07:07:18.061Z,1,2,false
2019-07-14T07:07:27.656Z,1,3,false
2019-07-14T07:07:37.004Z,1,4,false
2019-07-14T07:07:46.948Z,1,5,false
2019-07-14T07:07:56.346Z,1,6,false
2019-07-14T07:08:07.408Z,1,7,false
2019-07-14T07:08:17.087Z,1,8,false
2019-07-14T07:08:26.446Z,1,9,false
2019-07-14T07:09:06.838Z,1,1,false
2019-07-14T07:09:17.441Z,1,2,false
2019-07-14T07:09:25.230Z,1,3,false
2019-07-14T07:09:33.711Z,1,4,false
2019-07-14T07:09:42.443Z,1,5,false
2019-07-14T07:09:51.865Z,1,6,false
2019-07-14T07:10:02.532Z,1,7,false
2019-07-14T07:10:13.148Z,1,8,false
2019-07-14T07:10:24.128Z,1,9,false
2019-07-14T07:11:05.020Z,1,1,false
2019-07-14T07:11:14.545Z,1,2,false
2019-07-14T07:11:23.271Z,1,3,false
2019-07-14T07:11:31.741Z,1,4,false
2019-07-14T07:11:40.448Z,1,5,false
2019-07-14T07:11:50.290Z,1,6,false
2019-07-14T07:12:01.309Z,1,7,false
2019-07-14T07:12:11.600Z,1,8,false
2019-07-14T07:12:21.961Z,1,9,false
2019-07-14T07:13:02.479Z,1,1,false
2019-07-14T07:13:11.690Z,1,2,false
2019-07-14T07:13:21.996Z,1,3,false
2019-07-14T07:13:30.465Z,1,4,false
2019-07-14T07:13:40.691Z,1,5,false
2019-07-14T07:13:50.400Z,1,6,false
2019-07-14T07:14:01.432Z,1,7,false
2019-07-14T07:14:11.718Z,1,8,false
2019-07-14T07:14:22.562Z,1,9,false
2019-07-14T07:15:02.881Z,1,1,false
2019-07-14T07:15:12.804Z,1,2,false
2019-07-14T07:15:22.301Z,1,3,false
2019-07-14T07:15:30.799Z,1,4,false
2019-07-14T07:15:40.344Z,1,5,false
2019-07-14T07:15:50.302Z,1,6,false
2019-07-14T07:16:01.348Z,1,7,false
2019-07-14T07:16:12.738Z,1,8,false
2019-07-14T07:16:23.665Z,1,9,false
2019-07-14T07:17:04.063Z,1,1,false
2019-07-14T07:17:14.715Z,1,2,false
2019-07-14T07:17:24.811Z,1,3,false
2019-07-14T07:17:33.701Z,1,4,false
2019-07-14T07:17:42.438Z,1,5,false
2019-07-14T07:17:52.912Z,1,6,false
2019-07-14T07:18:03.985Z,1,7,false
2019-07-14T07:18:13.845Z,1,8,false
2019-07-14T07:18:23.731Z,1,9,false
2019-07-14T07:19:04.281Z,1,1,false
2019-07-14T07:19:15.048Z,1,2,false
2019-07-14T07:19:25.073Z,1,3,false
2019-07-14T07:19:33.594Z,1,4,false
2019-07-14T07:19:43.995Z,1,5,false
2019-07-14T07:19:52.293Z,1,6,false
2019-07-14T07:20:03.358Z,1,7,false
2019-07-14T07:20:13.282Z,1,8,false
2019-07-14T07:20:24.263Z,1,9,false
2019-07-14T07:21:05.227Z,1,1,false
2019-07-14T07:21:15.161Z,1,2,false
2019-07-14T07:21:23.616Z,1,3,false
2019-07-14T07:21:32.140Z,1,4,false
2019-07-14T07:21:42.521Z,1,5,false
2019-07-14T07:21:51.356Z,1,6,false
2019-07-14T07:22:01.919Z,1,7,false
2019-07-14T07:22:12.501Z,1,8,false
2019-07-14T07:22:22.593Z,1,9,false
2019-07-14T07:23:03.453Z,1,1,false
2019-07-14T07:23:13.720Z,1,2,false
2019-07-14T07:23:21.882Z,1,3,false
2019-07-14T07:23:30.391Z,1,4,false
2019-07-14T07:23:39.494Z,1,5,false
2019-07-14T07:23:49.684Z,1,6,false
2019-07-14T07:24:00.274Z,1,7,false
2019-07-14T07:24:10.829Z,1,8,false
2019-07-14T07:24:21.168Z,1,9,false
2019-07-14T07:25:02.092Z,1,1,false
2019-07-14T07:25:10.757Z,1,2,false
2019-07-14T07:25:20.874Z,1,3,false
2019-07-14T07:25:31.027Z,1,4,false
2019-07-14T07:25:39.711Z,1,5,false
2019-07-14T07:25:50.040Z,1,6,false
2019-07-14T07:26:00.317Z,1,7,false
2019-07-14T07:26:10.429Z,1,8,false
2019-07-14T07:26:20.434Z,1,9,false
2019-07-14T07:27:00.348Z,1,1,false
2019-07-14T07:27:09.946Z,1,2,false
2019-07-14T07:27:19.398Z,1,3,false
2019-07-14T07:27:29.613Z,1,4,false
2019-07-14T07:27:38.896Z,1,5,false
2019-07-14T07:27:48.614Z,1,6,false
2019-07-14T07:27:59.556Z,1,7,false
2019-07-14T07:28:08.618Z,1,8,false
2019-07-14T07:28:18.630Z,1,9,false
2019-07-14T07:28:58.796Z,1,1,false
2019-07-14T07:29:08.901Z,1,2,false
2019-07-14T07:29:18.809Z,1,3,false
2019-07-14T07:29:27.328Z,1,4,false
2019-07-14T07:29:37.018Z,1,5,false
2019-07-14T07:29:45.286Z,1,6,false
2019-07-14T07:29:55.729Z,1,7,false
2019-07-14T07:30:06.225Z,1,8,false
2019-07-14T07:30:16.614Z,1,9,false
2019-07-14T07:30:56.984Z,1,1,false
2019-07-14T07:31:07.708Z,1,2,false
2019-07-14T07:31:17.231Z,1,3,false
2019-07-14T07:31:25.786Z,1,4,false
2019-07-14T07:31:34.556Z,1,5,false
2019-07-14T07:31:43.775Z,1,6,false
2019-07-14T07:31:54.473Z,1,7,false
2019-07-14T07:32:02.883Z,1,8,false
2019-07-14T07:32:13.027Z,1,9,false
2019-07-14T07:32:53.953Z,1,1,false
2019-07-14T07:33:03.786Z,1,2,false
2019-07-14T07:33:12.623Z,1,3,false
2019-07-14T07:33:21.100Z,1,4,false
2019-07-14T07:33:29.828Z,1,5,false
2019-07-14T07:33:38.113Z,1,6,false
2019-07-14T07:33:49.225Z,1,7,false
2019-07-14T07:33:59.990Z,1,8,false
2019-07-14T07:34:10.600Z,1,9,false
2019-07-14T07:34:50.971Z,1,1,false
2019-07-14T07:35:01.697Z,1,2,false
2019-07-14T07:35:11.011Z,1,3,false
2019-07-14T07:35:21.201Z,1,4,false
2019-07-14T07:35:29.920Z,1,5,false
2019-07-14T07:35:39.814Z,1,6,false
2019-07-14T07:35:50.831Z,1,7,false
2019-07-14T07:36:01.041Z,1,8,false
2019-07-14T07:36:11.590Z,1,9,false
2019-07-14T07:36:52.208Z,1,1,false
2019-07-14T07:37:02.110Z,1,2,false
2019-07-14T07:37:12.586Z,1,3,false
2019-07-14T07:37:21.213Z,1,4,false
2019-07-14T07:37:29.878Z,1,5,false
2019-07-14T07:37:38.109Z,1,6,false
2019-07-14T07:37:47.381Z,1,7,false
2019-07-14T07:37:57.958Z,1,8,false
2019-07-14T07:38:08.285Z,1,9,false
2019-07-14T07:38:48.677Z,1,1,false
2019-07-14T07:38:59.082Z,1,2,false
2019-07-14T07:39:08.223Z,1,3,false
2019-07-14T07:39:17.888Z,1,4,false
2019-07-14T07:39:28.278Z,1,5,false
2019-07-14T07:39:38.195Z,1,6,false
2019-07-14T07:39:47.376Z,1,7,false
2019-07-14T07:39:57.162Z,1,8,false
2019-07-14T07:40:07.470Z,1,9,false
2019-07-14T07:40:46.808Z,1,1,false
2019-07-14T07:40:57.008Z,1,2,false
2019-07-14T07:41:06.668Z,1,3,false
2019-07-14T07:41:15.153Z,1,4,false
2019-07-14T07:41:23.854Z,1,5,false
2019-07-14T07:41:32.122Z,1,6,false
2019-07-14T07:41:40.499Z,1,7,false
2019-07-14T07:41:51.266Z,1,8,false
2019-07-14T07:42:02.212Z,1,9,false
2019-07-14T07:42:43.249Z,1,1,false
2019-07-14T07:42:53.514Z,1,2,false
2019-07-14T07:43:03.480Z,1,3,false
2019-07-14T07:43:13.835Z,1,4,false
2019-07-14T07:43:22.517Z,1,5,false
2019-07-14T07:43:30.770Z,1,6,false
2019-07-14T07:43:39.161Z,1,7,false
2019-07-14T07:43:49.239Z,1,8,false
2019-07-14T07:43:59.936Z,1,9,false
2019-07-14T07:44:40.550Z,1,1,false
2019-07-14T07:44:51.284Z,1,2,false
2019-07-14T07:45:01.611Z,1,3,false
2019-07-14T07:45:12.117Z,1,4,false
2019-07-14T07:45:22.481Z,1,5,false
2019-07-14T07:45:30.692Z,1,6,false
2019-07-14T07:45:40.824Z,1,7,false
2019-07-14T07:45:51.550Z,1,8,false
2019-07-14T07:46:02.587Z,1,9,false
2019-07-14T07:46:42.527Z,1,1,false
2019-07-14T07:46:53.111Z,1,2,false
2019-07-14T07:47:03.191Z,1,3,false
2019-07-14T07:47:11.655Z,1,4,false
2019-07-14T07:47:22.009Z,1,5,false
2019-07-14T07:47:30.264Z,1,6,false
2019-07-14T07:47:40.298Z,1,7,false
2019-07-14T07:47:50.189Z,1,8,false
2019-07-14T07:47:59.038Z,1,9,false
2019-07-14T07:48:39.429Z,1,1,false
2019-07-14T07:48:50.027Z,1,2,false
2019-07-14T07:49:00.156Z,1,3,false
2019-07-14T07:49:08.656Z,1,4,false
2019-07-14T07:49:17.310Z,1,5,false
2019-07-14T07:49:27.235Z,1,6,false
2019-07-14T07:49:35.649Z,1,7,false
2019-07-14T07:49:46.212Z,1,8,false
2019-07-14T07:49:56.793Z,1,9,false
2019-07-14T07:50:37.730Z,1,1,false
2019-07-14T07:50:47.535Z,1,2,false
2019-07-14T07:50:57.483Z,1,3,false
2019-07-14T07:51:07.715Z,1,4,false
2019-07-14T07:51:18.084Z,1,5,false
2019-07-14T07:51:26.330Z,1,6,false
2019-07-14T07:51:34.653Z,1,7,false
2019-07-14T07:51:44.201Z,1,8,false
2019-07-14T07:51:54.072Z,1,9,false
2019-07-14T07:52:34.312Z,1,1,false
2019-07-14T07:52:44.501Z,1,2,false
2019-07-14T07:52:54.979Z,1,3,false
2019-07-14T07:53:05.870Z,1,4,false
2019-07-14T07:53:14.560Z,1,5,false
2019-07-14T07:53:23.882Z,1,6,false
2019-07-14T07:53:34.414Z,1,7,false
2019-07-14T07:53:44.978Z,1,8,false
2019-07-14T07:53:55.479Z,1,9,false
2019-07-14T07:54:35.825Z,1,1,false
2019-07-14T07:54:45.933Z,1,2,false
2019-07-14T07:54:55.550Z,1,3,false
2019-07-14T07:55:06.164Z,1,4,false
2019-07-14T07:55:16.370Z,1,5,false
2019-07-14T07:55:24.631Z,1,6,false
2019-07-14T07:55:33.037Z,1,7,false
2019-07-14T07:55:43.394Z,1,8,false
2019-07-14T07:55:54.147Z,1,9,false
2019-07-14T07:56:34.752Z,1,1,false
2019-07-14T07:56:45.640Z,1,2,false
2019-07-14T07:56:56.081Z,1,3,false
2019-07-14T07:57:07.262Z,1,4,false
2019-07-14T07:57:16.003Z,1,5,false
2019-07-14T07:57:26.006Z,1,6,false
2019-07-14T07:57:36.808Z,1,7,false
2019-07-14T07:57:46.866Z,1,8,false
2019-07-14T07:57:57.396Z,1,9,false
2019-07-14T07:58:37.286Z,1,1,false
2019-07-14T07:58:47.933Z,1,2,false
2019-07-14T07:58:57.461Z,1,3,false
2019-07-14T07:59:08.462Z,1,4,false
2019-07-14T07:59:17.392Z,1,5,false
2019-07-14T07:59:27.329Z,1,6,false
2019-07-14T07:59:37.823Z,1,7,false
2019-07-14T07:59:47.695Z,1,8,false
2019-07-14T07:59:57.727Z,1,9,false
2019-07-14T08:00:36.858Z,1,1,false
2019-07-14T08:00:45.717Z,1,2,false
2019-07-14T08:00:55.935Z,1,3,false
2019-07-14T08:01:06.436Z,1,4,false
2019-07-14T08:01:15.143Z,1,5,false
2019-07-14T08:01:23.619Z,1,6,false
2019-07-14T08:01:31.983Z,1,7,false
2019-07-14T08:01:39.954Z,1,8,false
2019-07-14T08:01:50.997Z,1,9,false
2019-07-14T08:02:31.982Z,1,1,false
2019-07-14T08:02:41.820Z,1,2,false
2019-07-14T08:02:52.302Z,1,3,false
2019-07-14T08:03:03.022Z,1,4,false
2019-07-14T08:03:14.385Z,1,5,false
2019-07-14T08:03:22.629Z,1,6,false
2019-07-14T08:03:30.997Z,1,7,false
2019-07-14T08:03:38.970Z,1,8,false
2019-07-14T08:03:49.663Z,1,9,false
2019-07-14T08:04:30.488Z,1,1,false
2019-07-14T08:04:40.842Z,1,2,false
2019-07-14T08:04:51.459Z,1,3,false
2019-07-14T08:05:01.507Z,1,4,false
2019-07-14T08:05:12.381Z,1,5,false
2019-07-14T08:05:21.624Z,1,6,false
2019-07-14T08:05:29.906Z,1,7,false
2019-07-14T08:05:39.581Z,1,8,false
2019-07-14T08:05:49.892Z,1,9,false
2019-07-14T08:06:29.094Z,1,1,false
2019-07-14T08:06:39.553Z,1,2,false
2019-07-14T08:06:49.412Z,1,3,false
2019-07-14T08:07:00.610Z,1,4,false
2019-07-14T08:07:10.485Z,1,5,false
2019-07-14T08:07:20.408Z,1,6,false
2019-07-14T08:07:29.780Z,1,7,false
2019-07-14T08:07:37.751Z,1,8,false
2019-07-14T08:07:46.254Z,1,9,false
2019-07-14T08:08:26.690Z,1,1,false
2019-07-14T08:08:37.143Z,1,2,false
2019-07-14T08:08:47.643Z,1,3,false
2019-07-14T08:08:58.222Z,1,4,false
2019-07-14T08:09:09.510Z,1,5,false
2019-07-14T08:09:17.824Z,1,6,false
2019-07-14T08:09:26.154Z,1,7,false
2019-07-14T08:09:34.862Z,1,8,false
2019-07-14T08:09:43.156Z,1,9,false
2019-07-14T08:10:24.076Z,1,1,false
2019-07-14T08:10:34.740Z,1,2,false
2019-07-14T08:10:44.891Z,1,3,false
2019-07-14T08:10:55.522Z,1,4,false
2019-07-14T08:11:06.130Z,1,5,false
2019-07-14T08:11:16.815Z,1,6,false
2019-07-14T08:11:25.200Z,1,7,false
2019-07-14T08:11:33.188Z,1,8,false
2019-07-14T08:11:41.479Z,1,9,false
2019-07-14T08:12:22.367Z,1,1,false
2019-07-14T08:12:33.149Z,1,2,false
2019-07-14T08:12:43.242Z,1,3,false
2019-07-14T08:12:53.983Z,1,4,false
2019-07-14T08:13:04.480Z,1,5,false
2019-07-14T08:13:15.300Z,1,6,false
2019-07-14T08:13:25.264Z,1,7,false
2019-07-14T08:13:34.641Z,1,8,false
2019-07-14T08:13:44.564Z,1,9,false
2019-07-14T08:14:24.134Z,1,1,false
2019-07-14T08:14:33.299Z,1,2,false
2019-07-14T08:14:43.063Z,1,3,false
2019-07-14T08:14:51.671Z,1,4,false
2019-07-14T08:15:02.712Z,1,5,false
2019-07-14T08:15:13.510Z,1,6,false
2019-07-14T08:15:22.044Z,1,7,false
2019-07-14T08:15:30.077Z,1,8,false
2019-07-14T08:15:38.660Z,1,9,false
2019-07-14T08:16:17.973Z,1,1,false
2019-07-14T08:16:28.452Z,1,2,false
2019-07-14T08:16:38.539Z,1,3,false
2019-07-14T08:16:49.545Z,1,4,false
2019-07-14T08:17:00.643Z,1,5,false
2019-07-14T08:17:11.513Z,1,6,false
2019-07-14T08:17:21.847Z,1,7,false
2019-07-14T08:17:30.808Z,1,8,false
2019-07-14T08:17:39.115Z,1,9,false
2019-07-14T08:18:19.167Z,1,1,false
2019-07-14T08:18:29.831Z,1,2,false
2019-07-14T08:18:39.337Z,1,3,false
2019-07-14T08:18:50.224Z,1,4,false
2019-07-14T08:19:01.306Z,1,5,false
2019-07-14T08:19:11.788Z,1,6,false
2019-07-14T08:19:22.680Z,1,7,false
2019-07-14T08:19:30.726Z,1,8,false
2019-07-14T08:19:40.711Z,1,9,false
2019-07-14T08:20:20.506Z,1,1,false
2019-07-14T08:20:31.206Z,1,2,false
2019-07-14T08:20:40.203Z,1,3,false
2019-07-14T08:20:51.286Z,1,4,false
2019-07-14T08:21:02.593Z,1,5,false
2019-07-14T08:21:13.261Z,1,6,false
2019-07-14T08:21:24.267Z,1,7,false
2019-07-14T08:21:32.223Z,1,8,false
2019-07-14T08:21:40.472Z,1,9,false
2019-07-14T08:22:20.289Z,1,1,false
2019-07-14T08:22:30.979Z,1,2,false
2019-07-14T08:22:40.987Z,1,3,false
2019-07-14T08:22:51.915Z,1,4,false
2019-07-14T08:23:03.350Z,1,5,false
2019-07-14T08:23:13.399Z,1,6,false
2019-07-14T08:23:24.185Z,1,7,false
2019-07-14T08:23:32.171Z,1,8,false
2019-07-14T08:23:40.420Z,1,9,false
2019-07-14T08:24:20.356Z,1,1,false
2019-07-14T08:24:30.500Z,1,2,false
2019-07-14T08:24:40.315Z,1,3,false
2019-07-14T08:24:51.092Z,1,4,false
2019-07-14T08:25:02.211Z,1,5,false
2019-07-14T08:25:12.766Z,1,6,false
2019-07-14T08:25:22.384Z,1,7,false
2019-07-14T08:25:32.827Z,1,8,false
2019-07-14T08:25:41.167Z,1,9,false
2019-07-14T08:26:20.700Z,1,1,false
2019-07-14T08:26:29.728Z,1,2,false
2019-07-14T08:26:38.859Z,1,3,false
2019-07-14T08:26:48.923Z,1,4,false
2019-07-14T08:26:59.301Z,1,5,false
2019-07-14T08:27:09.234Z,1,6,false
2019-07-14T08:27:19.177Z,1,7,false
2019-07-14T08:27:28.790Z,1,8,false
2019-07-14T08:27:37.096Z,1,9,false
2019-07-14T08:28:15.416Z,1,1,false
2019-07-14T08:28:25.705Z,1,2,false
2019-07-14T08:28:34.739Z,1,3,false
2019-07-14T08:28:44.989Z,1,4,false
2019-07-14T08:28:54.515Z,1,5,false
2019-07-14T08:29:04.367Z,1,6,false
2019-07-14T08:29:14.869Z,1,7,false
2019-07-14T08:29:23.707Z,1,8,false
2019-07-14T08:29:31.977Z,1,9,false
2019-07-14T08:30:11.894Z,1,1,false
2019-07-14T08:30:21.880Z,1,2,false
2019-07-14T08:30:29.696Z,1,3,false
2019-07-14T08:30:38.825Z,1,4,false
2019-07-14T08:30:49.827Z,1,5,false
2019-07-14T08:31:00.093Z,1,6,false
2019-07-14T08:31:11.014Z,1,7,false
2019-07-14T08:31:20.668Z,1,8,false
2019-07-14T08:31:29.000Z,1,9,false
2019-07-14T08:32:07.302Z,1,1,false
2019-07-14T08:32:17.272Z,1,2,false
2019-07-14T08:32:27.195Z,1,3,false
2019-07-14T08:32:37.353Z,1,4,false
2019-07-14T08:32:48.398Z,1,5,false
2019-07-14T08:32:58.557Z,1,6,false
2019-07-14T08:33:08.190Z,1,7,false
2019-07-14T08:33:17.826Z,1,8,false
2019-07-14T08:33:26.120Z,1,9,false
2019-07-14T08:34:04.469Z,1,1,false
2019-07-14T08:34:14.586Z,1,2,false
2019-07-14T08:34:24.410Z,1,3,false
2019-07-14T08:34:35.483Z,1,4,false
2019-07-14T08:34:46.641Z,1,5,false
2019-07-14T08:34:56.887Z,1,6,false
2019-07-14T08:35:07.477Z,1,7,false
2019-07-14T08:35:17.163Z,1,8,false
2019-07-14T08:35:25.511Z,1,9,false
2019-07-14T08:36:03.767Z,1,1,false
2019-07-14T08:36:13.744Z,1,2,false
2019-07-14T08:36:23.858Z,1,3,false
2019-07-14T08:36:34.487Z,1,4,false
2019-07-14T08:36:45.562Z,1,5,false
2019-07-14T08:36:55.596Z,1,6,false
2019-07-14T08:37:06.191Z,1,7,false
2019-07-14T08:37:16.398Z,1,8,false
2019-07-14T08:37:26.421Z,1,9,false
2019-07-14T08:38:05.016Z,1,1,false
2019-07-14T08:38:14.603Z,1,2,false
2019-07-14T08:38:24.525Z,1,3,false
2019-07-14T08:38:34.732Z,1,4,false
2019-07-14T08:38:45.130Z,1,5,false
2019-07-14T08:38:54.933Z,1,6,false
2019-07-14T08:39:05.253Z,1,7,false
2019-07-14T08:39:15.679Z,1,8,false
2019-07-14T08:39:24.005Z,1,9,false
2019-07-14T08:40:03.634Z,1,1,false
2019-07-14T08:40:14.003Z,1,2,false
2019-07-14T08:40:23.403Z,1,3,false
2019-07-14T08:40:33.724Z,1,4,false
2019-07-14T08:40:44.486Z,1,5,false
2019-07-14T08:40:54.619Z,1,6,false
2019-07-14T08:41:04.890Z,1,7,false
2019-07-14T08:41:13.817Z,1,8,false
2019-07-14T08:41:22.092Z,1,9,false
2019-07-14T08:42:00.297Z,1,1,false
2019-07-14T08:42:10.876Z,1,2,false
2019-07-14T08:42:21.305Z,1,3,false
2019-07-14T08:42:31.947Z,1,4,false
2019-07-14T08:42:42.804Z,1,5,false
2019-07-14T08:42:53.151Z,1,6,false
2019-07-14T08:43:03.363Z,1,7,false
2019-07-14T08:43:12.211Z,1,8,false
2019-07-14T08:43:20.560Z,1,9,false
2019-07-14T08:44:00.450Z,1,1,false
2019-07-14T08:44:10.138Z,1,2,false
2019-07-14T08:44:20.081Z,1,3,false
2019-07-14T08:44:30.487Z,1,4,false
2019-07-14T08:44:40.580Z,1,5,false
2019-07-14T08:44:51.029Z,1,6,false
2019-07-14T08:45:01.469Z,1,7,false
2019-07-14T08:45:09.897Z,1,8,false
2019-07-14T08:45:18.138Z,1,9,false
2019-07-14T08:45:56.408Z,1,1,false
2019-07-14T08:46:05.453Z,1,2,false
2019-07-14T08:46:15.368Z,1,3,false
2019-07-14T08:46:25.527Z,1,4,false
2019-07-14T08:46:36.164Z,1,5,false
2019-07-14T08:46:45.092Z,1,6,false
2019-07-14T08:46:55.179Z,1,7,false
2019-07-14T08:47:04.688Z,1,8,false
2019-07-14T08:47:12.991Z,1,9,false
2019-07-14T08:47:51.213Z,1,1,false
2019-07-14T08:48:01.489Z,1,2,false
2019-07-14T08:48:11.598Z,1,3,false
2019-07-14T08:48:22.738Z,1,4,false
2019-07-14T08:48:33.948Z,1,5,false
2019-07-14T08:48:43.950Z,1,6,false
2019-07-14T08:48:54.181Z,1,7,false
2019-07-14T08:49:03.818Z,1,8,false
2019-07-14T08:49:13.763Z,1,9,false
2019-07-14T08:49:53.669Z,1,1,false
2019-07-14T08:50:03.491Z,1,2,false
2019-07-14T08:50:13.917Z,1,3,false
2019-07-14T08:50:24.272Z,1,4,false
2019-07-14T08:50:33.327Z,1,5,false
2019-07-14T08:50:42.629Z,1,6,false
2019-07-14T08:50:52.278Z,1,7,false
2019-07-14T08:51:03.573Z,1,8,false
2019-07-14T08:51:11.871Z,1,9,false
2019-07-14T08:51:51.815Z,1,1,false
2019-07-14T08:52:01.663Z,1,2,false
2019-07-14T08:52:11.958Z,1,3,false
2019-07-14T08:52:23.385Z,1,4,false
2019-07-14T08:52:34.110Z,1,5,false
2019-07-14T08:52:46.193Z,1,6,false
2019-07-14T08:52:57.645Z,1,7,false
2019-07-14T08:53:07.635Z,1,8,false
2019-07-14T08:53:15.958Z,1,9,false
2019-07-14T08:53:54.235Z,1,1,false
2019-07-14T08:54:03.866Z,1,2,false
2019-07-14T08:54:13.050Z,1,3,false
2019-07-14T08:54:23.247Z,1,4,false
2019-07-14T08:54:33.105Z,1,5,false
2019-07-14T08:54:41.916Z,1,6,false
2019-07-14T08:54:55.530Z,1,7,false
2019-07-14T08:55:05.729Z,1,8,false
2019-07-14T08:55:14.011Z,1,9,false
2019-07-14T08:55:52.258Z,1,1,false
2019-07-14T08:56:01.910Z,1,2,false
2019-07-14T08:56:11.476Z,1,3,false
2019-07-14T08:56:21.725Z,1,4,false
2019-07-14T08:56:32.256Z,1,5,false
2019-07-14T08:56:42.189Z,1,6,false
2019-07-14T08:56:53.090Z,1,7,false
2019-07-14T08:57:02.687Z,1,8,false
2019-07-14T08:57:10.992Z,1,9,false
2019-07-14T08:57:50.892Z,1,1,false
2019-07-14T08:58:00.285Z,1,2,false
2019-07-14T08:58:10.077Z,1,3,false
2019-07-14T08:58:20.849Z,1,4,false
2019-07-14T08:58:31.416Z,1,5,false
2019-07-14T08:58:41.283Z,1,6,false
2019-07-14T08:58:50.907Z,1,7,false
2019-07-14T08:59:00.592Z,1,8,false
2019-07-14T08:59:08.932Z,1,9,false
2019-07-14T08:59:47.259Z,1,1,false
2019-07-14T08:59:57.607Z,1,2,false
2019-07-14T09:00:07.416Z,1,3,false
2019-07-14T09:00:18.428Z,1,4,false
2019-07-14T09:00:28.809Z,1,5,false
2019-07-14T09:00:39.607Z,1,6,false
2019-07-14T09:00:50.524Z,1,7,false
2019-07-14T09:01:00.700Z,1,8,false
2019-07-14T09:01:08.960Z,1,9,false
2019-07-14T09:01:47.275Z,1,1,false
2019-07-14T09:01:57.176Z,1,2,false
2019-07-14T09:02:06.806Z,1,3,false
2019-07-14T09:02:17.318Z,1,4,false
2019-07-14T09:02:27.334Z,1,5,false
2019-07-14T09:02:37.935Z,1,6,false
2019-07-14T09:02:46.825Z,1,7,false
2019-07-14T09:02:56.706Z,1,8,false
2019-07-14T09:03:06.766Z,1,9,false
2019-07-14T09:03:44.987Z,1,1,false
2019-07-14T09:03:55.414Z,1,2,false
2019-07-14T09:04:05.657Z,1,3,false
2019-07-14T09:04:16.836Z,1,4,false
2019-07-14T09:04:28.123Z,1,5,false
2019-07-14T09:04:38.009Z,1,6,false
2019-07-14T09:04:49.063Z,1,7,false
2019-07-14T09:04:59.207Z,1,8,false
2019-07-14T09:05:09.567Z,1,9,false
2019-07-14T09:05:49.448Z,1,1,false
2019-07-14T09:05:59.615Z,1,2,false
2019-07-14T09:06:10.113Z,1,3,false
2019-07-14T09:06:20.286Z,1,4,false
2019-07-14T09:06:31.289Z,1,5,false
2019-07-14T09:06:42.025Z,1,6,false
2019-07-14T09:06:52.989Z,1,7,false
2019-07-14T09:07:02.610Z,1,8,false
2019-07-14T09:07:13.411Z,1,9,false
2019-07-14T09:07:51.645Z,1,1,false
2019-07-14T09:08:02.329Z,1,2,false
2019-07-14T09:08:12.787Z,1,3,false
2019-07-14T09:08:23.986Z,1,4,false
2019-07-14T09:08:35.481Z,1,5,false
2019-07-14T09:08:46.485Z,1,6,false
2019-07-14T09:08:57.464Z,1,7,false
2019-07-14T09:09:07.659Z,1,8,false
2019-07-14T09:09:18.232Z,1,9,false
2019-07-14T09:09:58.155Z,1,1,false
2019-07-14T09:10:08.164Z,1,2,false
2019-07-14T09:10:17.738Z,1,3,false
2019-07-14T09:10:28.007Z,1,4,false
2019-07-14T09:10:38.552Z,1,5,false
2019-07-14T09:10:49.275Z,1,6,false
2019-07-14T09:10:59.439Z,1,7,false
2019-07-14T09:11:09.558Z,1,8,false
2019-07-14T09:11:19.951Z,1,9,false
2019-07-14T09:11:58.189Z,1,1,false
2019-07-14T09:12:08.854Z,1,2,false
2019-07-14T09:12:18.051Z,1,3,false
2019-07-14T09:12:28.248Z,1,4,false
2019-07-14T09:12:38.309Z,1,5,false
2019-07-14T09:12:49.097Z,1,6,false
2019-07-14T09:12:59.112Z,1,7,false
2019-07-14T09:13:09.094Z,1,8,false
2019-07-14T09:13:17.654Z,1,9,false
2019-07-14T09:13:57.677Z,1,1,false
2019-07-14T09:14:08.264Z,1,2,false
2019-07-14T09:14:18.448Z,1,3,false
2019-07-14T09:14:29.468Z,1,4,false
2019-07-14T09:14:40.702Z,1,5,false
2019-07-14T09:14:51.579Z,1,6,false
2019-07-14T09:15:01.855Z,1,7,false
2019-07-14T09:15:12.083Z,1,8,false
2019-07-14T09:15:20.314Z,1,9,false
2019-07-14T09:15:58.628Z,1,1,false
2019-07-14T09:16:09.208Z,1,2,false
2019-07-14T09:16:18.910Z,1,3,false
2019-07-14T09:16:28.673Z,1,4,false
2019-07-14T09:16:37.469Z,1,5,false
2019-07-14T09:16:45.699Z,1,6,false
2019-07-14T09:16:55.929Z,1,7,false
2019-07-14T09:17:06.449Z,1,8,false
2019-07-14T09:17:16.769Z,1,9,false
2019-07-14T09:17:55.008Z,1,1,false
2019-07-14T09:18:05.291Z,1,2,false
2019-07-14T09:18:14.774Z,1,3,false
2019-07-14T09:18:25.338Z,1,4,false
2019-07-14T09:18:34.948Z,1,5,false
2019-07-14T09:18:43.617Z,1,6,false
2019-07-14T09:18:54.297Z,1,7,false
2019-07-14T09:19:04.624Z,1,8,false
2019-07-14T09:19:14.879Z,1,9,false
2019-07-14T09:19:53.104Z,1,1,false
2019-07-14T09:20:03.362Z,1,2,false
2019-07-14T09:20:13.866Z,1,3,false
2019-07-14T09:20:24.612Z,1,4,false
2019-07-14T09:20:35.914Z,1,5,false
2019-07-14T09:20:46.816Z,1,6,false
2019-07-14T09:20:57.690Z,1,7,false
2019-07-14T09:21:08.151Z,1,8,false
2019-07-14T09:21:18.089Z,1,9,false
2019-07-14T09:21:57.955Z,1,1,false
2019-07-14T09:22:08.595Z,1,2,false
2019-07-14T09:22:18.555Z,1,3,false
2019-07-14T09:22:29.507Z,1,4,false
2019-07-14T09:22:40.037Z,1,5,false
2019-07-14T09:22:50.935Z,1,6,false
2019-07-14T09:22:59.902Z,1,7,false
2019-07-14T09:23:10.279Z,1,8,false
2019-07-14T09:23:18.796Z,1,9,false
2019-07-14T09:23:56.986Z,1,1,false
2019-07-14T09:24:07.105Z,1,2,false
2019-07-14T09:24:17.298Z,1,3,false
2019-07-14T09:24:27.689Z,1,4,false
2019-07-14T09:24:36.778Z,1,5,false
2019-07-14T09:24:47.362Z,1,6,false
2019-07-14T09:24:56.942Z,1,7,false
2019-07-14T09:25:06.125Z,1,8,false
2019-07-14T09:25:14.690Z,1,9,false
2019-07-14T09:25:54.137Z,1,1,false
2019-07-14T09:26:03.259Z,1,2,false
2019-07-14T09:26:12.847Z,1,3,false
2019-07-14T09:26:23.176Z,1,4,false
2019-07-14T09:26:33.763Z,1,5,false
2019-07-14T09:26:43.161Z,1,6,false
2019-07-14T09:26:53.589Z,1,7,false
2019-07-14T09:27:04.059Z,1,8,false
2019-07-14T09:27:14.260Z,1,9,false
2019-07-14T09:27:52.509Z,1,1,false
2019-07-14T09:28:02.199Z,1,2,false
2019-07-14T09:28:11.634Z,1,3,false
2019-07-14T09:28:22.072Z,1,4,false
2019-07-14T09:28:32.643Z,1,5,false
2019-07-14T09:28:42.945Z,1,6,false
2019-07-14T09:28:53.422Z,1,7,false
2019-07-14T09:29:03.898Z,1,8,false
2019-07-14T09:29:14.753Z,1,9,false
2019-07-14T09:29:53.348Z,1,1,false
2019-07-14T09:30:03.855Z,1,2,false
2019-07-14T09:30:14.037Z,1,3,false
2019-07-14T09:30:25.026Z,1,4,false
2019-07-14T09:30:35.790Z,1,5,false
2019-07-14T09:30:45.689Z,1,6,false
2019-07-14T09:30:56.192Z,1,7,false
2019-07-14T09:31:06.833Z,1,8,false
2019-07-14T09:31:17.218Z,1,9,false
2019-07-14T09:31:55.436Z,1,1,false
2019-07-14T09:32:05.477Z,1,2,false
2019-07-14T09:32:15.910Z,1,3,false
2019-07-14T09:32:26.304Z,1,4,false
2019-07-14T09:32:37.100Z,1,5,false
2019-07-14T09:32:47.950Z,1,6,false
2019-07-14T09:32:58.462Z,1,7,false
2019-07-14T09:33:08.712Z,1,8,false
2019-07-14T09:33:19.305Z,1,9,false
2019-07-14T09:33:57.573Z,1,1,false
2019-07-14T09:34:07.105Z,1,2,false
2019-07-14T09:34:17.287Z,1,3,false
2019-07-14T09:34:27.601Z,1,4,false
2019-07-14T09:34:38.952Z,1,5,false
2019-07-14T09:34:49.545Z,1,6,false
2019-07-14T09:34:59.986Z,1,7,false
2019-07-14T09:35:09.528Z,1,8,false
2019-07-14T09:35:17.876Z,1,9,false
2019-07-14T09:35:57.707Z,1,1,false
2019-07-14T09:36:08.253Z,1,2,false
2019-07-14T09:36:18.636Z,1,3,false
2019-07-14T09:36:28.880Z,1,4,false
2019-07-14T09:36:39.488Z,1,5,false
2019-07-14T09:36:50.072Z,1,6,false
2019-07-14T09:36:59.756Z,1,7,false
2019-07-14T09:37:09.436Z,1,8,false
2019-07-14T09:37:17.981Z,1,9,false
2019-07-14T09:37:57.882Z,1,1,false
2019-07-14T09:38:07.483Z,1,2,false
2019-07-14T09:38:16.885Z,1,3,false
2019-07-14T09:38:26.959Z,1,4,false
2019-07-14T09:38:37.703Z,1,5,false
2019-07-14T09:38:47.160Z,1,6,false
2019-07-14T09:38:57.348Z,1,7,false
2019-07-14T09:39:06.855Z,1,8,false
2019-07-14T09:39:17.215Z,1,9,false
2019-07-14T09:39:55.422Z,1,1,false
2019-07-14T09:40:05.209Z,1,2,false
2019-07-14T09:40:15.096Z,1,3,false
2019-07-14T09:40:24.426Z,1,4,false
2019-07-14T09:40:34.735Z,1,5,false
2019-07-14T09:40:44.867Z,1,6,false
2019-07-14T09:40:55.310Z,1,7,false
2019-07-14T09:41:04.028Z,1,8,false
2019-07-14T09:41:12.632Z,1,9,false
2019-07-14T09:41:52.421Z,1,1,false
2019-07-14T09:42:02.226Z,1,2,false
2019-07-14T09:42:11.697Z,1,3,false
2019-07-14T09:42:22.146Z,1,4,false
2019-07-14T09:42:32.956Z,1,5,false
2019-07-14T09:42:43.912Z,1,6,false
2019-07-14T09:42:54.048Z,1,7,false
2019-07-14T09:43:03.698Z,1,8,false
2019-07-14T09:43:14.677Z,1,9,false
2019-07-14T09:43:52.843Z,1,1,false
2019-07-14T09:44:02.576Z,1,2,false
2019-07-14T09:44:13.099Z,1,3,false
2019-07-14T09:44:23.688Z,1,4,false
2019-07-14T09:44:34.687Z,1,5,false
2019-07-14T09:44:45.193Z,1,6,false
2019-07-14T09:44:55.288Z,1,7,false
2019-07-14T09:45:05.844Z,1,8,false
2019-07-14T09:45:16.063Z,1,9,false
2019-07-14T09:45:54.274Z,1,1,false
2019-07-14T09:46:04.654Z,1,2,false
2019-07-14T09:46:14.828Z,1,3,false
2019-07-14T09:46:24.984Z,1,4,false
2019-07-14T09:46:36.012Z,1,5,false
2019-07-14T09:46:46.910Z,1,6,false
2019-07-14T09:46:57.771Z,1,7,false
2019-07-14T09:47:07.387Z,1,8,false
2019-07-14T09:47:17.921Z,1,9,false
2019-07-14T09:47:56.207Z,1,1,false
2019-07-14T09:48:06.099Z,1,2,false
2019-07-14T09:48:15.590Z,1,3,false
2019-07-14T09:48:26.266Z,1,4,false
2019-07-14T09:48:37.552Z,1,5,false
2019-07-14T09:48:48.129Z,1,6,false
2019-07-14T09:48:58.572Z,1,7,false
2019-07-14T09:49:09.201Z,1,8,false
2019-07-14T09:49:19.676Z,1,9,false
2019-07-14T09:49:57.882Z,1,1,false
2019-07-14T09:50:08.581Z,1,2,false
2019-07-14T09:50:19.108Z,1,3,false
2019-07-14T09:50:30.277Z,1,4,false
2019-07-14T09:50:41.708Z,1,5,false
2019-07-14T09:50:52.517Z,1,6,false
2019-07-14T09:51:02.858Z,1,7,false
2019-07-14T09:51:13.092Z,1,8,false
2019-07-14T09:51:23.076Z,1,9,false
2019-07-14T09:52:01.677Z,1,1,false
2019-07-14T09:52:11.678Z,1,2,false
2019-07-14T09:52:22.112Z,1,3,false
2019-07-14T09:52:33.341Z,1,4,false
2019-07-14T09:52:44.043Z,1,5,false
2019-07-14T09:52:54.880Z,1,6,false
2019-07-14T09:53:05.958Z,1,7,false
2019-07-14T09:53:15.660Z,1,8,false
2019-07-14T09:53:26.193Z,1,9,false
2019-07-14T09:54:04.424Z,1,1,false
2019-07-14T09:54:15.111Z,1,2,false
2019-07-14T09:54:25.594Z,1,3,false
2019-07-14T09:54:36.872Z,1,4,false
2019-07-14T09:54:48.189Z,1,5,false
2019-07-14T09:54:58.673Z,1,6,false
2019-07-14T09:55:09.361Z,1,7,false
2019-07-14T09:55:19.743Z,1,8,false
2019-07-14T09:55:30.069Z,1,9,false
2019-07-14T09:56:08.277Z,1,1,false
2019-07-14T09:56:17.927Z,1,2,false
2019-07-14T09:56:27.306Z,1,3,false
2019-07-14T09:56:37.818Z,1,4,false
2019-07-14T09:56:47.471Z,1,5,false
2019-07-14T09:56:57.357Z,1,6,false
2019-07-14T09:57:07.417Z,1,7,false
2019-07-14T09:57:17.496Z,1,8,false
2019-07-14T09:57:26.886Z,1,9,false
2019-07-14T09:58:05.119Z,1,1,false
2019-07-14T09:58:14.195Z,1,2,false
2019-07-14T09:58:23.920Z,1,3,false
2019-07-14T09:58:34.473Z,1,4,false
2019-07-14T09:58:45.236Z,1,5,false
2019-07-14T09:58:55.708Z,1,6,false
2019-07-14T09:59:05.913Z,1,7,false
2019-07-14T09:59:15.458Z,1,8,false
2019-07-14T09:59:24.787Z,1,9,false
2019-07-14T10:00:04.407Z,1,1,false
2019-07-14T10:00:14.201Z,1,2,false
2019-07-14T10:00:23.290Z,1,3,false
2019-07-14T10:00:33.980Z,1,4,false
2019-07-14T10:00:43.868Z,1,5,false
2019-07-14T10:00:53.866Z,1,6,false
2019-07-14T10:01:04.637Z,1,7,false
2019-07-14T10:01:14.122Z,1,8,false
2019-07-14T10:01:24.279Z,1,9,false
2019-07-14T10:02:02.568Z,1,1,false
2019-07-14T10:02:12.335Z,1,2,false
2019-07-14T10:02:22.246Z,1,3,false
2019-07-14T10:02:33.202Z,1,4,false
2019-07-14T10:02:44.006Z,1,5,false
2019-07-14T10:02:53.786Z,1,6,false
2019-07-14T10:03:04.055Z,1,7,false
2019-07-14T10:03:14.460Z,1,8,false
2019-07-14T10:03:22.820Z,1,9,false
2019-07-14T10:04:01.060Z,1,1,false
2019-07-14T10:04:09.716Z,1,2,false
2019-07-14T10:04:19.797Z,1,3,false
2019-07-14T10:04:30.292Z,1,4,false
2019-07-14T10:04:41.243Z,1,5,false
2019-07-14T10:04:52.091Z,1,6,false
2019-07-14T10:05:02.545Z,1,7,false
2019-07-14T10:05:13.041Z,1,8,false
2019-07-14T10:05:22.879Z,1,9,false
2019-07-14T10:06:01.531Z,1,1,false
2019-07-14T10:06:11.573Z,1,2,false
2019-07-14T10:06:20.639Z,1,3,false
2019-07-14T10:06:30.888Z,1,4,false
2019-07-14T10:06:40.326Z,1,5,false
2019-07-14T10:06:50.527Z,1,6,false
2019-07-14T10:07:00.675Z,1,7,false
2019-07-14T10:07:10.275Z,1,8,false
2019-07-14T10:07:20.201Z,1,9,false
2019-07-14T10:07:58.466Z,1,1,false
2019-07-14T10:08:07.886Z,1,2,false
2019-07-14T10:08:17.324Z,1,3,false
2019-07-14T10:08:28.760Z,1,4,false
2019-07-14T10:08:39.348Z,1,5,false
2019-07-14T10:08:49.947Z,1,6,false
2019-07-14T10:09:00.061Z,1,7,false
2019-07-14T10:09:08.594Z,1,8,false
2019-07-14T10:09:18.906Z,1,9,false
2019-07-14T10:09:57.123Z,1,1,false
2019-07-14T10:10:07.183Z,1,2,false
2019-07-14T10:10:16.719Z,1,3,false
2019-07-14T10:10:27.039Z,1,4,false
2019-07-14T10:10:38.229Z,1,5,false
2019-07-14T10:10:47.134Z,1,6,false
2019-07-14T10:10:56.529Z,1,7,false
2019-07-14T10:11:05.816Z,1,8,false
2019-07-14T10:11:16.148Z,1,9,false
2019-07-14T10:11:56.033Z,1,1,false
2019-07-14T10:12:05.732Z,1,2,false
2019-07-14T10:12:14.241Z,1,3,false
2019-07-14T10:12:25.049Z,1,4,false
2019-07-14T10:12:35.496Z,1,5,false
2019-07-14T10:12:45.368Z,1,6,false
2019-07-14T10:12:56.115Z,1,7,false
2019-07-14T10:13:05.925Z,1,8,false
2019-07-14T10:13:16.164Z,1,9,false
2019-07-14T10:13:54.729Z,1,1,false
2019-07-14T10:14:03.281Z,1,2,false
2019-07-14T10:14:13.545Z,1,3,false
2019-07-14T10:14:24.655Z,1,4,false
2019-07-14T10:14:35.280Z,1,5,false
2019-07-14T10:14:43.562Z,1,6,false
2019-07-14T10:14:54.105Z,1,7,false
2019-07-14T10:15:03.777Z,1,8,false
2019-07-14T10:15:14.147Z,1,9,false
2019-07-14T10:15:52.345Z,1,1,false
2019-07-14T10:16:02.170Z,1,2,false
2019-07-14T10:16:12.748Z,1,3,false
2019-07-14T10:16:24.10Z,1,4,false
2019-07-14T10:16:35.436Z,1,5,false
2019-07-14T10:16:46.509Z,1,6,false
2019-07-14T10:16:57.534Z,1,7,false
2019-07-14T10:17:08.219Z,1,8,false
2019-07-14T10:17:19.323Z,1,9,false
2019-07-14T10:17:59.215Z,1,1,false
2019-07-14T10:18:10.020Z,1,2,false
2019-07-14T10:18:19.524Z,1,3,false
2019-07-14T10:18:30.530Z,1,4,false
2019-07-14T10:18:41.172Z,1,5,false
2019-07-14T10:18:51.733Z,1,6,false
2019-07-14T10:19:02.141Z,1,7,false
2019-07-14T10:19:11.719Z,1,8,false
2019-07-14T10:19:22.021Z,1,9,false
2019-07-14T10:20:00.269Z,1,1,false
2019-07-14T10:20:09.498Z,1,2,false
2019-07-14T10:20:18.902Z,1,3,false
2019-07-14T10:20:29.043Z,1,4,false
2019-07-14T10:20:37.942Z,1,5,false
2019-07-14T10:20:48.821Z,1,6,false
2019-07-14T10:20:59.293Z,1,7,false
2019-07-14T10:21:09.158Z,1,8,false
2019-07-14T10:21:19.280Z,1,9,false
2019-07-14T10:21:57.562Z,1,1,false
2019-07-14T10:22:07.582Z,1,2,false
2019-07-14T10:22:17.072Z,1,3,false
2019-07-14T10:22:26.212Z,1,4,false
2019-07-14T10:22:36.761Z,1,5,false
2019-07-14T10:22:46.977Z,1,6,false
2019-07-14T10:22:57.249Z,1,7,false
2019-07-14T10:23:06.938Z,1,8,false
2019-07-14T10:23:16.991Z,1,9,false
2019-07-14T10:23:55.218Z,1,1,false
2019-07-14T10:24:04.938Z,1,2,false
2019-07-14T10:24:13.925Z,1,3,false
2019-07-14T10:24:24.696Z,1,4,false
2019-07-14T10:24:35.864Z,1,5,false
2019-07-14T10:24:45.771Z,1,6,false
2019-07-14T10:24:56.583Z,1,7,false
2019-07-14T10:25:07.222Z,1,8,false
2019-07-14T10:25:18.116Z,1,9,false
2019-07-14T10:25:56.398Z,1,1,false
2019-07-14T10:26:06.359Z,1,2,false
2019-07-14T10:26:16.605Z,1,3,false
2019-07-14T10:26:27.031Z,1,4,false
2019-07-14T10:26:38.310Z,1,5,false
2019-07-14T10:26:49.174Z,1,6,false
2019-07-14T10:27:00.056Z,1,7,false
2019-07-14T10:27:10.343Z,1,8,false
2019-07-14T10:27:19.589Z,1,9,false
2019-07-14T10:27:57.857Z,1,1,false
2019-07-14T10:28:07.699Z,1,2,false
2019-07-14T10:28:16.412Z,1,3,false
2019-07-14T10:28:27.117Z,1,4,false
2019-07-14T10:28:38.151Z,1,5,false
2019-07-14T10:28:48.550Z,1,6,false
2019-07-14T10:28:57.567Z,1,7,false
2019-07-14T10:29:06.862Z,1,8,false
2019-07-14T10:29:16.191Z,1,9,false
2019-07-14T10:29:54.427Z,1,1,false
2019-07-14T10:30:03.236Z,1,2,false
2019-07-14T10:30:13.344Z,1,3,false
2019-07-14T10:30:24.189Z,1,4,false
2019-07-14T10:30:34.936Z,1,5,false
2019-07-14T10:30:44.865Z,1,6,false
2019-07-14T10:30:55.103Z,1,7,false
2019-07-14T10:31:05.102Z,1,8,false
2019-07-14T10:31:15.719Z,1,9,false
2019-07-14T10:31:53.898Z,1,1,false
2019-07-14T10:32:03.620Z,1,2,false
2019-07-14T10:32:13.369Z,1,3,false
2019-07-14T10:32:24.549Z,1,4,false
2019-07-14T10:32:35.901Z,1,5,false
2019-07-14T10:32:46.739Z,1,6,false
2019-07-14T10:32:56.792Z,1,7,false
2019-07-14T10:33:07.132Z,1,8,false
2019-07-14T10:33:18.089Z,1,9,false
2019-07-14T10:33:56.298Z,1,1,false
2019-07-14T10:34:06.923Z,1,2,false
2019-07-14T10:34:17.344Z,1,3,false
2019-07-14T10:34:28.507Z,1,4,false
2019-07-14T10:34:39.433Z,1,5,false
2019-07-14T10:34:49.955Z,1,6,false
2019-07-14T10:35:00.131Z,1,7,false
2019-07-14T10:35:09.250Z,1,8,false
2019-07-14T10:35:19.565Z,1,9,false
2019-07-14T10:35:57.801Z,1,1,false
2019-07-14T10:36:08.262Z,1,2,false
2019-07-14T10:36:18.401Z,1,3,false
2019-07-14T10:36:29.566Z,1,4,false
2019-07-14T10:36:40.857Z,1,5,false
2019-07-14T10:36:51.665Z,1,6,false
2019-07-14T10:37:02.029Z,1,7,false
2019-07-14T10:37:12.463Z,1,8,false
2019-07-14T10:37:22.530Z,1,9,false
2019-07-14T10:38:00.738Z,1,1,false
2019-07-14T10:38:10.866Z,1,2,false
2019-07-14T10:38:20.123Z,1,3,false
2019-07-14T10:38:29.883Z,1,4,false
2019-07-14T10:38:40.956Z,1,5,false
2019-07-14T10:38:51.481Z,1,6,false
2019-07-14T10:39:01.601Z,1,7,false
2019-07-14T10:39:12.008Z,1,8,false
2019-07-14T10:39:21.912Z,1,9,false
2019-07-14T10:40:00.157Z,1,1,false
2019-07-14T10:40:10.703Z,1,2,false
2019-07-14T10:40:20.985Z,1,3,false
2019-07-14T10:40:31.802Z,1,4,false
2019-07-14T10:40:42.238Z,1,5,false
2019-07-14T10:40:52.504Z,1,6,false
2019-07-14T10:41:03.672Z,1,7,false
2019-07-14T10:41:14.341Z,1,8,false
2019-07-14T10:41:23.797Z,1,9,false
2019-07-14T10:42:02.036Z,1,1,false
2019-07-14T10:42:12.498Z,1,2,false
2019-07-14T10:42:21.875Z,1,3,false
2019-07-14T10:42:32.023Z,1,4,false
2019-07-14T10:42:42.880Z,1,5,false
2019-07-14T10:42:51.555Z,1,6,false
2019-07-14T10:43:01.845Z,1,7,false
2019-07-14T10:43:11.393Z,1,8,false
2019-07-14T10:43:21.401Z,1,9,false
2019-07-14T10:43:59.601Z,1,1,false
2019-07-14T10:44:10.137Z,1,2,false
2019-07-14T10:44:20.432Z,1,3,false
2019-07-14T10:44:31.090Z,1,4,false
2019-07-14T10:44:41.900Z,1,5,false
2019-07-14T10:44:52.382Z,1,6,false
2019-07-14T10:45:03.101Z,1,7,false
2019-07-14T10:45:13.416Z,1,8,false
2019-07-14T10:45:21.797Z,1,9,false
2019-07-14T10:46:01.679Z,1,1,false
2019-07-14T10:46:11.489Z,1,2,false
2019-07-14T10:46:20.382Z,1,3,false
2019-07-14T10:46:31.036Z,1,4,false
2019-07-14T10:46:41.487Z,1,5,false
2019-07-14T10:46:50.954Z,1,6,false
2019-07-14T10:47:01.538Z,1,7,false
2019-07-14T10:47:11.449Z,1,8,false
2019-07-14T10:47:21.528Z,1,9,false
2019-07-14T10:47:59.791Z,1,1,false
2019-07-14T10:48:10.239Z,1,2,false
2019-07-14T10:48:19.758Z,1,3,false
2019-07-14T10:48:30.007Z,1,4,false
2019-07-14T10:48:41.192Z,1,5,false
2019-07-14T10:48:51.038Z,1,6,false
2019-07-14T10:48:59.736Z,1,7,false
2019-07-14T10:49:10.282Z,1,8,false
2019-07-14T10:49:20.569Z,1,9,false
2019-07-14T10:49:58.825Z,1,1,false
2019-07-14T10:50:09.375Z,1,2,false
2019-07-14T10:50:19.495Z,1,3,false
2019-07-14T10:50:30.088Z,1,4,false
2019-07-14T10:50:40.527Z,1,5,false
2019-07-14T10:50:50.384Z,1,6,false
2019-07-14T10:51:01.241Z,1,7,false
2019-07-14T10:51:11.687Z,1,8,false
2019-07-14T10:51:21.762Z,1,9,false
2019-07-14T10:52:01.689Z,1,1,false
2019-07-14T10:52:11.993Z,1,2,false
2019-07-14T10:52:22.391Z,1,3,false
2019-07-14T10:52:33.282Z,1,4,false
2019-07-14T10:52:44.039Z,1,5,false
2019-07-14T10:52:54.544Z,1,6,false
2019-07-14T10:53:05.431Z,1,7,false
2019-07-14T10:53:15.966Z,1,8,false
2019-07-14T10:53:24.627Z,1,9,false
2019-07-14T10:54:02.839Z,1,1,false
2019-07-14T10:54:13.544Z,1,2,false
2019-07-14T10:54:23.887Z,1,3,false
2019-07-14T10:54:34.941Z,1,4,false
2019-07-14T10:54:45.561Z,1,5,false
2019-07-14T10:54:53.840Z,1,6,false
2019-07-14T10:55:02.780Z,1,7,false
2019-07-14T10:55:12.412Z,1,8,false
2019-07-14T10:55:22.365Z,1,9,false
2019-07-14T10:56:00.557Z,1,1,false
2019-07-14T10:56:10.995Z,1,2,false
2019-07-14T10:56:21.329Z,1,3,false
2019-07-14T10:56:32.166Z,1,4,false
2019-07-14T10:56:42.926Z,1,5,false
2019-07-14T10:56:53.473Z,1,6,false
2019-07-14T10:57:04.512Z,1,7,false
2019-07-14T10:57:15.191Z,1,8,false
2019-07-14T10:57:26.164Z,1,9,false
2019-07-14T10:58:05.650Z,1,1,false
2019-07-14T10:58:15.896Z,1,2,false
2019-07-14T10:58:26.513Z,1,3,false
2019-07-14T10:58:37.830Z,1,4,false
2019-07-14T10:58:49.325Z,1,5,false
2019-07-14T10:59:00.346Z,1,6,false
2019-07-14T10:59:11.376Z,1,7,false
2019-07-14T10:59:21.868Z,1,8,false
2019-07-14T10:59:32.289Z,1,9,false
2019-07-14T11:00:10.603Z,1,1,false
2019-07-14T11:00:21.206Z,1,2,false
2019-07-14T11:00:30.667Z,1,3,false
2019-07-14T11:00:41.786Z,1,4,false
2019-07-14T11:00:53.064Z,1,5,false
2019-07-14T11:01:03.957Z,1,6,false
2019-07-14T11:01:14.409Z,1,7,false
2019-07-14T11:01:24.814Z,1,8,false
2019-07-14T11:01:35.737Z,1,9,false
2019-07-14T11:02:15.748Z,1,1,false
2019-07-14T11:02:25.630Z,1,2,false
2019-07-14T11:02:35.001Z,1,3,false
2019-07-14T11:02:44.454Z,1,4,false
2019-07-14T11:02:54.951Z,1,5,false
2019-07-14T11:03:05.787Z,1,6,false
2019-07-14T11:03:16.039Z,1,7,false
2019-07-14T11:03:26.201Z,1,8,false
2019-07-14T11:03:36.514Z,1,9,false
2019-07-14T11:04:14.828Z,1,1,false
2019-07-14T11:04:25.544Z,1,2,false
2019-07-14T11:04:36.007Z,1,3,false
2019-07-14T11:04:47.336Z,1,4,false
2019-07-14T11:04:58.637Z,1,5,false
2019-07-14T11:05:09.284Z,1,6,false
2019-07-14T11:05:20.210Z,1,7,false
2019-07-14T11:05:30.954Z,1,8,false
2019-07-14T11:05:40.913Z,1,9,false
2019-07-14T11:06:20.610Z,1,1,false
2019-07-14T11:06:30.902Z,1,2,false
2019-07-14T11:06:41.019Z,1,3,false
2019-07-14T11:06:51.327Z,1,4,false
2019-07-14T11:07:02.277Z,1,5,false
2019-07-14T11:07:13.278Z,1,6,false
2019-07-14T11:07:24.106Z,1,7,false
2019-07-14T11:07:33.779Z,1,8,false
2019-07-14T11:07:44.160Z,1,9,false
2019-07-14T11:08:24.086Z,1,1,false
2019-07-14T11:08:34.124Z,1,2,false
2019-07-14T11:08:44.428Z,1,3,false
2019-07-14T11:08:54.554Z,1,4,false
2019-07-14T11:09:05.226Z,1,5,false
2019-07-14T11:09:15.543Z,1,6,false
2019-07-14T11:09:25.833Z,1,7,false
2019-07-14T11:09:36.086Z,1,8,false
2019-07-14T11:09:44.342Z,1,9,false
2019-07-14T11:10:22.654Z,1,1,false
2019-07-14T11:10:31.777Z,1,2,false
2019-07-14T11:10:41.803Z,1,3,false
2019-07-14T11:10:52.329Z,1,4,false
2019-07-14T11:11:02.712Z,1,5,false
2019-07-14T11:11:13.081Z,1,6,false
2019-07-14T11:11:22.782Z,1,7,false
2019-07-14T11:11:32.928Z,1,8,false
2019-07-14T11:11:41.543Z,1,9,false
2019-07-14T11:12:20.926Z,1,1,false
2019-07-14T11:12:29.533Z,1,2,false
2019-07-14T11:12:39.120Z,1,3,false
2019-07-14T11:12:49.376Z,1,4,false
2019-07-14T11:12:59.229Z,1,5,false
2019-07-14T11:13:09.537Z,1,6,false
2019-07-14T11:13:19.903Z,1,7,false
2019-07-14T11:13:30.195Z,1,8,false
2019-07-14T11:13:38.872Z,1,9,false
2019-07-14T11:14:18.270Z,1,1,false
2019-07-14T11:14:28.566Z,1,2,false
2019-07-14T11:14:37.596Z,1,3,false
2019-07-14T11:14:48.734Z,1,4,false
2019-07-14T11:14:59.575Z,1,5,false
2019-07-14T11:15:10.107Z,1,6,false
2019-07-14T11:15:20.906Z,1,7,false
2019-07-14T11:15:29.741Z,1,8,false
2019-07-14T11:15:38.301Z,1,9,false
2019-07-14T11:16:17.104Z,1,1,false
2019-07-14T11:16:27.242Z,1,2,false
2019-07-14T11:16:36.587Z,1,3,false
2019-07-14T11:16:47.478Z,1,4,false
2019-07-14T11:16:57.913Z,1,5,false
2019-07-14T11:17:08.142Z,1,6,false
2019-07-14T11:17:18.071Z,1,7,false
2019-07-14T11:17:26.836Z,1,8,false
2019-07-14T11:17:35.365Z,1,9,false
2019-07-14T11:18:15.254Z,1,1,false
2019-07-14T11:18:25.822Z,1,2,false
2019-07-14T11:18:35.934Z,1,3,false
2019-07-14T11:18:44.554Z,1,4,false
2019-07-14T11:18:54.941Z,1,5,false
2019-07-14T11:19:04.880Z,1,6,false
2019-07-14T11:19:15.292Z,1,7,false
2019-07-14T11:19:24.868Z,1,8,false
2019-07-14T11:19:34.206Z,1,9,false
2019-07-14T11:20:12.570Z,1,1,false
2019-07-14T11:20:22.723Z,1,2,false
2019-07-14T11:20:30.758Z,1,3,false
2019-07-14T11:20:41.459Z,1,4,false
2019-07-14T11:20:51.686Z,1,5,false
2019-07-14T11:21:02.091Z,1,6,false
2019-07-14T11:21:12.183Z,1,7,false
2019-07-14T11:21:22.207Z,1,8,false
2019-07-14T11:21:31.517Z,1,9,false
2019-07-14T11:22:09.720Z,1,1,false
2019-07-14T11:22:19.389Z,1,2,false
2019-07-14T11:22:29.672Z,1,3,false
2019-07-14T11:22:38.795Z,1,4,false
2019-07-14T11:22:49.735Z,1,5,false
2019-07-14T11:23:00.154Z,1,6,false
2019-07-14T11:23:09.653Z,1,7,false
2019-07-14T11:23:19.807Z,1,8,false
2019-07-14T11:23:28.163Z,1,9,false
2019-07-14T11:24:08.013Z,1,1,false
2019-07-14T11:24:18.647Z,1,2,false
2019-07-14T11:24:28.821Z,1,3,false
2019-07-14T11:24:39.772Z,1,4,false
2019-07-14T11:24:51.266Z,1,5,false
2019-07-14T11:25:01.428Z,1,6,false
2019-07-14T11:25:12.217Z,1,7,false
2019-07-14T11:25:22.358Z,1,8,false
2019-07-14T11:25:30.694Z,1,9,false
2019-07-14T11:26:08.928Z,1,1,false
2019-07-14T11:26:18.978Z,1,2,false
2019-07-14T11:26:27.734Z,1,3,false
2019-07-14T11:26:38.428Z,1,4,false
2019-07-14T11:26:49.450Z,1,5,false
2019-07-14T11:27:00.162Z,1,6,false
2019-07-14T11:27:10.763Z,1,7,false
2019-07-14T11:27:20.669Z,1,8,false
2019-07-14T11:27:29.129Z,1,9,false
2019-07-14T11:28:09.079Z,1,1,false
2019-07-14T11:28:19.794Z,1,2,false
2019-07-14T11:28:30.127Z,1,3,false
2019-07-14T11:28:40.362Z,1,4,false
2019-07-14T11:28:51.801Z,1,5,false
2019-07-14T11:29:00.959Z,1,6,false
2019-07-14T11:29:11.987Z,1,7,false
2019-07-14T11:29:21.478Z,1,8,false
2019-07-14T11:29:30.313Z,1,9,false
2019-07-14T11:30:08.542Z,1,1,false
2019-07-14T11:30:18.176Z,1,2,false
2019-07-14T11:30:28.466Z,1,3,false
2019-07-14T11:30:39.239Z,1,4,false
2019-07-14T11:30:50.098Z,1,5,false
2019-07-14T11:31:00.145Z,1,6,false
2019-07-14T11:31:10.818Z,1,7,false
2019-07-14T11:31:19.322Z,1,8,false
2019-07-14T11:31:29.649Z,1,9,false
2019-07-14T11:32:08.106Z,1,1,false
2019-07-14T11:32:17.366Z,1,2,false
2019-07-14T11:32:27.522Z,1,3,false
2019-07-14T11:32:38.515Z,1,4,false
2019-07-14T11:32:49.851Z,1,5,false
2019-07-14T11:32:59.772Z,1,6,false
2019-07-14T11:33:10.120Z,1,7,false
2019-07-14T11:33:19.222Z,1,8,false
2019-07-14T11:33:29.557Z,1,9,false
2019-07-14T11:34:07.845Z,1,1,false
2019-07-14T11:34:18.627Z,1,2,false
2019-07-14T11:34:29.141Z,1,3,false
2019-07-14T11:34:40.340Z,1,4,false
2019-07-14T11:34:51.853Z,1,5,false
2019-07-14T11:35:02.839Z,1,6,false
2019-07-14T11:35:13.548Z,1,7,false
2019-07-14T11:35:24.254Z,1,8,false
2019-07-14T11:35:35.235Z,1,9,false
2019-07-14T11:36:13.510Z,1,1,false
2019-07-14T11:36:24.307Z,1,2,false
2019-07-14T11:36:33.189Z,1,3,false
2019-07-14T11:36:43.234Z,1,4,false
2019-07-14T11:36:53.728Z,1,5,false
2019-07-14T11:37:04.369Z,1,6,false
2019-07-14T11:37:15.329Z,1,7,false
2019-07-14T11:37:25.788Z,1,8,false
2019-07-14T11:37:35.016Z,1,9,false
2019-07-14T11:38:14.944Z,1,1,false
2019-07-14T11:38:25.361Z,1,2,false
2019-07-14T11:38:34.477Z,1,3,false
2019-07-14T11:38:43.715Z,1,4,false
2019-07-14T11:38:54.835Z,1,5,false
2019-07-14T11:39:04.528Z,1,6,false
2019-07-14T11:39:12.950Z,1,7,false
2019-07-14T11:39:23.394Z,1,8,false
2019-07-14T11:39:32.685Z,1,9,false
2019-07-14T11:40:12.636Z,1,1,false
2019-07-14T11:40:20.697Z,1,2,false
2019-07-14T11:40:30.852Z,1,3,false
2019-07-14T11:40:41.063Z,1,4,false
2019-07-14T11:40:52.122Z,1,5,false
2019-07-14T11:41:02.055Z,1,6,false
2019-07-14T11:41:12.575Z,1,7,false
2019-07-14T11:41:22.107Z,1,8,false
2019-07-14T11:41:32.113Z,1,9,false
2019-07-14T11:42:12.204Z,1,1,false
2019-07-14T11:42:22.429Z,1,2,false
2019-07-14T11:42:31.905Z,1,3,false
2019-07-14T11:42:43.090Z,1,4,false
2019-07-14T11:42:53.698Z,1,5,false
2019-07-14T11:43:03.890Z,1,6,false
2019-07-14T11:43:14.918Z,1,7,false
2019-07-14T11:43:25.627Z,1,8,false
2019-07-14T11:43:36.627Z,1,9,false
2019-07-14T11:44:17.328Z,1,1,false
2019-07-14T11:44:27.791Z,1,2,false
2019-07-14T11:44:37.973Z,1,3,false
2019-07-14T11:44:47.415Z,1,4,false
2019-07-14T11:44:58.506Z,1,5,false
2019-07-14T11:45:07.767Z,1,6,false
2019-07-14T11:45:18.254Z,1,7,false
2019-07-14T11:45:28.284Z,1,8,false
2019-07-14T11:45:38.482Z,1,9,false
2019-07-14T11:46:19.032Z,1,1,false
2019-07-14T11:46:29.382Z,1,2,false
2019-07-14T11:46:38.786Z,1,3,false
2019-07-14T11:46:50.486Z,1,4,false
2019-07-14T11:46:59.231Z,1,5,false
2019-07-14T11:47:09.570Z,1,6,false
2019-07-14T11:47:20.530Z,1,7,false
2019-07-14T11:47:30.511Z,1,8,false
2019-07-14T11:47:39.162Z,1,9,false
2019-07-14T11:48:19.790Z,1,1,false
2019-07-14T11:48:29.391Z,1,2,false
2019-07-14T11:48:39.645Z,1,3,false
2019-07-14T11:48:50.675Z,1,4,false
2019-07-14T11:49:01.460Z,1,5,false
2019-07-14T11:49:11.642Z,1,6,false
2019-07-14T11:49:21.786Z,1,7,false
2019-07-14T11:49:31.948Z,1,8,false
2019-07-14T11:49:42.421Z,1,9,false
2019-07-14T11:50:23.236Z,1,1,false
2019-07-14T11:50:34.10Z,1,2,false
2019-07-14T11:50:44.561Z,1,3,false
2019-07-14T11:50:54.896Z,1,4,false
2019-07-14T11:51:06.118Z,1,5,false
2019-07-14T11:51:16.352Z,1,6,false
2019-07-14T11:51:26.859Z,1,7,false
2019-07-14T11:51:36.523Z,1,8,false
2019-07-14T11:51:47.440Z,1,9,false
2019-07-14T11:52:27.224Z,1,1,false
2019-07-14T11:52:37.340Z,1,2,false
2019-07-14T11:52:47.113Z,1,3,false
2019-07-14T11:52:57.336Z,1,4,false
2019-07-14T11:53:07.738Z,1,5,false
2019-07-14T11:53:17.630Z,1,6,false
2019-07-14T11:53:28.283Z,1,7,false
2019-07-14T11:53:37.296Z,1,8,false
2019-07-14T11:53:48.200Z,1,9,false
2019-07-14T11:54:26.854Z,1,1,false
2019-07-14T11:54:37.403Z,1,2,false
2019-07-14T11:54:47.205Z,1,3,false
2019-07-14T11:54:58.033Z,1,4,false
2019-07-14T11:55:07.013Z,1,5,false
2019-07-14T11:55:15.971Z,1,6,false
2019-07-14T11:55:25.926Z,1,7,false
2019-07-14T11:55:35.016Z,1,8,false
2019-07-14T11:55:45.201Z,1,9,false
2019-07-14T11:56:25.914Z,1,1,false
2019-07-14T11:56:34.063Z,1,2,false
2019-07-14T11:56:44.000Z,1,3,false
2019-07-14T11:56:54.965Z,1,4,false
2019-07-14T11:57:05.866Z,1,5,false
2019-07-14T11:57:16.707Z,1,6,false
2019-07-14T11:57:27.560Z,1,7,false
2019-07-14T11:57:37.718Z,1,8,false
2019-07-14T11:57:48.719Z,1,9,false
2019-07-14T11:58:29.070Z,1,1,false
2019-07-14T11:58:39.521Z,1,2,false
2019-07-14T11:58:49.897Z,1,3,false
2019-07-14T11:59:00.543Z,1,4,false
2019-07-14T11:59:11.234Z,1,5,false
2019-07-14T11:59:22.205Z,1,6,false
2019-07-14T11:59:32.623Z,1,7,false
2019-07-14T11:59:42.506Z,1,8,false
2019-07-14T11:59:52.469Z,1,9,false
2019-07-14T12:00:33.104Z,1,1,false
2019-07-14T12:00:43.119Z,1,2,false
2019-07-14T12:00:53.348Z,1,3,false
2019-07-14T12:01:03.537Z,1,4,false
2019-07-14T12:01:14.050Z,1,5,false
2019-07-14T12:01:24.458Z,1,6,false
2019-07-14T12:01:34.879Z,1,7,false
2019-07-14T12:01:45.035Z,1,8,false
2019-07-14T12:01:54.536Z,1,9,false
2019-07-14T12:02:34.847Z,1,1,false
2019-07-14T12:02:44.915Z,1,2,false
2019-07-14T12:02:55.264Z,1,3,false
2019-07-14T12:03:37.657Z,1,4,false
2019-07-14T12:03:48.082Z,1,5,false
2019-07-14T12:03:57.171Z,1,6,false
2019-07-14T12:04:08.123Z,1,7,false
2019-07-14T12:04:18.391Z,1,8,false
2019-07-14T12:04:29.095Z,1,9,false
2019-07-14T12:05:09.676Z,1,1,false
2019-07-14T12:05:18.810Z,1,2,false
2019-07-14T12:05:27.703Z,1,3,false
2019-07-14T12:05:37.352Z,1,4,false
2019-07-14T12:05:48.601Z,1,5,false
2019-07-14T12:05:57.872Z,1,6,false
2019-07-14T12:06:08.262Z,1,7,false
2019-07-14T12:06:18.457Z,1,8,false
2019-07-14T12:06:28.911Z,1,9,false
2019-07-14T12:07:08.416Z,1,1,false
2019-07-14T12:07:16.482Z,1,2,false
2019-07-14T12:07:26.387Z,1,3,false
2019-07-14T12:07:36.940Z,1,4,false
2019-07-14T12:07:48.182Z,1,5,false
2019-07-14T12:07:58.682Z,1,6,false
2019-07-14T12:08:07.716Z,1,7,false
2019-07-14T12:08:18.052Z,1,8,false
2019-07-14T12:08:28.326Z,1,9,false
2019-07-14T12:09:08.650Z,1,1,false
2019-07-14T12:09:16.692Z,1,2,false
2019-07-14T12:09:26.211Z,1,3,false
2019-07-14T12:09:36.491Z,1,4,false
2019-07-14T12:09:47.882Z,1,5,false
2019-07-14T12:09:57.860Z,1,6,false
2019-07-14T12:10:08.276Z,1,7,false
2019-07-14T12:10:18.910Z,1,8,false
2019-07-14T12:10:29.246Z,1,9,false
2019-07-14T12:11:10.045Z,1,1,false
2019-07-14T12:11:19.282Z,1,2,false
2019-07-14T12:11:29.577Z,1,3,false
2019-07-14T12:11:39.643Z,1,4,false
2019-07-14T12:11:50.436Z,1,5,false
2019-07-14T12:12:00.965Z,1,6,false
2019-07-14T12:12:11.137Z,1,7,false
2019-07-14T12:12:20.253Z,1,8,false
2019-07-14T12:12:30.567Z,1,9,false
2019-07-14T12:13:10.980Z,1,1,false
2019-07-14T12:13:19.029Z,1,2,false
2019-07-14T12:13:29.454Z,1,3,false
2019-07-14T12:13:40.638Z,1,4,false
2019-07-14T12:13:52.133Z,1,5,false
2019-07-14T12:14:02.415Z,1,6,false
2019-07-14T12:14:12.999Z,1,7,false
2019-07-14T12:14:23.579Z,1,8,false
2019-07-14T12:14:33.697Z,1,9,false
2019-07-14T12:15:14.020Z,1,1,false
2019-07-14T12:15:22.046Z,1,2,false
2019-07-14T12:15:29.820Z,1,3,false
2019-07-14T12:15:40.380Z,1,4,false
2019-07-14T12:15:50.733Z,1,5,false
2019-07-14T12:16:00.091Z,1,6,false
2019-07-14T12:16:10.687Z,1,7,false
2019-07-14T12:16:21.325Z,1,8,false
2019-07-14T12:16:31.329Z,1,9,false
2019-07-14T12:17:11.745Z,1,1,false
2019-07-14T12:17:20.560Z,1,2,false
2019-07-14T12:17:28.339Z,1,3,false
2019-07-14T12:17:39.660Z,1,4,false
2019-07-14T12:17:51.183Z,1,5,false
2019-07-14T12:18:02.169Z,1,6,false
2019-07-14T12:18:13.130Z,1,7,false
2019-07-14T12:18:23.836Z,1,8,false
2019-07-14T12:18:34.744Z,1,9,false
2019-07-14T12:19:15.553Z,1,1,false
2019-07-14T12:19:24.381Z,1,2,false
2019-07-14T12:19:32.157Z,1,3,false
2019-07-14T12:19:42.380Z,1,4,false
2019-07-14T12:19:53.371Z,1,5,false
2019-07-14T12:20:04.075Z,1,6,false
2019-07-14T12:20:14.667Z,1,7,false
2019-07-14T12:20:24.464Z,1,8,false
2019-07-14T12:20:35.101Z,1,9,false
2019-07-14T12:21:14.107Z,1,1,false
2019-07-14T12:21:22.139Z,1,2,false
2019-07-14T12:21:30.513Z,1,3,false
2019-07-14T12:21:41.616Z,1,4,false
2019-07-14T12:21:52.899Z,1,5,false
2019-07-14T12:22:03.198Z,1,6,false
2019-07-14T12:22:13.569Z,1,7,false
2019-07-14T12:22:23.153Z,1,8,false
2019-07-14T12:22:33.200Z,1,9,false
2019-07-14T12:23:13.155Z,1,1,false
2019-07-14T12:23:21.193Z,1,2,false
2019-07-14T12:23:29.373Z,1,3,false
2019-07-14T12:23:40.523Z,1,4,false
2019-07-14T12:23:51.967Z,1,5,false
2019-07-14T12:24:02.160Z,1,6,false
2019-07-14T12:24:13.221Z,1,7,false
2019-07-14T12:24:23.896Z,1,8,false
2019-07-14T12:24:34.879Z,1,9,false
2019-07-14T12:25:15.812Z,1,1,false
2019-07-14T12:25:25.513Z,1,2,false
2019-07-14T12:25:33.557Z,1,3,false
2019-07-14T12:25:44.750Z,1,4,false
2019-07-14T12:25:55.327Z,1,5,false
2019-07-14T12:26:05.640Z,1,6,false
2019-07-14T12:26:16.045Z,1,7,false
2019-07-14T12:26:26.723Z,1,8,false
2019-07-14T12:26:37.698Z,1,9,false
2019-07-14T12:27:18.573Z,1,1,false
2019-07-14T12:27:26.622Z,1,2,false
2019-07-14T12:27:34.451Z,1,3,false
2019-07-14T12:27:45.568Z,1,4,false
2019-07-14T12:27:56.508Z,1,5,false
2019-07-14T12:28:07.373Z,1,6,false
2019-07-14T12:28:17.634Z,1,7,false
2019-07-14T12:28:27.572Z,1,8,false
2019-07-14T12:28:37.987Z,1,9,false
2019-07-14T12:29:18.827Z,1,1,false
2019-07-14T12:29:26.912Z,1,2,false
2019-07-14T12:29:34.705Z,1,3,false
2019-07-14T12:29:45.577Z,1,4,false
2019-07-14T12:29:56.472Z,1,5,false
2019-07-14T12:30:06.352Z,1,6,false
2019-07-14T12:30:16.611Z,1,7,false
2019-07-14T12:30:26.212Z,1,8,false
2019-07-14T12:30:36.226Z,1,9,false
2019-07-14T12:31:16.437Z,1,1,false
2019-07-14T12:31:24.507Z,1,2,false
2019-07-14T12:31:32.288Z,1,3,false
2019-07-14T12:31:42.708Z,1,4,false
2019-07-14T12:31:53.565Z,1,5,false
2019-07-14T12:32:03.477Z,1,6,false
2019-07-14T12:32:14.016Z,1,7,false
2019-07-14T12:32:24.747Z,1,8,false
2019-07-14T12:32:35.653Z,1,9,false
2019-07-14T12:33:16.568Z,1,1,false
2019-07-14T12:33:26.224Z,1,2,false
2019-07-14T12:33:35.686Z,1,3,false
2019-07-14T12:33:46.908Z,1,4,false
2019-07-14T12:33:57.588Z,1,5,false
2019-07-14T12:34:08.099Z,1,6,false
2019-07-14T12:34:18.649Z,1,7,false
2019-07-14T12:34:27.795Z,1,8,false
2019-07-14T12:34:38.258Z,1,9,false
2019-07-14T12:35:19.054Z,1,1,false
2019-07-14T12:35:27.126Z,1,2,false
2019-07-14T12:35:34.879Z,1,3,false
2019-07-14T12:35:45.439Z,1,4,false
2019-07-14T12:35:56.258Z,1,5,false
2019-07-14T12:36:06.171Z,1,6,false
2019-07-14T12:36:16.564Z,1,7,false
2019-07-14T12:36:26.210Z,1,8,false
2019-07-14T12:36:36.196Z,1,9,false
2019-07-14T12:37:16.756Z,1,1,false
2019-07-14T12:37:24.768Z,1,2,false
2019-07-14T12:37:32.593Z,1,3,false
2019-07-14T12:37:43.875Z,1,4,false
2019-07-14T12:37:54.351Z,1,5,false
2019-07-14T12:38:04.948Z,1,6,false
2019-07-14T12:38:15.831Z,1,7,false
2019-07-14T12:38:25.563Z,1,8,false
2019-07-14T12:38:35.972Z,1,9,false
2019-07-14T12:39:15.356Z,1,1,false
2019-07-14T12:39:23.870Z,1,2,false
2019-07-14T12:39:31.655Z,1,3,false
2019-07-14T12:39:41.761Z,1,4,false
2019-07-14T12:39:52.232Z,1,5,false
2019-07-14T12:40:02.241Z,1,6,false
2019-07-14T12:40:12.620Z,1,7,false
2019-07-14T12:40:22.288Z,1,8,false
2019-07-14T12:40:32.847Z,1,9,false
2019-07-14T12:41:12.123Z,1,1,false
2019-07-14T12:41:20.146Z,1,2,false
2019-07-14T12:41:27.980Z,1,3,false
2019-07-14T12:41:36.459Z,1,4,false
2019-07-14T12:41:47.947Z,1,5,false
2019-07-14T12:41:58.562Z,1,6,false
2019-07-14T12:42:09.176Z,1,7,false
2019-07-14T12:42:19.818Z,1,8,false
2019-07-14T12:42:30.170Z,1,9,false
2019-07-14T12:43:10.333Z,1,1,false
2019-07-14T12:45:28.208Z,1,2,false
2019-07-14T12:45:36.002Z,1,3,false
2019-07-14T12:45:48.108Z,1,4,false
2019-07-14T12:45:58.713Z,1,5,false
2019-07-14T12:46:09.063Z,1,6,false
2019-07-14T12:46:19.752Z,1,7,false
2019-07-14T12:46:30.504Z,1,8,false
2019-07-14T12:46:41.459Z,1,9,false
2019-07-14T12:47:22.541Z,1,1,false
2019-07-14T12:47:30.625Z,1,2,false
2019-07-14T12:47:38.458Z,1,3,false
2019-07-14T12:47:47.936Z,1,4,false
2019-07-14T12:47:59.309Z,1,5,false
2019-07-14T12:48:10.288Z,1,6,false
2019-07-14T12:48:21.328Z,1,7,false
2019-07-14T12:48:32.048Z,1,8,false
2019-07-14T12:48:43.178Z,1,9,false
2019-07-14T12:49:24.613Z,1,1,false
2019-07-14T12:49:32.674Z,1,2,false
2019-07-14T12:49:40.436Z,1,3,false
2019-07-14T12:49:50.601Z,1,4,false
2019-07-14T12:50:01.670Z,1,5,false
2019-07-14T12:50:12.251Z,1,6,false
2019-07-14T12:50:23.059Z,1,7,false
2019-07-14T12:50:33.550Z,1,8,false
2019-07-14T12:50:43.475Z,1,9,false
2019-07-14T12:51:24.303Z,1,1,false
2019-07-14T12:51:32.350Z,1,2,false
2019-07-14T12:51:40.148Z,1,3,false
2019-07-14T12:51:50.610Z,1,4,false
2019-07-14T12:52:01.136Z,1,5,false
2019-07-14T12:52:11.726Z,1,6,false
2019-07-14T12:52:21.937Z,1,7,false
2019-07-14T12:52:31.561Z,1,8,false
2019-07-14T12:52:40.695Z,1,9,false
2019-07-14T12:53:21.414Z,1,1,false
2019-07-14T12:53:31.083Z,1,2,false
2019-07-14T12:53:38.852Z,1,3,false
2019-07-14T12:53:49.576Z,1,4,false
2019-07-14T12:53:58.607Z,1,5,false
2019-07-14T12:54:08.496Z,1,6,false
2019-07-14T12:54:18.037Z,1,7,false
2019-07-14T12:54:26.476Z,1,8,false
2019-07-14T12:54:36.488Z,1,9,false
2019-07-14T12:55:17.056Z,1,1,false
2019-07-14T12:55:26.754Z,1,2,false
2019-07-14T12:55:34.525Z,1,3,false
2019-07-14T12:55:44.667Z,1,4,false
2019-07-14T12:55:55.731Z,1,5,false
2019-07-14T12:56:05.944Z,1,6,false
2019-07-14T12:56:16.613Z,1,7,false
2019-07-14T12:56:26.549Z,1,8,false
2019-07-14T12:56:35.212Z,1,9,false
2019-07-14T12:57:15.316Z,1,1,false
2019-07-14T12:57:24.428Z,1,2,false
2019-07-14T12:57:33.631Z,1,3,false
2019-07-14T12:57:42.166Z,1,4,false
2019-07-14T12:57:51.410Z,1,5,false
2019-07-14T12:58:02.225Z,1,6,false
2019-07-14T12:58:12.415Z,1,7,false
2019-07-14T12:58:22.260Z,1,8,false
2019-07-14T12:58:32.766Z,1,9,false
2019-07-14T12:59:13.604Z,1,1,false
2019-07-14T12:59:23.258Z,1,2,false
2019-07-14T12:59:31.019Z,1,3,false
2019-07-14T12:59:39.581Z,1,4,false
2019-07-14T12:59:50.217Z,1,5,false
2019-07-14T13:00:01.216Z,1,6,false
2019-07-14T13:00:11.876Z,1,7,false
2019-07-14T13:00:21.498Z,1,8,false
2019-07-14T13:00:32.411Z,1,9,false
2019-07-14T13:01:13.266Z,1,1,false
2019-07-14T13:01:22.598Z,1,2,false
2019-07-14T13:01:30.446Z,1,3,false
2019-07-14T13:01:38.933Z,1,4,false
2019-07-14T13:01:49.526Z,1,5,false
2019-07-14T13:01:59.194Z,1,6,false
2019-07-14T13:02:08.714Z,1,7,false
2019-07-14T13:02:18.807Z,1,8,false
2019-07-14T13:02:29.292Z,1,9,false
2019-07-14T13:03:08.402Z,1,1,false
2019-07-14T13:03:16.432Z,1,2,false
2019-07-14T13:03:24.237Z,1,3,false
2019-07-14T13:03:32.722Z,1,4,false
2019-07-14T13:03:41.470Z,1,5,false
2019-07-14T13:03:52.386Z,1,6,false
2019-07-14T13:04:02.495Z,1,7,false
2019-07-14T13:04:12.978Z,1,8,false
2019-07-14T13:04:23.994Z,1,9,false
2019-07-14T13:05:04.989Z,1,1,false
2019-07-14T13:05:14.925Z,1,2,false
2019-07-14T13:05:22.734Z,1,3,false
2019-07-14T13:05:32.866Z,1,4,false
2019-07-14T13:05:41.589Z,1,5,false
2019-07-14T13:05:52.455Z,1,6,false
2019-07-14T13:06:02.218Z,1,7,false
2019-07-14T13:06:12.722Z,1,8,false
2019-07-14T13:06:23.687Z,1,9,false
2019-07-14T13:07:04.525Z,1,1,false
2019-07-14T13:07:15.197Z,1,2,false
2019-07-14T13:07:24.822Z,1,3,false
2019-07-14T13:07:34.185Z,1,4,false
2019-07-14T13:07:44.568Z,1,5,false
2019-07-14T13:07:55.043Z,1,6,false
2019-07-14T13:08:05.549Z,1,7,false
2019-07-14T13:08:15.862Z,1,8,false
2019-07-14T13:08:26.692Z,1,9,false
2019-07-14T13:09:07.197Z,1,1,false
2019-07-14T13:09:15.237Z,1,2,false
2019-07-14T13:09:23.085Z,1,3,false
2019-07-14T13:09:32.611Z,1,4,false
2019-07-14T13:09:41.316Z,1,5,false
2019-07-14T13:09:52.351Z,1,6,false
2019-07-14T13:10:02.826Z,1,7,false
2019-07-14T13:10:13.318Z,1,8,false
2019-07-14T13:10:24.240Z,1,9,false
2019-07-14T13:11:05.079Z,1,1,false
2019-07-14T13:11:15.318Z,1,2,false
2019-07-14T13:11:23.124Z,1,3,false
2019-07-14T13:11:31.654Z,1,4,false
2019-07-14T13:11:40.389Z,1,5,false
2019-07-14T13:11:51.321Z,1,6,false
2019-07-14T13:12:00.555Z,1,7,false
2019-07-14T13:12:09.692Z,1,8,false
2019-07-14T13:12:19.720Z,1,9,false
2019-07-14T13:12:59.561Z,1,1,false
2019-07-14T13:13:10.196Z,1,2,false
2019-07-14T13:13:17.999Z,1,3,false
2019-07-14T13:13:26.911Z,1,4,false
2019-07-14T13:13:37.238Z,1,5,false
2019-07-14T13:13:45.491Z,1,6,false
2019-07-14T13:13:56.428Z,1,7,false
2019-07-14T13:14:06.966Z,1,8,false
2019-07-14T13:14:17.293Z,1,9,false
2019-07-14T13:14:57.911Z,1,1,false
2019-07-14T13:15:08.373Z,1,2,false
2019-07-14T13:15:18.483Z,1,3,false
2019-07-14T13:15:27.013Z,1,4,false
2019-07-14T13:15:35.799Z,1,5,false
2019-07-14T13:15:44.071Z,1,6,false
2019-07-14T13:15:55.155Z,1,7,false
2019-07-14T13:16:05.750Z,1,8,false
2019-07-14T13:16:16.718Z,1,9,false
2019-07-14T13:16:57.654Z,1,1,false
2019-07-14T13:17:08.400Z,1,2,false
2019-07-14T13:17:18.815Z,1,3,false
2019-07-14T13:17:27.345Z,1,4,false
2019-07-14T13:17:36.037Z,1,5,false
2019-07-14T13:17:44.306Z,1,6,false
2019-07-14T13:17:53.587Z,1,7,false
2019-07-14T13:18:02.252Z,1,8,false
2019-07-14T13:18:12.679Z,1,9,false
2019-07-14T13:18:53.103Z,1,1,false
2019-07-14T13:19:03.870Z,1,2,false
2019-07-14T13:19:13.645Z,1,3,false
2019-07-14T13:19:22.292Z,1,4,false
2019-07-14T13:19:31.063Z,1,5,false
2019-07-14T13:19:39.333Z,1,6,false
2019-07-14T13:19:49.986Z,1,7,false
2019-07-14T13:19:59.921Z,1,8,false
2019-07-14T13:20:08.868Z,1,9,false
2019-07-14T13:20:49.099Z,1,1,false
2019-07-14T13:20:57.849Z,1,2,false
2019-07-14T13:21:06.158Z,1,3,false
2019-07-14T13:21:16.248Z,1,4,false
2019-07-14T13:21:24.994Z,1,5,false
2019-07-14T13:21:34.527Z,1,6,false
2019-07-14T13:21:42.974Z,1,7,false
2019-07-14T13:21:53.695Z,1,8,false
2019-07-14T13:22:04.731Z,1,9,false
2019-07-14T13:22:45.651Z,1,1,false
2019-07-14T13:22:55.343Z,1,2,false
2019-07-14T13:23:05.462Z,1,3,false
2019-07-14T13:23:15.632Z,1,4,false
2019-07-14T13:23:25.155Z,1,5,false
2019-07-14T13:23:33.415Z,1,6,false
2019-07-14T13:23:43.385Z,1,7,false
2019-07-14T13:23:54.153Z,1,8,false
2019-07-14T13:24:05.133Z,1,9,false
2019-07-14T13:24:45.988Z,1,1,false
2019-07-14T13:24:56.523Z,1,2,false
2019-07-14T13:25:06.652Z,1,3,false
2019-07-14T13:25:16.800Z,1,4,false
2019-07-14T13:25:25.926Z,1,5,false
2019-07-14T13:25:34.258Z,1,6,false
2019-07-14T13:25:44.300Z,1,7,false
2019-07-14T13:25:55.123Z,1,8,false
2019-07-14T13:26:05.848Z,1,9,false
2019-07-14T13:26:46.825Z,1,1,false
2019-07-14T13:26:57.209Z,1,2,false
2019-07-14T13:27:06.903Z,1,3,false
2019-07-14T13:27:17.310Z,1,4,false
2019-07-14T13:27:26.065Z,1,5,false
2019-07-14T13:27:34.293Z,1,6,false
2019-07-14T13:27:44.317Z,1,7,false
2019-07-14T13:27:54.948Z,1,8,false
2019-07-14T13:28:05.313Z,1,9,false
2019-07-14T13:28:45.287Z,1,1,false
2019-07-14T13:28:55.085Z,1,2,false
2019-07-14T13:29:04.923Z,1,3,false
2019-07-14T13:29:15.108Z,1,4,false
2019-07-14T13:29:24.757Z,1,5,false
2019-07-14T13:29:33.067Z,1,6,false
2019-07-14T13:29:41.415Z,1,7,false
2019-07-14T13:29:52.177Z,1,8,false
2019-07-14T13:30:03.182Z,1,9,false
2019-07-14T13:30:44.028Z,1,1,false
2019-07-14T13:30:54.426Z,1,2,false
2019-07-14T13:31:04.812Z,1,3,false
2019-07-14T13:31:13.315Z,1,4,false
2019-07-14T13:31:22.064Z,1,5,false
2019-07-14T13:31:30.320Z,1,6,false
2019-07-14T13:31:38.801Z,1,7,false
2019-07-14T13:31:49.577Z,1,8,false
2019-07-14T13:32:00.482Z,1,9,false
2019-07-14T13:32:41.108Z,1,1,false
2019-07-14T13:32:51.615Z,1,2,false
2019-07-14T13:33:01.352Z,1,3,false
2019-07-14T13:33:11.519Z,1,4,false
2019-07-14T13:33:20.820Z,1,5,false
2019-07-14T13:33:30.760Z,1,6,false
2019-07-14T13:33:39.127Z,1,7,false
2019-07-14T13:33:49.766Z,1,8,false
2019-07-14T13:33:59.751Z,1,9,false
2019-07-14T13:34:40.073Z,1,1,false
2019-07-14T13:34:50.681Z,1,2,false
2019-07-14T13:35:00.414Z,1,3,false
2019-07-14T13:35:10.840Z,1,4,false
2019-07-14T13:35:19.551Z,1,5,false
2019-07-14T13:35:27.801Z,1,6,false
2019-07-14T13:35:36.173Z,1,7,false
2019-07-14T13:35:46.986Z,1,8,false
2019-07-14T13:35:58.033Z,1,9,false
2019-07-14T13:36:38.919Z,1,1,false
2019-07-14T13:36:49.547Z,1,2,false
2019-07-14T13:36:58.933Z,1,3,false
2019-07-14T13:37:07.629Z,1,4,false
2019-07-14T13:37:16.343Z,1,5,false
2019-07-14T13:37:24.588Z,1,6,false
2019-07-14T13:37:32.966Z,1,7,false
2019-07-14T13:37:42.942Z,1,8,false
2019-07-14T13:37:53.435Z,1,9,false
2019-07-14T13:38:34.280Z,1,1,false
2019-07-14T13:38:43.947Z,1,2,false
2019-07-14T13:38:53.724Z,1,3,false
2019-07-14T13:39:04.000Z,1,4,false
2019-07-14T13:39:14.351Z,1,5,false
2019-07-14T13:39:24.293Z,1,6,false
2019-07-14T13:39:32.645Z,1,7,false
2019-07-14T13:39:43.352Z,1,8,false
2019-07-14T13:39:54.364Z,1,9,false
2019-07-14T13:40:35.206Z,1,1,false
2019-07-14T13:40:44.948Z,1,2,false
2019-07-14T13:40:54.715Z,1,3,false
2019-07-14T13:41:05.770Z,1,4,false
2019-07-14T13:41:14.525Z,1,5,false
2019-07-14T13:41:22.816Z,1,6,false
2019-07-14T13:41:31.182Z,1,7,false
2019-07-14T13:41:40.282Z,1,8,false
2019-07-14T13:41:51.349Z,1,9,false
2019-07-14T13:42:32.314Z,1,1,false
2019-07-14T13:42:42.583Z,1,2,false
2019-07-14T13:42:51.876Z,1,3,false
2019-07-14T13:43:02.776Z,1,4,false
2019-07-14T13:43:11.545Z,1,5,false
2019-07-14T13:43:19.813Z,1,6,false
2019-07-14T13:43:28.234Z,1,7,false
2019-07-14T13:43:36.208Z,1,8,false
2019-07-14T13:43:47.235Z,1,9,false
2019-07-14T13:44:28.229Z,1,1,false
2019-07-14T13:44:38.797Z,1,2,false
2019-07-14T13:44:49.242Z,1,3,false
2019-07-14T13:44:59.953Z,1,4,false
2019-07-14T13:45:10.430Z,1,5,false
2019-07-14T13:45:18.672Z,1,6,false
2019-07-14T13:45:27.101Z,1,7,false
2019-07-14T13:45:35.095Z,1,8,false
2019-07-14T13:45:45.866Z,1,9,false
2019-07-14T13:46:26.521Z,1,1,false
2019-07-14T13:46:37.307Z,1,2,false
2019-07-14T13:46:47.846Z,1,3,false
2019-07-14T13:46:58.426Z,1,4,false
2019-07-14T13:47:08.960Z,1,5,false
2019-07-14T13:47:17.151Z,1,6,false
2019-07-14T13:47:25.666Z,1,7,false
2019-07-14T13:47:33.654Z,1,8,false
2019-07-14T13:47:44.567Z,1,9,false
2019-07-14T13:48:25.493Z,1,1,false
2019-07-14T13:48:35.255Z,1,2,false
2019-07-14T13:48:45.763Z,1,3,false
2019-07-14T13:48:56.959Z,1,4,false
2019-07-14T13:49:08.256Z,1,5,false
2019-07-14T13:49:16.504Z,1,6,false
2019-07-14T13:49:25.416Z,1,7,false
2019-07-14T13:49:33.424Z,1,8,false
2019-07-14T13:49:44.269Z,1,9,false
2019-07-14T13:50:23.928Z,1,1,false
2019-07-14T13:50:34.178Z,1,2,false
2019-07-14T13:50:44.550Z,1,3,false
2019-07-14T13:50:55.773Z,1,4,false
2019-07-14T13:51:06.603Z,1,5,false
2019-07-14T13:51:14.832Z,1,6,false
2019-07-14T13:51:23.173Z,1,7,false
2019-07-14T13:51:31.171Z,1,8,false
2019-07-14T13:51:39.500Z,1,9,false
2019-07-14T13:52:20.458Z,1,1,false
2019-07-14T13:52:31.226Z,1,2,false
2019-07-14T13:52:41.707Z,1,3,false
2019-07-14T13:52:52.962Z,1,4,false
2019-07-14T13:53:04.256Z,1,5,false
2019-07-14T13:53:14.157Z,1,6,false
2019-07-14T13:53:22.878Z,1,7,false
2019-07-14T13:53:32.502Z,1,8,false
2019-07-14T13:53:40.721Z,1,9,false
2019-07-14T13:54:21.781Z,1,1,false
2019-07-14T13:54:32.031Z,1,2,false
2019-07-14T13:54:42.540Z,1,3,false
2019-07-14T13:54:53.183Z,1,4,false
2019-07-14T13:55:03.613Z,1,5,false
2019-07-14T13:55:13.942Z,1,6,false
2019-07-14T13:55:22.307Z,1,7,false
2019-07-14T13:55:30.309Z,1,8,false
2019-07-14T13:55:39.021Z,1,9,false
2019-07-14T13:56:18.821Z,1,1,false
2019-07-14T13:56:29.721Z,1,2,false
2019-07-14T13:56:39.736Z,1,3,false
2019-07-14T13:56:50.531Z,1,4,false
2019-07-14T13:57:01.887Z,1,5,false
2019-07-14T13:57:11.391Z,1,6,false
2019-07-14T13:57:19.816Z,1,7,false
2019-07-14T13:57:27.787Z,1,8,false
2019-07-14T13:57:36.078Z,1,9,false
2019-07-14T13:58:14.290Z,1,1,false
2019-07-14T13:58:23.682Z,1,2,false
2019-07-14T13:58:32.985Z,1,3,false
2019-07-14T13:58:43.523Z,1,4,false
2019-07-14T13:58:54.217Z,1,5,false
2019-07-14T13:59:04.734Z,1,6,false
2019-07-14T13:59:13.453Z,1,7,false
2019-07-14T13:59:23.081Z,1,8,false
2019-07-14T13:59:31.697Z,1,9,false
2019-07-14T14:00:09.935Z,1,1,false
2019-07-14T14:00:20.262Z,1,2,false
2019-07-14T14:00:29.711Z,1,3,false
2019-07-14T14:00:40.836Z,1,4,false
2019-07-14T14:00:51.460Z,1,5,false
2019-07-14T14:01:01.035Z,1,6,false
2019-07-14T14:01:11.416Z,1,7,false
2019-07-14T14:01:19.395Z,1,8,false
2019-07-14T14:01:28.313Z,1,9,false
2019-07-14T14:02:06.564Z,1,1,false
2019-07-14T14:02:16.512Z,1,2,false
2019-07-14T14:02:26.506Z,1,3,false
2019-07-14T14:02:37.325Z,1,4,false
2019-07-14T14:02:47.308Z,1,5,false
2019-07-14T14:02:56.201Z,1,6,false
2019-07-14T14:03:06.548Z,1,7,false
2019-07-14T14:03:16.197Z,1,8,false
2019-07-14T14:03:24.453Z,1,9,false
2019-07-14T14:04:02.691Z,1,1,false
2019-07-14T14:04:13.398Z,1,2,false
2019-07-14T14:04:23.911Z,1,3,false
2019-07-14T14:04:34.146Z,1,4,false
2019-07-14T14:04:44.705Z,1,5,false
2019-07-14T14:04:54.572Z,1,6,false
2019-07-14T14:05:05.237Z,1,7,false
2019-07-14T14:05:13.221Z,1,8,false
2019-07-14T14:05:21.980Z,1,9,false
2019-07-14T14:06:00.238Z,1,1,false
2019-07-14T14:06:10.973Z,1,2,false
2019-07-14T14:06:20.628Z,1,3,false
2019-07-14T14:06:31.761Z,1,4,false
2019-07-14T14:06:42.618Z,1,5,false
2019-07-14T14:06:53.436Z,1,6,false
2019-07-14T14:07:04.409Z,1,7,false
2019-07-14T14:07:12.411Z,1,8,false
2019-07-14T14:07:20.797Z,1,9,false
2019-07-14T14:07:59.025Z,1,1,false
2019-07-14T14:08:09.188Z,1,2,false
2019-07-14T14:08:19.315Z,1,3,false
2019-07-14T14:08:29.602Z,1,4,false
2019-07-14T14:08:38.424Z,1,5,false
2019-07-14T14:08:47.194Z,1,6,false
2019-07-14T14:08:57.766Z,1,7,false
2019-07-14T14:09:07.449Z,1,8,false
2019-07-14T14:09:17.379Z,1,9,false
2019-07-14T14:09:57.255Z,1,1,false
2019-07-14T14:10:07.649Z,1,2,false
2019-07-14T14:10:17.587Z,1,3,false
2019-07-14T14:10:27.373Z,1,4,false
2019-07-14T14:10:37.838Z,1,5,false
2019-07-14T14:10:47.803Z,1,6,false
2019-07-14T14:10:56.766Z,1,7,false
2019-07-14T14:11:06.217Z,1,8,false
2019-07-14T14:11:14.480Z,1,9,false
2019-07-14T14:11:52.747Z,1,1,false
2019-07-14T14:12:12.506Z,1,2,false
2019-07-14T14:12:35.239Z,1,3,false
2019-07-14T14:12:46.544Z,1,4,false
2019-07-14T14:12:57.136Z,1,5,false
2019-07-14T14:13:08.086Z,1,6,false
2019-07-14T14:13:19.210Z,1,7,false
2019-07-14T14:13:28.819Z,1,8,false
2019-07-14T14:13:38.260Z,1,9,false
2019-07-14T14:14:18.066Z,1,1,false
2019-07-14T14:14:28.857Z,1,2,false
2019-07-14T14:14:39.211Z,1,3,false
2019-07-14T14:14:50.043Z,1,4,false
2019-07-14T14:15:01.014Z,1,5,false
2019-07-14T14:15:11.785Z,1,6,false
2019-07-14T14:15:22.579Z,1,7,false
2019-07-14T14:15:30.545Z,1,8,false
2019-07-14T14:15:38.837Z,1,9,false
2019-07-14T14:16:18.257Z,1,1,false
2019-07-14T14:16:27.144Z,1,2,false
2019-07-14T14:16:35.130Z,1,3,false
2019-07-14T14:16:45.504Z,1,4,false
2019-07-14T14:16:56.293Z,1,5,false
2019-07-14T14:17:06.435Z,1,6,false
2019-07-14T14:17:16.281Z,1,7,false
2019-07-14T14:17:26.379Z,1,8,false
2019-07-14T14:17:37.019Z,1,9,false
2019-07-14T14:18:15.959Z,1,1,false
2019-07-14T14:18:26.415Z,1,2,false
2019-07-14T14:18:36.601Z,1,3,false
2019-07-14T14:18:47.060Z,1,4,false
2019-07-14T14:18:57.367Z,1,5,false
2019-07-14T14:19:08.219Z,1,6,false
2019-07-14T14:19:18.505Z,1,7,false
2019-07-14T14:19:26.481Z,1,8,false
2019-07-14T14:19:35.919Z,1,9,false
2019-07-14T14:20:15.568Z,1,1,false
2019-07-14T14:20:24.593Z,1,2,false
2019-07-14T14:20:34.528Z,1,3,false
2019-07-14T14:20:45.342Z,1,4,false
2019-07-14T14:20:56.312Z,1,5,false
2019-07-14T14:21:06.923Z,1,6,false
2019-07-14T14:21:17.442Z,1,7,false
2019-07-14T14:21:25.413Z,1,8,false
2019-07-14T14:21:34.217Z,1,9,false
2019-07-14T14:22:12.456Z,1,1,false
2019-07-14T14:22:22.163Z,1,2,false
2019-07-14T14:22:31.659Z,1,3,false
2019-07-14T14:22:42.456Z,1,4,false
2019-07-14T14:22:51.792Z,1,5,false
2019-07-14T14:23:01.736Z,1,6,false
2019-07-14T14:23:11.764Z,1,7,false
2019-07-14T14:23:21.385Z,1,8,false
2019-07-14T14:23:29.692Z,1,9,false
2019-07-14T14:24:09.592Z,1,1,false
2019-07-14T14:24:20.319Z,1,2,false
2019-07-14T14:24:30.385Z,1,3,false
2019-07-14T14:24:41.097Z,1,4,false
2019-07-14T14:24:52.429Z,1,5,false
2019-07-14T14:25:03.177Z,1,6,false
2019-07-14T14:25:13.595Z,1,7,false
2019-07-14T14:25:23.837Z,1,8,false
2019-07-14T14:25:33.678Z,1,9,false
2019-07-14T14:26:11.900Z,1,1,false
2019-07-14T14:26:22.519Z,1,2,false
2019-07-14T14:26:32.575Z,1,3,false
2019-07-14T14:26:43.574Z,1,4,false
2019-07-14T14:26:54.054Z,1,5,false
2019-07-14T14:27:04.458Z,1,6,false
2019-07-14T14:27:15.082Z,1,7,false
2019-07-14T14:27:25.007Z,1,8,false
2019-07-14T14:27:33.556Z,1,9,false
2019-07-14T14:28:13.474Z,1,1,false
2019-07-14T14:28:23.542Z,1,2,false
2019-07-14T14:28:33.826Z,1,3,false
2019-07-14T14:28:43.249Z,1,4,false
2019-07-14T14:28:52.860Z,1,5,false
2019-07-14T14:29:02.070Z,1,6,false
2019-07-14T14:29:12.664Z,1,7,false
2019-07-14T14:29:22.243Z,1,8,false
2019-07-14T14:29:30.535Z,1,9,false
2019-07-14T14:30:08.772Z,1,1,false
2019-07-14T14:30:19.373Z,1,2,false
2019-07-14T14:30:29.008Z,1,3,false
2019-07-14T14:30:39.428Z,1,4,false
2019-07-14T14:30:50.594Z,1,5,false
2019-07-14T14:31:00.622Z,1,6,false
2019-07-14T14:31:10.182Z,1,7,false
2019-07-14T14:31:19.854Z,1,8,false
2019-07-14T14:31:29.540Z,1,9,false
2019-07-14T14:32:07.775Z,1,1,false
2019-07-14T14:32:16.957Z,1,2,false
2019-07-14T14:32:26.824Z,1,3,false
2019-07-14T14:32:37.574Z,1,4,false
2019-07-14T14:32:48.595Z,1,5,false
2019-07-14T14:32:58.882Z,1,6,false
2019-07-14T14:33:08.889Z,1,7,false
2019-07-14T14:33:18.632Z,1,8,false
2019-07-14T14:33:28.443Z,1,9,false
2019-07-14T14:34:06.776Z,1,1,false
2019-07-14T14:34:16.559Z,1,2,false
2019-07-14T14:34:25.558Z,1,3,false
2019-07-14T14:34:36.102Z,1,4,false
2019-07-14T14:34:47.076Z,1,5,false
2019-07-14T14:34:57.528Z,1,6,false
2019-07-14T14:35:08.106Z,1,7,false
2019-07-14T14:35:18.237Z,1,8,false
2019-07-14T14:35:26.738Z,1,9,false
2019-07-14T14:36:05.013Z,1,1,false
2019-07-14T14:36:15.238Z,1,2,false
2019-07-14T14:36:24.030Z,1,3,false
2019-07-14T14:36:34.807Z,1,4,false
2019-07-14T14:36:45.252Z,1,5,false
2019-07-14T14:36:55.093Z,1,6,false
2019-07-14T14:37:04.145Z,1,7,false
2019-07-14T14:37:12.752Z,1,8,false
2019-07-14T14:37:23.051Z,1,9,false
2019-07-14T14:38:01.253Z,1,1,false
2019-07-14T14:38:11.613Z,1,2,false
2019-07-14T14:38:20.933Z,1,3,false
2019-07-14T14:38:31.286Z,1,4,false
2019-07-14T14:38:42.393Z,1,5,false
2019-07-14T14:38:51.851Z,1,6,false
2019-07-14T14:39:02.223Z,1,7,false
2019-07-14T14:39:12.741Z,1,8,false
2019-07-14T14:39:22.081Z,1,9,false
2019-07-14T14:40:00.319Z,1,1,false
2019-07-14T14:40:10.455Z,1,2,false
2019-07-14T14:40:19.797Z,1,3,false
2019-07-14T14:40:29.447Z,1,4,false
2019-07-14T14:40:39.974Z,1,5,false
2019-07-14T14:40:50.383Z,1,6,false
2019-07-14T14:41:00.992Z,1,7,false
2019-07-14T14:41:11.117Z,1,8,false
2019-07-14T14:41:22.078Z,1,9,false
2019-07-14T14:42:00.306Z,1,1,false
2019-07-14T14:42:11.059Z,1,2,false
2019-07-14T14:42:21.541Z,1,3,false
2019-07-14T14:42:32.417Z,1,4,false
2019-07-14T14:42:43.193Z,1,5,false
2019-07-14T14:42:53.754Z,1,6,false
2019-07-14T14:43:04.729Z,1,7,false
2019-07-14T14:43:15.469Z,1,8,false
2019-07-14T14:43:26.362Z,1,9,false
2019-07-14T14:44:05.166Z,1,1,false
2019-07-14T14:44:14.031Z,1,2,false
2019-07-14T14:44:23.862Z,1,3,false
2019-07-14T14:44:33.527Z,1,4,false
2019-07-14T14:44:44.087Z,1,5,false
2019-07-14T14:44:54.345Z,1,6,false
2019-07-14T14:45:04.237Z,1,7,false
2019-07-14T14:45:14.760Z,1,8,false
2019-07-14T14:45:24.794Z,1,9,false
2019-07-14T14:46:03.398Z,1,1,false
2019-07-14T14:46:13.671Z,1,2,false
2019-07-14T14:46:23.206Z,1,3,false
2019-07-14T14:46:32.057Z,1,4,false
2019-07-14T14:46:42.547Z,1,5,false
2019-07-14T14:46:51.489Z,1,6,false
2019-07-14T14:47:02.007Z,1,7,false
2019-07-14T14:47:11.518Z,1,8,false
2019-07-14T14:47:22.190Z,1,9,false
2019-07-14T14:48:00.799Z,1,1,false
2019-07-14T14:48:10.902Z,1,2,false
2019-07-14T14:48:20.305Z,1,3,false
2019-07-14T14:48:30.934Z,1,4,false
2019-07-14T14:48:41.881Z,1,5,false
2019-07-14T14:48:52.175Z,1,6,false
2019-07-14T14:49:02.745Z,1,7,false
2019-07-14T14:49:11.664Z,1,8,false
2019-07-14T14:49:21.652Z,1,9,false
2019-07-14T14:50:01.591Z,1,1,false
2019-07-14T14:50:11.217Z,1,2,false
2019-07-14T14:50:21.290Z,1,3,false
2019-07-14T14:50:32.020Z,1,4,false
2019-07-14T14:50:42.569Z,1,5,false
2019-07-14T14:50:51.584Z,1,6,false
2019-07-14T14:51:02.416Z,1,7,false
2019-07-14T14:51:11.516Z,1,8,false
2019-07-14T14:51:21.839Z,1,9,false
2019-07-14T14:52:02.221Z,1,1,false
2019-07-14T14:52:11.927Z,1,2,false
2019-07-14T14:52:22.061Z,1,3,false
2019-07-14T14:52:32.935Z,1,4,false
2019-07-14T14:52:43.201Z,1,5,false
2019-07-14T14:52:53.648Z,1,6,false
2019-07-14T14:53:03.720Z,1,7,false
2019-07-14T14:53:14.116Z,1,8,false
2019-07-14T14:53:24.899Z,1,9,false
2019-07-14T14:54:05.111Z,1,1,false
2019-07-14T14:54:14.615Z,1,2,false
2019-07-14T14:54:24.724Z,1,3,false
2019-07-14T14:54:34.264Z,1,4,false
2019-07-14T14:54:43.742Z,1,5,false
2019-07-14T14:54:53.947Z,1,6,false
2019-07-14T14:55:04.715Z,1,7,false
2019-07-14T14:55:14.582Z,1,8,false
2019-07-14T14:55:23.556Z,1,9,false
2019-07-14T14:56:03.894Z,1,1,false
2019-07-14T14:56:13.177Z,1,2,false
2019-07-14T14:56:22.965Z,1,3,false
2019-07-14T14:56:33.423Z,1,4,false
2019-07-14T14:56:43.552Z,1,5,false
2019-07-14T14:56:53.807Z,1,6,false
2019-07-14T14:57:04.736Z,1,7,false
2019-07-14T14:57:15.430Z,1,8,false
2019-07-14T14:57:25.845Z,1,9,false
2019-07-14T14:58:05.757Z,1,1,false
2019-07-14T14:58:16.181Z,1,2,false
2019-07-14T14:58:24.806Z,1,3,false
2019-07-14T14:58:33.890Z,1,4,false
2019-07-14T14:58:43.654Z,1,5,false
2019-07-14T14:58:55.216Z,1,6,false
2019-07-14T14:59:06.125Z,1,7,false
2019-07-14T14:59:15.237Z,1,8,false
2019-07-14T14:59:25.249Z,1,9,false
2019-07-14T15:00:05.265Z,1,1,false
2019-07-14T15:00:15.059Z,1,2,false
2019-07-14T15:00:23.803Z,1,3,false
2019-07-14T15:00:34.041Z,1,4,false
2019-07-14T15:00:44.775Z,1,5,false
2019-07-14T15:00:55.518Z,1,6,false
2019-07-14T15:01:05.845Z,1,7,false
2019-07-14T15:01:14.272Z,1,8,false
2019-07-14T15:01:24.617Z,1,9,false
2019-07-14T15:02:04.467Z,1,1,false
2019-07-14T15:02:14.279Z,1,2,false
2019-07-14T15:02:24.055Z,1,3,false
2019-07-14T15:02:34.138Z,1,4,false
2019-07-14T15:02:44.695Z,1,5,false
2019-07-14T15:02:54.479Z,1,6,false
2019-07-14T15:03:04.788Z,1,7,false
2019-07-14T15:03:13.251Z,1,8,false
2019-07-14T15:03:23.570Z,1,9,false
2019-07-14T15:04:03.478Z,1,1,false
2019-07-14T15:04:13.025Z,1,2,false
2019-07-14T15:04:22.503Z,1,3,false
2019-07-14T15:04:32.734Z,1,4,false
2019-07-14T15:04:43.924Z,1,5,false
2019-07-14T15:04:52.912Z,1,6,false
2019-07-14T15:05:03.132Z,1,7,false
2019-07-14T15:05:13.553Z,1,8,false
2019-07-14T15:05:22.267Z,1,9,false
2019-07-14T15:06:02.230Z,1,1,false
2019-07-14T15:06:12.391Z,1,2,false
2019-07-14T15:06:22.568Z,1,3,false
2019-07-14T15:06:32.724Z,1,4,false
2019-07-14T15:06:44.064Z,1,5,false
2019-07-14T15:06:55.017Z,1,6,false
2019-07-14T15:07:05.926Z,1,7,false
2019-07-14T15:07:15.647Z,1,8,false
2019-07-14T15:07:25.771Z,1,9,false
2019-07-14T15:08:06.300Z,1,1,false
2019-07-14T15:08:16.068Z,1,2,false
2019-07-14T15:08:26.520Z,1,3,false
2019-07-14T15:08:37.369Z,1,4,false
2019-07-14T15:08:48.768Z,1,5,false
2019-07-14T15:08:58.674Z,1,6,false
2019-07-14T15:09:09.057Z,1,7,false
2019-07-14T15:09:18.662Z,1,8,false
2019-07-14T15:09:29.194Z,1,9,false
2019-07-14T15:10:09.113Z,1,1,false
2019-07-14T15:10:18.729Z,1,2,false
2019-07-14T15:10:28.902Z,1,3,false
2019-07-14T15:10:38.992Z,1,4,false
2019-07-14T15:10:49.367Z,1,5,false
2019-07-14T15:10:59.170Z,1,6,false
2019-07-14T15:11:09.141Z,1,7,false
2019-07-14T15:11:19.622Z,1,8,false
2019-07-14T15:11:28.966Z,1,9,false
2019-07-14T15:12:09.208Z,1,1,false
2019-07-14T15:12:18.980Z,1,2,false
2019-07-14T15:12:28.145Z,1,3,false
2019-07-14T15:12:38.348Z,1,4,false
2019-07-14T15:12:48.744Z,1,5,false
2019-07-14T15:12:59.094Z,1,6,false
2019-07-14T15:13:09.791Z,1,7,false
2019-07-14T15:13:19.435Z,1,8,false
2019-07-14T15:13:30.137Z,1,9,false
2019-07-14T15:14:10.371Z,1,1,false
2019-07-14T15:14:20.361Z,1,2,false
2019-07-14T15:14:30.567Z,1,3,false
2019-07-14T15:14:40.849Z,1,4,false
2019-07-14T15:14:51.038Z,1,5,false
2019-07-14T15:15:01.312Z,1,6,false
2019-07-14T15:15:11.553Z,1,7,false
2019-07-14T15:15:21.508Z,1,8,false
2019-07-14T15:15:32.471Z,1,9,false
2019-07-14T15:16:13.141Z,1,1,false
2019-07-14T15:16:23.550Z,1,2,false
2019-07-14T15:16:33.644Z,1,3,false
2019-07-14T15:16:44.880Z,1,4,false
2019-07-14T15:16:56.525Z,1,5,false
2019-07-14T15:17:07.091Z,1,6,false
2019-07-14T15:17:17.657Z,1,7,false
2019-07-14T15:17:28.043Z,1,8,false
2019-07-14T15:17:38.432Z,1,9,false
2019-07-14T15:18:19.390Z,1,1,false
2019-07-14T15:18:29.924Z,1,2,false
2019-07-14T15:18:39.395Z,1,3,false
2019-07-14T15:18:49.871Z,1,4,false
2019-07-14T15:19:00.350Z,1,5,false
2019-07-14T15:19:11.034Z,1,6,false
2019-07-14T15:19:21.886Z,1,7,false
2019-07-14T15:19:31.999Z,1,8,false
2019-07-14T15:19:41.665Z,1,9,false
2019-07-14T15:20:21.005Z,1,1,false
2019-07-14T15:20:29.599Z,1,2,false
2019-07-14T15:20:39.058Z,1,3,false
2019-07-14T15:20:50.023Z,1,4,false
2019-07-14T15:21:00.971Z,1,5,false
2019-07-14T15:21:11.009Z,1,6,false
2019-07-14T15:21:21.506Z,1,7,false
2019-07-14T15:21:31.729Z,1,8,false
2019-07-14T15:21:42.075Z,1,9,false
2019-07-14T15:22:23.050Z,1,1,false
2019-07-14T15:22:32.749Z,1,2,false
2019-07-14T15:22:42.196Z,1,3,false
2019-07-14T15:22:53.167Z,1,4,false
2019-07-14T15:23:04.125Z,1,5,false
2019-07-14T15:23:13.930Z,1,6,false
2019-07-14T15:23:24.861Z,1,7,false
2019-07-14T15:23:35.124Z,1,8,false
2019-07-14T15:23:45.709Z,1,9,false
2019-07-14T15:24:24.013Z,1,1,false
2019-07-14T15:24:33.788Z,1,2,false
2019-07-14T15:24:42.379Z,1,3,false
2019-07-14T15:24:51.588Z,1,4,false
2019-07-14T15:25:02.159Z,1,5,false
2019-07-14T15:25:12.609Z,1,6,false
2019-07-14T15:25:23.037Z,1,7,false
2019-07-14T15:25:33.446Z,1,8,false
2019-07-14T15:25:43.389Z,1,9,false
2019-07-14T15:26:21.915Z,1,1,false
2019-07-14T15:26:33.004Z,1,2,false
2019-07-14T15:26:42.363Z,1,3,false
2019-07-14T15:26:53.129Z,1,4,false
2019-07-14T15:27:03.242Z,1,5,false
2019-07-14T15:27:11.948Z,1,6,false
2019-07-14T15:27:22.255Z,1,7,false
2019-07-14T15:27:31.874Z,1,8,false
2019-07-14T15:27:42.017Z,1,9,false
2019-07-14T15:28:22.486Z,1,1,false
2019-07-14T15:28:32.113Z,1,2,false
2019-07-14T15:28:41.800Z,1,3,false
2019-07-14T15:28:52.513Z,1,4,false
2019-07-14T15:29:03.045Z,1,5,false
2019-07-14T15:29:12.996Z,1,6,false
2019-07-14T15:29:23.580Z,1,7,false
2019-07-14T15:29:32.469Z,1,8,false
2019-07-14T15:29:42.485Z,1,9,false
2019-07-14T15:30:23.167Z,1,1,false
2019-07-14T15:30:33.402Z,1,2,false
2019-07-14T15:30:43.675Z,1,3,false
2019-07-14T15:30:53.363Z,1,4,false
2019-07-14T15:31:04.208Z,1,5,false
2019-07-14T15:31:12.748Z,1,6,false
2019-07-14T15:31:23.397Z,1,7,false
2019-07-14T15:31:32.013Z,1,8,false
2019-07-14T15:31:40.837Z,1,9,false
2019-07-14T15:32:21.605Z,1,1,false
2019-07-14T15:32:31.469Z,1,2,false
2019-07-14T15:32:40.874Z,1,3,false
2019-07-14T15:32:51.832Z,1,4,false
2019-07-14T15:33:02.292Z,1,5,false
2019-07-14T15:33:11.876Z,1,6,false
2019-07-14T15:33:22.658Z,1,7,false
2019-07-14T15:33:31.938Z,1,8,false
2019-07-14T15:33:42.287Z,1,9,false
2019-07-14T15:34:21.459Z,1,1,false
2019-07-14T15:34:31.725Z,1,2,false
2019-07-14T15:34:41.989Z,1,3,false
2019-07-14T15:34:52.869Z,1,4,false
2019-07-14T15:35:01.646Z,1,5,false
2019-07-14T15:35:11.729Z,1,6,false
2019-07-14T15:35:22.277Z,1,7,false
2019-07-14T15:35:31.796Z,1,8,false
2019-07-14T15:35:42.235Z,1,9,false
2019-07-14T15:36:21.327Z,1,1,false
2019-07-14T15:36:31.220Z,1,2,false
2019-07-14T15:36:40.675Z,1,3,false
2019-07-14T15:36:51.583Z,1,4,false
2019-07-14T15:37:01.972Z,1,5,false
2019-07-14T15:37:11.988Z,1,6,false
2019-07-14T15:37:22.277Z,1,7,false
2019-07-14T15:37:31.879Z,1,8,false
2019-07-14T15:37:42.248Z,1,9,false
2019-07-14T15:38:22.532Z,1,1,false
2019-07-14T15:38:31.544Z,1,2,false
2019-07-14T15:38:41.056Z,1,3,false
2019-07-14T15:38:51.525Z,1,4,false
2019-07-14T15:39:02.918Z,1,5,false
2019-07-14T15:39:13.347Z,1,6,false
2019-07-14T15:39:23.716Z,1,7,false
2019-07-14T15:39:33.594Z,1,8,false
2019-07-14T15:39:43.773Z,1,9,false
2019-07-14T15:40:23.910Z,1,1,false
2019-07-14T15:40:33.533Z,1,2,false
2019-07-14T15:40:43.026Z,1,3,false
2019-07-14T15:40:52.502Z,1,4,false
2019-07-14T15:41:01.682Z,1,5,false
2019-07-14T15:41:11.638Z,1,6,false
2019-07-14T15:41:22.075Z,1,7,false
2019-07-14T15:41:31.800Z,1,8,false
2019-07-14T15:41:42.222Z,1,9,false
2019-07-14T15:42:23.212Z,1,1,false
2019-07-14T15:42:33.786Z,1,2,false
2019-07-14T15:42:43.664Z,1,3,false
2019-07-14T15:42:54.000Z,1,4,false
2019-07-14T15:43:05.291Z,1,5,false
2019-07-14T15:43:15.950Z,1,6,false
2019-07-14T15:43:26.957Z,1,7,false
2019-07-14T15:43:37.520Z,1,8,false
2019-07-14T15:43:48.532Z,1,9,false
2019-07-14T15:44:28.581Z,1,1,false
2019-07-14T15:44:39.186Z,1,2,false
2019-07-14T15:44:49.567Z,1,3,false
2019-07-14T15:45:00.523Z,1,4,false
2019-07-14T15:45:10.989Z,1,5,false
2019-07-14T15:45:21.038Z,1,6,false
2019-07-14T15:45:31.411Z,1,7,false
2019-07-14T15:45:40.975Z,1,8,false
2019-07-14T15:45:51.798Z,1,9,false
2019-07-14T15:46:31.858Z,1,1,false
2019-07-14T15:46:40.952Z,1,2,false
2019-07-14T15:46:50.660Z,1,3,false
2019-07-14T15:47:01.094Z,1,4,false
2019-07-14T15:47:11.891Z,1,5,false
2019-07-14T15:47:21.817Z,1,6,false
2019-07-14T15:47:32.482Z,1,7,false
2019-07-14T15:47:42.148Z,1,8,false
2019-07-14T15:47:53.241Z,1,9,false
2019-07-14T15:48:33.861Z,1,1,false
2019-07-14T15:48:44.529Z,1,2,false
2019-07-14T15:48:54.948Z,1,3,false
2019-07-14T15:49:06.138Z,1,4,false
2019-07-14T15:49:17.732Z,1,5,false
2019-07-14T15:49:27.803Z,1,6,false
2019-07-14T15:49:38.667Z,1,7,false
2019-07-14T15:49:49.377Z,1,8,false
2019-07-14T15:50:00.023Z,1,9,false
2019-07-14T15:50:40.249Z,1,1,false
2019-07-14T15:50:50.465Z,1,2,false
2019-07-14T15:51:00.736Z,1,3,false
2019-07-14T15:51:10.926Z,1,4,false
2019-07-14T15:51:21.831Z,1,5,false
2019-07-14T15:51:31.825Z,1,6,false
2019-07-14T15:51:42.169Z,1,7,false
2019-07-14T15:51:51.298Z,1,8,false
2019-07-14T15:52:02.204Z,1,9,false
2019-07-14T15:52:42.159Z,1,1,false
2019-07-14T15:52:52.474Z,1,2,false
2019-07-14T15:53:02.831Z,1,3,false
2019-07-14T15:53:12.762Z,1,4,false
2019-07-14T15:53:21.560Z,1,5,false
2019-07-14T15:53:31.840Z,1,6,false
2019-07-14T15:53:41.812Z,1,7,false
2019-07-14T15:53:52.307Z,1,8,false
2019-07-14T15:54:01.239Z,1,9,false
2019-07-14T15:54:41.393Z,1,1,false
2019-07-14T15:54:51.952Z,1,2,false
2019-07-14T15:55:01.579Z,1,3,false
2019-07-14T15:55:12.235Z,1,4,false
2019-07-14T15:55:23.352Z,1,5,false
2019-07-14T15:55:33.406Z,1,6,false
2019-07-14T15:55:43.061Z,1,7,false
2019-07-14T15:55:53.237Z,1,8,false
2019-07-14T15:56:02.335Z,1,9,false
2019-07-14T15:56:42.336Z,1,1,false
2019-07-14T15:56:51.346Z,1,2,false
2019-07-14T15:57:00.921Z,1,3,false
2019-07-14T15:57:11.524Z,1,4,false
2019-07-14T15:57:21.659Z,1,5,false
2019-07-14T15:57:32.376Z,1,6,false
2019-07-14T15:57:42.943Z,1,7,false
2019-07-14T15:57:52.877Z,1,8,false
2019-07-14T15:58:03.717Z,1,9,false
2019-07-14T15:58:42.026Z,1,1,false
2019-07-14T15:58:52.230Z,1,2,false
2019-07-14T15:59:01.729Z,1,3,false
2019-07-14T15:59:12.640Z,1,4,false
2019-07-14T15:59:22.743Z,1,5,false
2019-07-14T15:59:32.576Z,1,6,false
2019-07-14T15:59:43.024Z,1,7,false
2019-07-14T15:59:53.509Z,1,8,false
2019-07-14T16:00:03.829Z,1,9,false
2019-07-14T16:00:43.920Z,1,1,false
2019-07-14T16:00:54.046Z,1,2,false
2019-07-14T16:01:03.760Z,1,3,false
2019-07-14T16:01:14.951Z,1,4,false
2019-07-14T16:01:26.469Z,1,5,false
2019-07-14T16:01:36.675Z,1,6,false
2019-07-14T16:01:47.479Z,1,7,false
2019-07-14T16:01:57.738Z,1,8,false
2019-07-14T16:02:08.735Z,1,9,false
2019-07-14T16:02:49.283Z,1,1,false
2019-07-14T16:02:58.996Z,1,2,false
2019-07-14T16:03:09.492Z,1,3,false
2019-07-14T16:03:19.992Z,1,4,false
2019-07-14T16:03:31.389Z,1,5,false
2019-07-14T16:03:41.953Z,1,6,false
2019-07-14T16:03:51.540Z,1,7,false
2019-07-14T16:04:01.718Z,1,8,false
2019-07-14T16:04:12.240Z,1,9,false
2019-07-14T16:04:52.676Z,1,1,false
2019-07-14T16:05:02.607Z,1,2,false
2019-07-14T16:05:12.602Z,1,3,false
2019-07-14T16:05:23.739Z,1,4,false
2019-07-14T16:05:34.146Z,1,5,false
2019-07-14T16:05:44.710Z,1,6,false
2019-07-14T16:05:55.440Z,1,7,false
2019-07-14T16:06:05.870Z,1,8,false
2019-07-14T16:06:14.892Z,1,9,false
2019-07-14T16:06:54.929Z,1,1,false
2019-07-14T16:07:04.974Z,1,2,false
2019-07-14T16:07:14.868Z,1,3,false
2019-07-14T16:07:24.087Z,1,4,false
2019-07-14T16:07:35.014Z,1,5,false
2019-07-14T16:07:44.623Z,1,6,false
2019-07-14T16:07:55.409Z,1,7,false
2019-07-14T16:08:05.097Z,1,8,false
2019-07-14T16:08:14.042Z,1,9,false
2019-07-14T16:08:54.071Z,1,1,false
2019-07-14T16:09:02.177Z,1,2,false
2019-07-14T16:09:11.725Z,1,3,false
2019-07-14T16:09:22.388Z,1,4,false
2019-07-14T16:09:33.033Z,1,5,false
2019-07-14T16:09:42.977Z,1,6,false
2019-07-14T16:09:53.478Z,1,7,false
2019-07-14T16:10:03.150Z,1,8,false
2019-07-14T16:10:13.138Z,1,9,false
2019-07-14T16:10:53.653Z,1,1,false
2019-07-14T16:11:03.681Z,1,2,false
2019-07-14T16:11:13.832Z,1,3,false
2019-07-14T16:11:24.272Z,1,4,false
2019-07-14T16:11:34.618Z,1,5,false
2019-07-14T16:11:44.473Z,1,6,false
2019-07-14T16:11:54.544Z,1,7,false
2019-07-14T16:12:05.065Z,1,8,false
2019-07-14T16:12:15.039Z,1,9,false
2019-07-14T16:12:54.916Z,1,1,false
2019-07-14T16:13:04.599Z,1,2,false
2019-07-14T16:13:14.243Z,1,3,false
2019-07-14T16:13:24.278Z,1,4,false
2019-07-14T16:13:34.757Z,1,5,false
2019-07-14T16:13:45.362Z,1,6,false
2019-07-14T16:13:56.230Z,1,7,false
2019-07-14T16:14:04.548Z,1,8,false
2019-07-14T16:14:15.011Z,1,9,false
2019-07-14T16:14:54.985Z,1,1,false
2019-07-14T16:15:05.510Z,1,2,false
2019-07-14T16:15:15.999Z,1,3,false
2019-07-14T16:15:25.209Z,1,4,false
2019-07-14T16:15:36.143Z,1,5,false
2019-07-14T16:15:46.013Z,1,6,false
2019-07-14T16:15:56.501Z,1,7,false
2019-07-14T16:16:06.655Z,1,8,false
2019-07-14T16:16:15.653Z,1,9,false
2019-07-14T16:16:55.605Z,1,1,false
2019-07-14T16:17:05.575Z,1,2,false
2019-07-14T16:17:13.785Z,1,3,false
2019-07-14T16:17:24.640Z,1,4,false
2019-07-14T16:17:35.159Z,1,5,false
2019-07-14T16:17:45.493Z,1,6,false
2019-07-14T16:17:56.051Z,1,7,false
2019-07-14T16:18:04.770Z,1,8,false
2019-07-14T16:18:14.839Z,1,9,false
2019-07-14T16:18:54.146Z,1,1,false
2019-07-14T16:19:03.885Z,1,2,false
2019-07-14T16:19:12.943Z,1,3,false
2019-07-14T16:19:23.887Z,1,4,false
2019-07-14T16:19:34.467Z,1,5,false
2019-07-14T16:19:44.937Z,1,6,false
2019-07-14T16:19:55.990Z,1,7,false
2019-07-14T16:20:06.146Z,1,8,false
2019-07-14T16:20:17.147Z,1,9,false
2019-07-14T16:20:57.648Z,1,1,false
2019-07-14T16:21:07.299Z,1,2,false
2019-07-14T16:21:17.064Z,1,3,false
2019-07-14T16:21:25.923Z,1,4,false
2019-07-14T16:21:36.398Z,1,5,false
2019-07-14T16:21:46.837Z,1,6,false
2019-07-14T16:21:57.214Z,1,7,false
2019-07-14T16:22:07.341Z,1,8,false
2019-07-14T16:22:18.098Z,1,9,false
2019-07-14T16:22:58.050Z,1,1,false
2019-07-14T16:23:07.710Z,1,2,false
2019-07-14T16:23:17.652Z,1,3,false
2019-07-14T16:23:28.101Z,1,4,false
2019-07-14T16:23:38.454Z,1,5,false
2019-07-14T16:23:49.090Z,1,6,false
2019-07-14T16:23:59.170Z,1,7,false
2019-07-14T16:24:09.369Z,1,8,false
2019-07-14T16:24:19.979Z,1,9,false
2019-07-14T16:24:58.355Z,1,1,false
2019-07-14T16:25:07.424Z,1,2,false
2019-07-14T16:25:17.157Z,1,3,false
2019-07-14T16:25:26.663Z,1,4,false
2019-07-14T16:25:37.467Z,1,5,false
2019-07-14T16:25:48.220Z,1,6,false
2019-07-14T16:25:58.972Z,1,7,false
2019-07-14T16:26:09.299Z,1,8,false
2019-07-14T16:26:20.184Z,1,9,false
2019-07-14T16:26:58.848Z,1,1,false
2019-07-14T16:27:09.157Z,1,2,false
2019-07-14T16:27:18.716Z,1,3,false
2019-07-14T16:27:28.599Z,1,4,false
2019-07-14T16:27:38.045Z,1,5,false
2019-07-14T16:27:47.258Z,1,6,false
2019-07-14T16:27:58.008Z,1,7,false
2019-07-14T16:28:07.139Z,1,8,false
2019-07-14T16:28:17.256Z,1,9,false
2019-07-14T16:28:57.323Z,1,1,false
2019-07-14T16:29:07.464Z,1,2,false
2019-07-14T16:29:16.158Z,1,3,false
2019-07-14T16:29:27.339Z,1,4,false
2019-07-14T16:29:38.136Z,1,5,false
2019-07-14T16:29:49.117Z,1,6,false
2019-07-14T16:29:59.469Z,1,7,false
2019-07-14T16:30:09.720Z,1,8,false
2019-07-14T16:30:20.152Z,1,9,false
2019-07-14T16:31:00.536Z,1,1,false
2019-07-14T16:31:10.242Z,1,2,false
2019-07-14T16:31:20.387Z,1,3,false
2019-07-14T16:31:30.617Z,1,4,false
2019-07-14T16:31:41.371Z,1,5,false
2019-07-14T16:31:52.190Z,1,6,false
2019-07-14T16:32:02.605Z,1,7,false
2019-07-14T16:32:11.721Z,1,8,false
2019-07-14T16:32:22.238Z,1,9,false
2019-07-14T16:33:02.583Z,1,1,false
2019-07-14T16:33:13.225Z,1,2,false
2019-07-14T16:33:23.623Z,1,3,false
2019-07-14T16:33:34.838Z,1,4,false
2019-07-14T16:33:46.315Z,1,5,false
2019-07-14T16:33:57.325Z,1,6,false
2019-07-14T16:34:08.477Z,1,7,false
2019-07-14T16:34:19.290Z,1,8,false
2019-07-14T16:34:29.429Z,1,9,false
2019-07-14T16:35:10.370Z,1,1,false
2019-07-14T16:35:21.193Z,1,2,false
2019-07-14T16:35:31.723Z,1,3,false
2019-07-14T16:35:43.046Z,1,4,false
2019-07-14T16:35:54.458Z,1,5,false
2019-07-14T16:36:05.431Z,1,6,false
2019-07-14T16:36:16.488Z,1,7,false
2019-07-14T16:36:27.206Z,1,8,false
2019-07-14T16:36:38.064Z,1,9,false
2019-07-14T16:37:18.992Z,1,1,false
2019-07-14T16:37:29.487Z,1,2,false
2019-07-14T16:37:38.994Z,1,3,false
2019-07-14T16:37:49.380Z,1,4,false
2019-07-14T16:38:00.307Z,1,5,false
2019-07-14T16:38:10.674Z,1,6,false
2019-07-14T16:38:20.650Z,1,7,false
2019-07-14T16:38:31.250Z,1,8,false
2019-07-14T16:38:42.090Z,1,9,false
2019-07-14T16:39:21.197Z,1,1,false
2019-07-14T16:39:31.203Z,1,2,false
2019-07-14T16:39:40.438Z,1,3,false
2019-07-14T16:39:51.101Z,1,4,false
2019-07-14T16:40:00.057Z,1,5,false
2019-07-14T16:40:09.954Z,1,6,false
2019-07-14T16:40:19.599Z,1,7,false
2019-07-14T16:40:29.527Z,1,8,false
2019-07-14T16:40:38.998Z,1,9,false
2019-07-14T16:41:19.843Z,1,1,false
2019-07-14T16:41:30.518Z,1,2,false
2019-07-14T16:41:40.913Z,1,3,false
2019-07-14T16:41:50.836Z,1,4,false
2019-07-14T16:42:01.096Z,1,5,false
2019-07-14T16:42:11.308Z,1,6,false
2019-07-14T16:42:20.186Z,1,7,false
2019-07-14T16:42:30.054Z,1,8,false
2019-07-14T16:42:40.412Z,1,9,false
2019-07-14T16:43:21.240Z,1,1,false
2019-07-14T16:43:31.709Z,1,2,false
2019-07-14T16:43:42.093Z,1,3,false
2019-07-14T16:43:53.282Z,1,4,false
2019-07-14T16:44:04.559Z,1,5,false
2019-07-14T16:44:14.912Z,1,6,false
2019-07-14T16:44:25.360Z,1,7,false
2019-07-14T16:44:34.431Z,1,8,false
2019-07-14T16:44:44.901Z,1,9,false
2019-07-14T16:45:24.890Z,1,1,false
2019-07-14T16:45:32.917Z,1,2,false
2019-07-14T16:45:42.557Z,1,3,false
2019-07-14T16:45:53.514Z,1,4,false
2019-07-14T16:46:04.065Z,1,5,false
2019-07-14T16:46:13.985Z,1,6,false
2019-07-14T16:46:24.652Z,1,7,false
2019-07-14T16:46:35.222Z,1,8,false
2019-07-14T16:46:46.088Z,1,9,false
2019-07-14T16:47:26.651Z,1,1,false
2019-07-14T16:47:37.152Z,1,2,false
2019-07-14T16:47:47.003Z,1,3,false
2019-07-14T16:47:57.443Z,1,4,false
2019-07-14T16:48:08.692Z,1,5,false
2019-07-14T16:48:19.315Z,1,6,false
2019-07-14T16:48:29.788Z,1,7,false
2019-07-14T16:48:39.834Z,1,8,false
2019-07-14T16:48:50.228Z,1,9,false
2019-07-14T16:49:30.153Z,1,1,false
2019-07-14T16:49:39.543Z,1,2,false
2019-07-14T16:49:49.814Z,1,3,false
2019-07-14T16:49:59.292Z,1,4,false
2019-07-14T16:50:09.847Z,1,5,false
2019-07-14T16:50:20.068Z,1,6,false
2019-07-14T16:50:30.492Z,1,7,false
2019-07-14T16:50:40.949Z,1,8,false
2019-07-14T16:50:50.847Z,1,9,false
2019-07-14T16:51:30.931Z,1,1,false
2019-07-14T16:51:41.087Z,1,2,false
2019-07-14T16:51:50.685Z,1,3,false
2019-07-14T16:52:00.341Z,1,4,false
2019-07-14T16:52:09.937Z,1,5,false
2019-07-14T16:52:20.277Z,1,6,false
2019-07-14T16:52:30.777Z,1,7,false
2019-07-14T16:52:41.188Z,1,8,false
2019-07-14T16:52:51.853Z,1,9,false
2019-07-14T16:53:32.625Z,1,1,false
2019-07-14T16:53:42.818Z,1,2,false
2019-07-14T16:53:53.278Z,1,3,false
2019-07-14T16:54:04.016Z,1,4,false
2019-07-14T16:54:14.904Z,1,5,false
2019-07-14T16:54:24.811Z,1,6,false
2019-07-14T16:54:35.855Z,1,7,false
2019-07-14T16:54:46.528Z,1,8,false
2019-07-14T16:54:57.017Z,1,9,false
2019-07-14T16:55:37.510Z,1,1,false
2019-07-14T16:55:48.257Z,1,2,false
2019-07-14T16:55:58.739Z,1,3,false
2019-07-14T16:56:10.023Z,1,4,false
2019-07-14T16:56:21.000Z,1,5,false
2019-07-14T16:56:30.941Z,1,6,false
2019-07-14T16:56:40.834Z,1,7,false
2019-07-14T16:56:50.809Z,1,8,false
2019-07-14T16:57:00.602Z,1,9,false
2019-07-14T16:57:40.596Z,1,1,false
2019-07-14T16:57:51.333Z,1,2,false
2019-07-14T16:58:01.011Z,1,3,false
2019-07-14T16:58:11.230Z,1,4,false
2019-07-14T16:58:22.323Z,1,5,false
2019-07-14T16:58:31.820Z,1,6,false
2019-07-14T16:58:42.604Z,1,7,false
2019-07-14T16:58:53.074Z,1,8,false
2019-07-14T16:59:03.303Z,1,9,false
2019-07-14T16:59:41.588Z,1,1,false
2019-07-14T16:59:51.456Z,1,2,false
2019-07-14T17:00:00.850Z,1,3,false
2019-07-14T17:00:11.006Z,1,4,false
2019-07-14T17:00:22.103Z,1,5,false
2019-07-14T17:00:32.384Z,1,6,false
2019-07-14T17:00:41.915Z,1,7,false
2019-07-14T17:00:51.936Z,1,8,false
2019-07-14T17:01:02.351Z,1,9,false
2019-07-14T17:01:42.018Z,1,1,false
2019-07-14T17:01:52.434Z,1,2,false
2019-07-14T17:02:02.670Z,1,3,false
2019-07-14T17:02:13.504Z,1,4,false
2019-07-14T17:02:24.441Z,1,5,false
2019-07-14T17:02:34.316Z,1,6,false
2019-07-14T17:02:44.431Z,1,7,false
2019-07-14T17:02:54.935Z,1,8,false
2019-07-14T17:03:05.724Z,1,9,false
2019-07-14T17:03:45.518Z,1,1,false
2019-07-14T17:03:55.495Z,1,2,false
2019-07-14T17:04:05.892Z,1,3,false
2019-07-14T17:04:16.402Z,1,4,false
2019-07-14T17:04:27.756Z,1,5,false
2019-07-14T17:04:38.163Z,1,6,false
2019-07-14T17:04:49.174Z,1,7,false
2019-07-14T17:04:59.325Z,1,8,false
2019-07-14T17:05:10.288Z,1,9,false
2019-07-14T17:05:50.847Z,1,1,false
2019-07-14T17:06:00.899Z,1,2,false
2019-07-14T17:06:11.175Z,1,3,false
2019-07-14T17:06:21.904Z,1,4,false
2019-07-14T17:06:32.409Z,1,5,false
2019-07-14T17:06:42.723Z,1,6,false
2019-07-14T17:06:53.389Z,1,7,false
2019-07-14T17:07:03.198Z,1,8,false
2019-07-14T17:07:13.095Z,1,9,false
2019-07-14T17:07:53.444Z,1,1,false
2019-07-14T17:08:03.147Z,1,2,false
2019-07-14T17:08:13.381Z,1,3,false
2019-07-14T17:08:24.173Z,1,4,false
2019-07-14T17:08:35.054Z,1,5,false
2019-07-14T17:08:45.556Z,1,6,false
2019-07-14T17:08:56.323Z,1,7,false
2019-07-14T17:09:05.912Z,1,8,false
2019-07-14T17:09:16.574Z,1,9,false
2019-07-14T17:09:56.048Z,1,1,false
2019-07-14T17:10:04.813Z,1,2,false
2019-07-14T17:10:14.941Z,1,3,false
2019-07-14T17:10:25.973Z,1,4,false
2019-07-14T17:10:36.768Z,1,5,false
2019-07-14T17:10:45.984Z,1,6,false
2019-07-14T17:10:56.709Z,1,7,false
2019-07-14T17:11:06.634Z,1,8,false
2019-07-14T17:11:15.545Z,1,9,false
2019-07-14T17:11:56.296Z,1,1,false
2019-07-14T17:12:06.028Z,1,2,false
2019-07-14T17:12:15.469Z,1,3,false
2019-07-14T17:12:26.449Z,1,4,false
2019-07-14T17:12:37.716Z,1,5,false
2019-07-14T17:12:47.006Z,1,6,false
2019-07-14T17:12:57.757Z,1,7,false
2019-07-14T17:13:07.800Z,1,8,false
2019-07-14T17:13:18.150Z,1,9,false
2019-07-14T17:13:56.663Z,1,1,false
2019-07-14T17:14:05.728Z,1,2,false
2019-07-14T17:14:14.281Z,1,3,false
2019-07-14T17:14:24.514Z,1,4,false
2019-07-14T17:14:34.938Z,1,5,false
2019-07-14T17:14:45.525Z,1,6,false
2019-07-14T17:14:55.936Z,1,7,false
2019-07-14T17:15:05.985Z,1,8,false
2019-07-14T17:15:15.954Z,1,9,false
2019-07-14T17:15:55.877Z,1,1,false
2019-07-14T17:16:05.103Z,1,2,false
2019-07-14T17:16:15.464Z,1,3,false
2019-07-14T17:16:25.180Z,1,4,false
2019-07-14T17:16:35.296Z,1,5,false
2019-07-14T17:16:45.311Z,1,6,false
2019-07-14T17:16:54.944Z,1,7,false
2019-07-14T17:17:04.582Z,1,8,false
2019-07-14T17:17:14.562Z,1,9,false
2019-07-14T17:17:55.442Z,1,1,false
2019-07-14T17:18:03.498Z,1,2,false
2019-07-14T17:18:13.521Z,1,3,false
2019-07-14T17:18:23.866Z,1,4,false
2019-07-14T17:18:34.403Z,1,5,false
2019-07-14T17:18:44.249Z,1,6,false
2019-07-14T17:18:54.617Z,1,7,false
2019-07-14T17:19:04.432Z,1,8,false
2019-07-14T17:19:15.191Z,1,9,false
2019-07-14T17:19:55.148Z,1,1,false
2019-07-14T17:20:04.825Z,1,2,false
2019-07-14T17:20:14.288Z,1,3,false
2019-07-14T17:20:24.671Z,1,4,false
2019-07-14T17:20:35.341Z,1,5,false
2019-07-14T17:20:45.938Z,1,6,false
2019-07-14T17:20:56.600Z,1,7,false
2019-07-14T17:21:06.264Z,1,8,false
2019-07-14T17:21:16.604Z,1,9,false
2019-07-14T17:21:57.096Z,1,1,false
2019-07-14T17:22:07.816Z,1,2,false
2019-07-14T17:22:17.984Z,1,3,false
2019-07-14T17:22:29.073Z,1,4,false
2019-07-14T17:22:39.849Z,1,5,false
2019-07-14T17:22:50.293Z,1,6,false
2019-07-14T17:23:01.10Z,1,7,false
2019-07-14T17:23:09.806Z,1,8,false
2019-07-14T17:23:20.329Z,1,9,false
2019-07-14T17:24:00.518Z,1,1,false
2019-07-14T17:24:10.448Z,1,2,false
2019-07-14T17:24:20.052Z,1,3,false
2019-07-14T17:24:29.075Z,1,4,false
2019-07-14T17:24:39.598Z,1,5,false
2019-07-14T17:24:50.503Z,1,6,false
2019-07-14T17:25:00.891Z,1,7,false
2019-07-14T17:25:11.356Z,1,8,false
2019-07-14T17:25:21.360Z,1,9,false
2019-07-14T17:26:01.208Z,1,1,false
2019-07-14T17:26:10.976Z,1,2,false
2019-07-14T17:26:21.483Z,1,3,false
2019-07-14T17:26:31.984Z,1,4,false
2019-07-14T17:26:43.355Z,1,5,false
2019-07-14T17:26:54.243Z,1,6,false
2019-07-14T17:27:05.252Z,1,7,false
2019-07-14T17:27:15.575Z,1,8,false
2019-07-14T17:27:26.138Z,1,9,false
2019-07-14T17:28:06.550Z,1,1,false
2019-07-14T17:28:16.719Z,1,2,false
2019-07-14T17:28:26.870Z,1,3,false
2019-07-14T17:28:36.205Z,1,4,false
2019-07-14T17:28:45.565Z,1,5,false
2019-07-14T17:28:56.295Z,1,6,false
2019-07-14T17:29:06.898Z,1,7,false
2019-07-14T17:29:16.485Z,1,8,false
2019-07-14T17:29:26.460Z,1,9,false
2019-07-14T17:30:06.759Z,1,1,false
2019-07-14T17:30:17.106Z,1,2,false
2019-07-14T17:30:26.649Z,1,3,false
2019-07-14T17:30:37.787Z,1,4,false
2019-07-14T17:30:49.232Z,1,5,false
2019-07-14T17:30:59.956Z,1,6,false
2019-07-14T17:31:10.786Z,1,7,false
2019-07-14T17:31:20.357Z,1,8,false
2019-07-14T17:31:31.175Z,1,9,false
2019-07-14T17:32:11.336Z,1,1,false
2019-07-14T17:32:21.651Z,1,2,false
2019-07-14T17:32:31.137Z,1,3,false
2019-07-14T17:32:41.646Z,1,4,false
2019-07-14T17:32:53.041Z,1,5,false
2019-07-14T17:33:03.873Z,1,6,false
2019-07-14T17:33:14.761Z,1,7,false
2019-07-14T17:33:24.924Z,1,8,false
2019-07-14T17:33:35.005Z,1,9,false
2019-07-14T17:34:15.302Z,1,1,false
2019-07-14T17:34:25.491Z,1,2,false
2019-07-14T17:34:34.876Z,1,3,false
2019-07-14T17:34:45.884Z,1,4,false
2019-07-14T17:34:54.970Z,1,5,false
2019-07-14T17:35:05.745Z,1,6,false
2019-07-14T17:35:16.086Z,1,7,false
2019-07-14T17:35:25.725Z,1,8,false
2019-07-14T17:35:35.772Z,1,9,false
2019-07-14T17:36:15.711Z,1,1,false
2019-07-14T17:36:26.106Z,1,2,false
2019-07-14T17:36:35.625Z,1,3,false
2019-07-14T17:36:45.019Z,1,4,false
2019-07-14T17:36:55.389Z,1,5,false
2019-07-14T17:37:05.239Z,1,6,false
2019-07-14T17:37:15.482Z,1,7,false
2019-07-14T17:37:25.432Z,1,8,false
2019-07-14T17:37:35.455Z,1,9,false
2019-07-14T17:38:15.919Z,1,1,false
2019-07-14T17:38:25.897Z,1,2,false
2019-07-14T17:38:36.190Z,1,3,false
2019-07-14T17:38:45.916Z,1,4,false
2019-07-14T17:38:55.260Z,1,5,false
2019-07-14T17:39:05.497Z,1,6,false
2019-07-14T17:39:15.831Z,1,7,false
2019-07-14T17:39:26.438Z,1,8,false
2019-07-14T17:39:36.822Z,1,9,false
2019-07-14T17:40:17.303Z,1,1,false
2019-07-14T17:40:27.544Z,1,2,false
2019-07-14T17:40:37.711Z,1,3,false
2019-07-14T17:40:48.472Z,1,4,false
2019-07-14T17:40:58.138Z,1,5,false
2019-07-14T17:41:08.433Z,1,6,false
2019-07-14T17:41:19.163Z,1,7,false
2019-07-14T17:41:29.534Z,1,8,false
2019-07-14T17:41:40.016Z,1,9,false
2019-07-14T17:42:20.401Z,1,1,false
2019-07-14T17:42:31.151Z,1,2,false
2019-07-14T17:42:40.462Z,1,3,false
2019-07-14T17:42:51.702Z,1,4,false
2019-07-14T17:43:02.842Z,1,5,false
2019-07-14T17:43:13.524Z,1,6,false
2019-07-14T17:43:24.554Z,1,7,false
2019-07-14T17:43:33.625Z,1,8,false
2019-07-14T17:43:42.797Z,1,9,false
2019-07-14T17:44:23.299Z,1,1,false
2019-07-14T17:44:33.751Z,1,2,false
2019-07-14T17:44:43.840Z,1,3,false
2019-07-14T17:44:54.346Z,1,4,false
2019-07-14T17:45:04.901Z,1,5,false
2019-07-14T17:45:14.043Z,1,6,false
2019-07-14T17:45:24.506Z,1,7,false
2019-07-14T17:45:34.162Z,1,8,false
2019-07-14T17:45:44.118Z,1,9,false
2019-07-14T17:46:24.307Z,1,1,false
2019-07-14T17:46:34.033Z,1,2,false
2019-07-14T17:46:43.630Z,1,3,false
2019-07-14T17:46:53.955Z,1,4,false
2019-07-14T17:47:03.213Z,1,5,false
2019-07-14T17:47:13.447Z,1,6,false
2019-07-14T17:47:23.635Z,1,7,false
2019-07-14T17:47:32.802Z,1,8,false
2019-07-14T17:47:43.200Z,1,9,false
2019-07-14T17:48:23.886Z,1,1,false
2019-07-14T17:48:34.620Z,1,2,false
2019-07-14T17:48:44.452Z,1,3,false
2019-07-14T17:48:55.442Z,1,4,false
2019-07-14T17:49:06.711Z,1,5,false
2019-07-14T17:49:16.795Z,1,6,false
2019-07-14T17:49:27.402Z,1,7,false
2019-07-14T17:49:37.874Z,1,8,false
2019-07-14T17:49:48.826Z,1,9,false
2019-07-14T17:50:29.798Z,1,1,false
2019-07-14T17:50:39.498Z,1,2,false
2019-07-14T17:50:49.996Z,1,3,false
2019-07-14T17:51:01.100Z,1,4,false
2019-07-14T17:51:12.440Z,1,5,false
2019-07-14T17:51:22.897Z,1,6,false
2019-07-14T17:51:33.003Z,1,7,false
2019-07-14T17:51:42.672Z,1,8,false
2019-07-14T17:51:53.519Z,1,9,false
2019-07-14T17:52:34.285Z,1,1,false
2019-07-14T17:52:43.955Z,1,2,false
2019-07-14T17:52:54.345Z,1,3,false
2019-07-14T17:53:04.571Z,1,4,false
2019-07-14T17:53:15.329Z,1,5,false
2019-07-14T17:53:26.283Z,1,6,false
2019-07-14T17:53:37.379Z,1,7,false
2019-07-14T17:53:47.835Z,1,8,false
2019-07-14T17:53:58.671Z,1,9,false
2019-07-14T17:54:38.504Z,1,1,false
2019-07-14T17:54:48.520Z,1,2,false
2019-07-14T17:54:58.034Z,1,3,false
2019-07-14T17:55:07.220Z,1,4,false
2019-07-14T17:55:17.757Z,1,5,false
2019-07-14T17:55:27.614Z,1,6,false
2019-07-14T17:55:38.215Z,1,7,false
2019-07-14T17:55:48.744Z,1,8,false
2019-07-14T17:55:58.906Z,1,9,false
2019-07-14T17:56:37.398Z,1,1,false
2019-07-14T17:56:48.038Z,1,2,false
2019-07-14T17:56:57.623Z,1,3,false
2019-07-14T17:57:08.728Z,1,4,false
2019-07-14T17:57:19.790Z,1,5,false
2019-07-14T17:57:29.446Z,1,6,false
2019-07-14T17:57:38.928Z,1,7,false
2019-07-14T17:57:48.334Z,1,8,false
2019-07-14T17:57:58.557Z,1,9,false
2019-07-14T17:58:37.222Z,1,1,false
2019-07-14T17:58:45.226Z,1,2,false
2019-07-14T17:58:54.846Z,1,3,false
2019-07-14T17:59:05.808Z,1,4,false
2019-07-14T17:59:16.335Z,1,5,false
2019-07-14T17:59:26.252Z,1,6,false
2019-07-14T17:59:37.066Z,1,7,false
2019-07-14T17:59:45.470Z,1,8,false
2019-07-14T17:59:54.962Z,1,9,false
2019-07-14T18:00:35.403Z,1,1,false
2019-07-14T18:00:45.762Z,1,2,false
2019-07-14T18:00:56.120Z,1,3,false
2019-07-14T18:01:07.107Z,1,4,false
2019-07-14T18:01:18.465Z,1,5,false
2019-07-14T18:01:29.336Z,1,6,false
2019-07-14T18:01:40.341Z,1,7,false
2019-07-14T18:01:50.894Z,1,8,false
2019-07-14T18:02:01.236Z,1,9,false
2019-07-14T18:02:41.251Z,1,1,false
2019-07-14T18:02:51.021Z,1,2,false
2019-07-14T18:03:01.343Z,1,3,false
2019-07-14T18:03:12.132Z,1,4,false
2019-07-14T18:03:23.560Z,1,5,false
2019-07-14T18:03:34.150Z,1,6,false
2019-07-14T18:03:44.336Z,1,7,false
2019-07-14T18:03:54.955Z,1,8,false
2019-07-14T18:04:05.897Z,1,9,false
2019-07-14T18:04:45.822Z,1,1,false
2019-07-14T18:04:55.557Z,1,2,false
2019-07-14T18:05:05.850Z,1,3,false
2019-07-14T18:05:16.980Z,1,4,false
2019-07-14T18:05:27.822Z,1,5,false
2019-07-14T18:05:38.704Z,1,6,false
2019-07-14T18:05:49.879Z,1,7,false
2019-07-14T18:05:59.618Z,1,8,false
2019-07-14T18:06:10.591Z,1,9,false
2019-07-14T18:06:50.900Z,1,1,false
2019-07-14T18:07:01.318Z,1,2,false
2019-07-14T18:07:09.777Z,1,3,false
2019-07-14T18:07:19.997Z,1,4,false
2019-07-14T18:07:31.146Z,1,5,false
2019-07-14T18:07:41.829Z,1,6,false
2019-07-14T18:07:52.488Z,1,7,false
2019-07-14T18:08:02.517Z,1,8,false
2019-07-14T18:08:12.518Z,1,9,false
2019-07-14T18:08:53.181Z,1,1,false
2019-07-14T18:09:02.940Z,1,2,false
2019-07-14T18:09:13.294Z,1,3,false
2019-07-14T18:09:23.960Z,1,4,false
2019-07-14T18:09:34.896Z,1,5,false
2019-07-14T18:09:45.797Z,1,6,false
2019-07-14T18:09:56.797Z,1,7,false
2019-07-14T18:10:06.517Z,1,8,false
2019-07-14T18:10:17.498Z,1,9,false
2019-07-14T18:10:58.049Z,1,1,false
2019-07-14T18:11:07.763Z,1,2,false
2019-07-14T18:11:17.769Z,1,3,false
2019-07-14T18:11:28.740Z,1,4,false
2019-07-14T18:11:40.243Z,1,5,false
2019-07-14T18:11:50.656Z,1,6,false
2019-07-14T18:12:00.924Z,1,7,false
2019-07-14T18:12:11.142Z,1,8,false
2019-07-14T18:12:22.121Z,1,9,false
2019-07-14T18:13:02.454Z,1,1,false
2019-07-14T18:13:13.136Z,1,2,false
2019-07-14T18:13:23.287Z,1,3,false
2019-07-14T18:13:34.422Z,1,4,false
2019-07-14T18:13:45.793Z,1,5,false
2019-07-14T18:13:56.856Z,1,6,false
2019-07-14T18:14:07.493Z,1,7,false
2019-07-14T18:14:18.203Z,1,8,false
2019-07-14T18:14:29.213Z,1,9,false
2019-07-14T18:15:10.120Z,1,1,false
2019-07-14T18:15:20.818Z,1,2,false
2019-07-14T18:15:31.388Z,1,3,false
2019-07-14T18:15:41.580Z,1,4,false
2019-07-14T18:15:53.167Z,1,5,false
2019-07-14T18:16:03.558Z,1,6,false
2019-07-14T18:16:14.066Z,1,7,false
2019-07-14T18:16:24.309Z,1,8,false
2019-07-14T18:16:35.306Z,1,9,false
2019-07-14T18:17:16.280Z,1,1,false
2019-07-14T18:17:26.839Z,1,2,false
2019-07-14T18:17:36.350Z,1,3,false
2019-07-14T18:17:47.266Z,1,4,false
2019-07-14T18:17:58.181Z,1,5,false
2019-07-14T18:18:09.087Z,1,6,false
2019-07-14T18:18:19.937Z,1,7,false
2019-07-14T18:18:30.506Z,1,8,false
2019-07-14T18:18:40.872Z,1,9,false
2019-07-14T18:19:21.040Z,1,1,false
2019-07-14T18:19:31.874Z,1,2,false
2019-07-14T18:19:42.496Z,1,3,false
2019-07-14T18:19:53.492Z,1,4,false
2019-07-14T18:20:05.051Z,1,5,false
2019-07-14T18:20:15.897Z,1,6,false
2019-07-14T18:20:26.688Z,1,7,false
2019-07-14T18:20:37.245Z,1,8,false
2019-07-14T18:20:47.597Z,1,9,false
2019-07-14T18:21:28.302Z,1,1,false
2019-07-14T18:21:38.841Z,1,2,false
2019-07-14T18:21:49.204Z,1,3,false
2019-07-14T18:21:59.100Z,1,4,false
2019-07-14T18:22:09.436Z,1,5,false
2019-07-14T18:22:17.686Z,1,6,false
2019-07-14T18:22:27.743Z,1,7,false
2019-07-14T18:22:37.374Z,1,8,false
2019-07-14T18:22:48.053Z,1,9,false
2019-07-14T18:23:28.819Z,1,1,false
2019-07-14T18:23:36.889Z,1,2,false
2019-07-14T18:23:47.398Z,1,3,false
2019-07-14T18:23:58.658Z,1,4,false
2019-07-14T18:24:10.093Z,1,5,false
2019-07-14T18:24:21.172Z,1,6,false
2019-07-14T18:24:32.235Z,1,7,false
2019-07-14T18:24:42.916Z,1,8,false
2019-07-14T18:24:53.558Z,1,9,false
2019-07-14T18:25:34.545Z,1,1,false
2019-07-14T18:25:42.602Z,1,2,false
2019-07-14T18:25:53.274Z,1,3,false
2019-07-14T18:26:04.473Z,1,4,false
2019-07-14T18:26:15.862Z,1,5,false
2019-07-14T18:26:26.718Z,1,6,false
2019-07-14T18:26:37.167Z,1,7,false
2019-07-14T18:26:47.352Z,1,8,false
2019-07-14T18:26:58.034Z,1,9,false
2019-07-14T18:27:38.324Z,1,1,false
2019-07-14T18:27:46.479Z,1,2,false
2019-07-14T18:27:56.804Z,1,3,false
2019-07-14T18:28:07.667Z,1,4,false
2019-07-14T18:28:18.252Z,1,5,false
2019-07-14T18:28:28.519Z,1,6,false
2019-07-14T18:28:38.830Z,1,7,false
2019-07-14T18:28:49.304Z,1,8,false
2019-07-14T18:28:59.704Z,1,9,false
2019-07-14T18:29:40.098Z,1,1,false
2019-07-14T18:29:49.941Z,1,2,false
2019-07-14T18:29:59.410Z,1,3,false
2019-07-14T18:30:08.750Z,1,4,false
2019-07-14T18:30:18.771Z,1,5,false
2019-07-14T18:30:28.847Z,1,6,false
2019-07-14T18:30:39.658Z,1,7,false
2019-07-14T18:30:48.895Z,1,8,false
2019-07-14T18:30:59.245Z,1,9,false
2019-07-14T18:31:38.265Z,1,1,false
2019-07-14T18:31:46.503Z,1,2,false
2019-07-14T18:31:56.848Z,1,3,false
2019-07-14T18:32:07.851Z,1,4,false
2019-07-14T18:32:19.059Z,1,5,false
2019-07-14T18:32:28.862Z,1,6,false
2019-07-14T18:32:39.200Z,1,7,false
2019-07-14T18:32:48.894Z,1,8,false
2019-07-14T18:32:58.934Z,1,9,false
2019-07-14T18:33:39.146Z,1,1,false
2019-07-14T18:33:48.179Z,1,2,false
2019-07-14T18:33:57.600Z,1,3,false
2019-07-14T18:34:07.866Z,1,4,false
2019-07-14T18:34:18.482Z,1,5,false
2019-07-14T18:34:29.162Z,1,6,false
2019-07-14T18:34:39.976Z,1,7,false
2019-07-14T18:34:49.770Z,1,8,false
2019-07-14T18:34:59.621Z,1,9,false
2019-07-14T18:35:39.848Z,1,1,false
2019-07-14T18:35:49.526Z,1,2,false
2019-07-14T18:35:58.842Z,1,3,false
2019-07-14T18:36:09.196Z,1,4,false
2019-07-14T18:36:19.613Z,1,5,false
2019-07-14T18:36:30.327Z,1,6,false
2019-07-14T18:36:40.861Z,1,7,false
2019-07-14T18:36:51.365Z,1,8,false
2019-07-14T18:37:01.948Z,1,9,false
2019-07-14T18:37:42.132Z,1,1,false
2019-07-14T18:37:51.155Z,1,2,false
2019-07-14T18:38:00.540Z,1,3,false
2019-07-14T18:38:10.542Z,1,4,false
2019-07-14T18:38:20.850Z,1,5,false
2019-07-14T18:38:31.350Z,1,6,false
2019-07-14T18:38:41.556Z,1,7,false
2019-07-14T18:38:52.030Z,1,8,false
2019-07-14T18:39:01.855Z,1,9,false
2019-07-14T18:39:41.971Z,1,1,false
2019-07-14T18:39:52.557Z,1,2,false
2019-07-14T18:40:00.512Z,1,3,false
2019-07-14T18:40:09.866Z,1,4,false
2019-07-14T18:40:20.617Z,1,5,false
2019-07-14T18:40:30.495Z,1,6,false
2019-07-14T18:40:40.579Z,1,7,false
2019-07-14T18:40:50.641Z,1,8,false
2019-07-14T18:41:01.398Z,1,9,false
2019-07-14T18:41:41.811Z,1,1,false
2019-07-14T18:41:51.884Z,1,2,false
2019-07-14T18:42:01.988Z,1,3,false
2019-07-14T18:42:12.796Z,1,4,false
2019-07-14T18:42:23.352Z,1,5,false
2019-07-14T18:42:33.552Z,1,6,false
2019-07-14T18:42:44.266Z,1,7,false
2019-07-14T18:42:54.900Z,1,8,false
2019-07-14T18:43:05.940Z,1,9,false
2019-07-14T18:43:46.115Z,1,1,false
2019-07-14T18:43:54.163Z,1,2,false
2019-07-14T18:44:04.303Z,1,3,false
2019-07-14T18:44:15.204Z,1,4,false
2019-07-14T18:44:25.721Z,1,5,false
2019-07-14T18:44:36.353Z,1,6,false
2019-07-14T18:44:47.029Z,1,7,false
2019-07-14T18:44:57.594Z,1,8,false
2019-07-14T18:45:08.035Z,1,9,false
2019-07-14T18:45:48.437Z,1,1,false
2019-07-14T18:45:58.186Z,1,2,false
2019-07-14T18:46:07.656Z,1,3,false
2019-07-14T18:46:17.384Z,1,4,false
2019-07-14T18:46:26.722Z,1,5,false
2019-07-14T18:46:37.337Z,1,6,false
2019-07-14T18:46:48.139Z,1,7,false
2019-07-14T18:46:57.277Z,1,8,false
2019-07-14T18:47:08.134Z,1,9,false
2019-07-14T18:47:48.641Z,1,1,false
2019-07-14T18:47:58.344Z,1,2,false
2019-07-14T18:48:08.737Z,1,3,false
2019-07-14T18:48:19.837Z,1,4,false
2019-07-14T18:48:30.827Z,1,5,false
2019-07-14T18:48:41.449Z,1,6,false
2019-07-14T18:48:52.300Z,1,7,false
2019-07-14T18:49:02.985Z,1,8,false
2019-07-14T18:49:13.951Z,1,9,false
2019-07-14T18:49:54.364Z,1,1,false
2019-07-14T18:50:03.977Z,1,2,false
2019-07-14T18:50:13.975Z,1,3,false
2019-07-14T18:50:24.933Z,1,4,false
2019-07-14T18:50:36.047Z,1,5,false
2019-07-14T18:50:46.836Z,1,6,false
2019-07-14T18:50:57.832Z,1,7,false
2019-07-14T18:51:07.821Z,1,8,false
2019-07-14T18:51:18.165Z,1,9,false
2019-07-14T18:51:58.492Z,1,1,false
2019-07-14T18:52:08.259Z,1,2,false
2019-07-14T18:52:16.251Z,1,3,false
2019-07-14T18:52:26.998Z,1,4,false
2019-07-14T18:52:37.464Z,1,5,false
2019-07-14T18:52:47.520Z,1,6,false
2019-07-14T18:52:57.917Z,1,7,false
2019-07-14T18:53:07.558Z,1,8,false
2019-07-14T18:53:18.344Z,1,9,false
2019-07-14T18:53:58.591Z,1,1,false
2019-07-14T18:54:08.384Z,1,2,false
2019-07-14T18:54:17.346Z,1,3,false
2019-07-14T18:54:27.887Z,1,4,false
2019-07-14T18:54:37.404Z,1,5,false
2019-07-14T18:54:47.213Z,1,6,false
2019-07-14T18:54:57.823Z,1,7,false
2019-07-14T18:55:08.368Z,1,8,false
2019-07-14T18:55:18.699Z,1,9,false
2019-07-14T18:55:59.043Z,1,1,false
2019-07-14T18:56:07.148Z,1,2,false
2019-07-14T18:56:16.585Z,1,3,false
2019-07-14T18:56:27.884Z,1,4,false
2019-07-14T18:56:39.008Z,1,5,false
2019-07-14T18:56:50.090Z,1,6,false
2019-07-14T18:57:01.265Z,1,7,false
2019-07-14T18:57:11.894Z,1,8,false
2019-07-14T18:57:22.881Z,1,9,false
2019-07-14T18:58:03.947Z,1,1,false
2019-07-14T18:58:12.017Z,1,2,false
2019-07-14T18:58:21.496Z,1,3,false
2019-07-14T18:58:32.439Z,1,4,false
2019-07-14T18:58:43.815Z,1,5,false
2019-07-14T18:58:54.738Z,1,6,false
2019-07-14T18:59:05.929Z,1,7,false
2019-07-14T18:59:16.710Z,1,8,false
2019-07-14T18:59:27.646Z,1,9,false
2019-07-14T19:00:08.586Z,1,1,false
2019-07-14T19:00:16.688Z,1,2,false
2019-07-14T19:00:24.519Z,1,3,false
2019-07-14T19:00:33.071Z,1,4,false
2019-07-14T19:00:43.487Z,1,5,false
2019-07-14T19:00:53.863Z,1,6,false
2019-07-14T19:01:04.681Z,1,7,false
2019-07-14T19:01:14.627Z,1,8,false
2019-07-14T19:01:25.042Z,1,9,false
2019-07-14T19:02:03.890Z,1,1,false
2019-07-14T19:02:11.936Z,1,2,false
2019-07-14T19:02:21.396Z,1,3,false
2019-07-14T19:02:31.535Z,1,4,false
2019-07-14T19:02:41.997Z,1,5,false
2019-07-14T19:02:52.602Z,1,6,false
2019-07-14T19:03:02.691Z,1,7,false
2019-07-14T19:03:12.893Z,1,8,false
2019-07-14T19:03:23.159Z,1,9,false
2019-07-14T19:04:03.445Z,1,1,false
2019-07-14T19:04:11.506Z,1,2,false
2019-07-14T19:04:20.645Z,1,3,false
2019-07-14T19:04:30.737Z,1,4,false
2019-07-14T19:04:41.414Z,1,5,false
2019-07-14T19:04:52.187Z,1,6,false
2019-07-14T19:05:02.031Z,1,7,false
2019-07-14T19:05:12.132Z,1,8,false
2019-07-14T19:05:22.393Z,1,9,false
2019-07-14T19:06:02.977Z,1,1,false
2019-07-14T19:06:11.524Z,1,2,false
2019-07-14T19:06:19.338Z,1,3,false
2019-07-14T19:06:28.624Z,1,4,false
2019-07-14T19:06:39.728Z,1,5,false
2019-07-14T19:06:49.775Z,1,6,false
2019-07-14T19:06:59.966Z,1,7,false
2019-07-14T19:07:10.520Z,1,8,false
2019-07-14T19:07:21.008Z,1,9,false
2019-07-14T19:08:01.563Z,1,1,false
2019-07-14T19:08:09.616Z,1,2,false
2019-07-14T19:08:18.190Z,1,3,false
2019-07-14T19:08:27.972Z,1,4,false
2019-07-14T19:08:39.446Z,1,5,false
2019-07-14T19:08:50.184Z,1,6,false
2019-07-14T19:09:01.190Z,1,7,false
2019-07-14T19:09:11.854Z,1,8,false
2019-07-14T19:09:22.185Z,1,9,false
2019-07-14T19:10:03.116Z,1,1,false
2019-07-14T19:10:12.791Z,1,2,false
2019-07-14T19:10:21.481Z,1,3,false
2019-07-14T19:10:31.275Z,1,4,false
2019-07-14T19:10:42.523Z,1,5,false
2019-07-14T19:10:53.342Z,1,6,false
2019-07-14T19:11:03.436Z,1,7,false
2019-07-14T19:11:13.844Z,1,8,false
2019-07-14T19:11:24.874Z,1,9,false
2019-07-14T19:12:05.525Z,1,1,false
2019-07-14T19:12:15.212Z,1,2,false
2019-07-14T19:12:23.247Z,1,3,false
2019-07-14T19:12:31.755Z,1,4,false
2019-07-14T19:12:42.630Z,1,5,false
2019-07-14T19:12:53.201Z,1,6,false
2019-07-14T19:13:04.588Z,1,7,false
2019-07-14T19:13:14.122Z,1,8,false
2019-07-14T19:13:24.183Z,1,9,false
2019-07-14T19:14:04.264Z,1,1,false
2019-07-14T19:14:12.344Z,1,2,false
2019-07-14T19:14:21.827Z,1,3,false
2019-07-14T19:14:30.378Z,1,4,false
2019-07-14T19:14:40.989Z,1,5,false
2019-07-14T19:14:52.070Z,1,6,false
2019-07-14T19:15:03.171Z,1,7,false
2019-07-14T19:15:13.929Z,1,8,false
2019-07-14T19:15:24.809Z,1,9,false
2019-07-14T19:16:04.825Z,1,1,false
2019-07-14T19:16:12.895Z,1,2,false
2019-07-14T19:16:21.372Z,1,3,false
2019-07-14T19:16:29.866Z,1,4,false
2019-07-14T19:16:40.835Z,1,5,false
2019-07-14T19:16:51.809Z,1,6,false
2019-07-14T19:17:01.679Z,1,7,false
2019-07-14T19:17:10.859Z,1,8,false
2019-07-14T19:17:20.822Z,1,9,false
2019-07-14T19:18:01.153Z,1,1,false
2019-07-14T19:18:09.234Z,1,2,false
2019-07-14T19:18:18.615Z,1,3,false
2019-07-14T19:18:27.426Z,1,4,false
2019-07-14T19:18:37.976Z,1,5,false
2019-07-14T19:18:47.820Z,1,6,false
2019-07-14T19:18:58.036Z,1,7,false
2019-07-14T19:19:07.622Z,1,8,false
2019-07-14T19:19:17.978Z,1,9,false
2019-07-14T19:19:58.665Z,1,1,false
2019-07-14T19:20:06.937Z,1,2,false
2019-07-14T19:20:16.441Z,1,3,false
2019-07-14T19:20:26.631Z,1,4,false
2019-07-14T19:20:36.906Z,1,5,false
2019-07-14T19:20:47.873Z,1,6,false
2019-07-14T19:20:58.121Z,1,7,false
2019-07-14T19:21:07.782Z,1,8,false
2019-07-14T19:21:18.390Z,1,9,false
2019-07-14T19:21:58.128Z,1,1,false
2019-07-14T19:22:07.853Z,1,2,false
2019-07-14T19:22:15.728Z,1,3,false
2019-07-14T19:22:25.629Z,1,4,false
2019-07-14T19:22:34.847Z,1,5,false
2019-07-14T19:22:45.320Z,1,6,false
2019-07-14T19:22:55.375Z,1,7,false
2019-07-14T19:23:05.851Z,1,8,false
2019-07-14T19:23:15.758Z,1,9,false
2019-07-14T19:23:55.564Z,1,1,false
2019-07-14T19:24:05.975Z,1,2,false
2019-07-14T19:24:13.804Z,1,3,false
2019-07-14T19:24:22.316Z,1,4,false
2019-07-14T19:24:32.672Z,1,5,false
2019-07-14T19:24:43.478Z,1,6,false
2019-07-14T19:24:54.550Z,1,7,false
2019-07-14T19:25:04.977Z,1,8,false
2019-07-14T19:25:15.769Z,1,9,false
2019-07-14T19:25:56.155Z,1,1,false
2019-07-14T19:26:04.317Z,1,2,false
2019-07-14T19:26:12.143Z,1,3,false
2019-07-14T19:26:22.298Z,1,4,false
2019-07-14T19:26:32.630Z,1,5,false
2019-07-14T19:26:42.575Z,1,6,false
2019-07-14T19:26:53.475Z,1,7,false
2019-07-14T19:27:03.942Z,1,8,false
2019-07-14T19:27:14.908Z,1,9,false
2019-07-14T19:27:54.838Z,1,1,false
2019-07-14T19:28:02.948Z,1,2,false
2019-07-14T19:28:11.902Z,1,3,false
2019-07-14T19:28:20.451Z,1,4,false
2019-07-14T19:28:29.150Z,1,5,false
2019-07-14T19:28:39.198Z,1,6,false
2019-07-14T19:28:50.142Z,1,7,false
2019-07-14T19:29:00.541Z,1,8,false
2019-07-14T19:29:10.570Z,1,9,false
2019-07-14T19:29:50.882Z,1,1,false
2019-07-14T19:30:00.592Z,1,2,false
2019-07-14T19:30:10.246Z,1,3,false
2019-07-14T19:30:18.766Z,1,4,false
2019-07-14T19:30:28.664Z,1,5,false
2019-07-14T19:30:39.148Z,1,6,false
2019-07-14T19:30:50.130Z,1,7,false
2019-07-14T19:31:00.259Z,1,8,false
2019-07-14T19:31:10.665Z,1,9,false
2019-07-14T19:31:50.601Z,1,1,false
2019-07-14T19:31:59.046Z,1,2,false
2019-07-14T19:32:08.490Z,1,3,false
2019-07-14T19:32:17.007Z,1,4,false
2019-07-14T19:32:25.685Z,1,5,false
2019-07-14T19:32:36.469Z,1,6,false
2019-07-14T19:32:47.431Z,1,7,false
2019-07-14T19:32:57.006Z,1,8,false
2019-07-14T19:33:07.287Z,1,9,false
2019-07-14T19:33:47.213Z,1,1,false
2019-07-14T19:33:56.290Z,1,2,false
2019-07-14T19:34:04.171Z,1,3,false
2019-07-14T19:34:14.317Z,1,4,false
2019-07-14T19:34:24.754Z,1,5,false
2019-07-14T19:34:35.526Z,1,6,false
2019-07-14T19:34:45.789Z,1,7,false
2019-07-14T19:34:56.250Z,1,8,false
2019-07-14T19:35:05.051Z,1,9,false
2019-07-14T19:35:45.294Z,1,1,false
2019-07-14T19:35:53.391Z,1,2,false
2019-07-14T19:36:02.608Z,1,3,false
2019-07-14T19:36:11.151Z,1,4,false
2019-07-14T19:36:19.841Z,1,5,false
2019-07-14T19:36:30.618Z,1,6,false
2019-07-14T19:36:40.949Z,1,7,false
2019-07-14T19:36:51.089Z,1,8,false
2019-07-14T19:37:01.755Z,1,9,false
2019-07-14T19:37:42.491Z,1,1,false
2019-07-14T19:37:52.541Z,1,2,false
2019-07-14T19:38:02.023Z,1,3,false
2019-07-14T19:38:10.892Z,1,4,false
2019-07-14T19:38:21.459Z,1,5,false
2019-07-14T19:38:32.082Z,1,6,false
2019-07-14T19:38:42.693Z,1,7,false
2019-07-14T19:38:53.226Z,1,8,false
2019-07-14T19:39:02.695Z,1,9,false
2019-07-14T19:39:42.647Z,1,1,false
2019-07-14T19:39:51.991Z,1,2,false
2019-07-14T19:40:01.496Z,1,3,false
2019-07-14T19:40:10.040Z,1,4,false
2019-07-14T19:40:20.169Z,1,5,false
2019-07-14T19:40:29.169Z,1,6,false
2019-07-14T19:40:38.650Z,1,7,false
2019-07-14T19:40:48.586Z,1,8,false
2019-07-14T19:40:59.313Z,1,9,false
2019-07-14T19:41:39.427Z,1,1,false
2019-07-14T19:41:49.570Z,1,2,false
2019-07-14T19:41:57.361Z,1,3,false
2019-07-14T19:42:07.557Z,1,4,false
2019-07-14T19:42:18.908Z,1,5,false
2019-07-14T19:42:29.537Z,1,6,false
2019-07-14T19:42:40.341Z,1,7,false
2019-07-14T19:42:50.820Z,1,8,false
2019-07-14T19:43:01.286Z,1,9,false
2019-07-14T19:43:41.287Z,1,1,false
2019-07-14T19:43:50.986Z,1,2,false
2019-07-14T19:44:01.128Z,1,3,false
2019-07-14T19:44:11.312Z,1,4,false
2019-07-14T19:44:21.832Z,1,5,false
2019-07-14T19:44:31.215Z,1,6,false
2019-07-14T19:44:41.702Z,1,7,false
2019-07-14T19:44:52.169Z,1,8,false
2019-07-14T19:45:00.519Z,1,9,false
2019-07-14T19:45:41.021Z,1,1,false
2019-07-14T19:45:50.860Z,1,2,false
2019-07-14T19:46:00.322Z,1,3,false
2019-07-14T19:46:08.887Z,1,4,false
2019-07-14T19:46:19.443Z,1,5,false
2019-07-14T19:46:28.830Z,1,6,false
2019-07-14T19:46:38.153Z,1,7,false
2019-07-14T19:46:48.729Z,1,8,false
2019-07-14T19:46:59.086Z,1,9,false
2019-07-14T19:47:39.412Z,1,1,false
2019-07-14T19:47:49.302Z,1,2,false
2019-07-14T19:47:57.129Z,1,3,false
2019-07-14T19:48:07.163Z,1,4,false
2019-07-14T19:48:16.699Z,1,5,false
2019-07-14T19:48:27.178Z,1,6,false
2019-07-14T19:48:37.459Z,1,7,false
2019-07-14T19:48:47.338Z,1,8,false
2019-07-14T19:48:57.738Z,1,9,false
2019-07-14T19:49:38.177Z,1,1,false
2019-07-14T19:49:46.277Z,1,2,false
2019-07-14T19:49:55.140Z,1,3,false
2019-07-14T19:50:04.188Z,1,4,false
2019-07-14T19:50:13.672Z,1,5,false
2019-07-14T19:50:24.439Z,1,6,false
2019-07-14T19:50:34.347Z,1,7,false
2019-07-14T19:50:44.567Z,1,8,false
2019-07-14T19:50:54.514Z,1,9,false
2019-07-14T19:51:34.497Z,1,1,false
2019-07-14T19:51:43.872Z,1,2,false
2019-07-14T19:51:52.093Z,1,3,false
2019-07-14T19:52:02.206Z,1,4,false
2019-07-14T19:52:11.210Z,1,5,false
2019-07-14T19:52:21.558Z,1,6,false
2019-07-14T19:52:32.201Z,1,7,false
2019-07-14T19:52:42.451Z,1,8,false
2019-07-14T19:52:53.469Z,1,9,false
2019-07-14T19:53:34.870Z,1,1,false
2019-07-14T19:53:44.577Z,1,2,false
2019-07-14T19:53:53.666Z,1,3,false
2019-07-14T19:54:03.876Z,1,4,false
2019-07-14T19:54:14.970Z,1,5,false
2019-07-14T19:54:24.077Z,1,6,false
2019-07-14T19:54:34.595Z,1,7,false
2019-07-14T19:54:43.817Z,1,8,false
2019-07-14T19:54:53.967Z,1,9,false
2019-07-14T19:55:33.826Z,1,1,false
2019-07-14T19:55:41.905Z,1,2,false
2019-07-14T19:55:51.114Z,1,3,false
2019-07-14T19:55:59.672Z,1,4,false
2019-07-14T19:56:08.363Z,1,5,false
2019-07-14T19:56:19.009Z,1,6,false
2019-07-14T19:56:28.808Z,1,7,false
2019-07-14T19:56:38.412Z,1,8,false
2019-07-14T19:56:49.506Z,1,9,false
2019-07-14T19:57:29.528Z,1,1,false
2019-07-14T19:57:37.569Z,1,2,false
2019-07-14T19:57:45.336Z,1,3,false
2019-07-14T19:57:53.906Z,1,4,false
2019-07-14T19:58:04.480Z,1,5,false
2019-07-14T19:58:14.793Z,1,6,false
2019-07-14T19:58:25.236Z,1,7,false
2019-07-14T19:58:36.000Z,1,8,false
2019-07-14T19:58:46.974Z,1,9,false
2019-07-14T19:59:28.053Z,1,1,false
2019-07-14T19:59:38.101Z,1,2,false
2019-07-14T19:59:47.910Z,1,3,false
2019-07-14T19:59:56.429Z,1,4,false
2019-07-14T20:00:06.757Z,1,5,false
2019-07-14T20:00:16.936Z,1,6,false
2019-07-14T20:00:28.060Z,1,7,false
2019-07-14T20:00:38.857Z,1,8,false
2019-07-14T20:00:49.970Z,1,9,false
2019-07-14T20:01:30.648Z,1,1,false
2019-07-14T20:01:39.708Z,1,2,false
2019-07-14T20:01:50.018Z,1,3,false
2019-07-14T20:01:58.543Z,1,4,false
2019-07-14T20:02:07.221Z,1,5,false
2019-07-14T20:02:17.923Z,1,6,false
2019-07-14T20:02:28.401Z,1,7,false
2019-07-14T20:02:38.351Z,1,8,false
2019-07-14T20:02:49.368Z,1,9,false
2019-07-14T20:03:30.182Z,1,1,false
2019-07-14T20:03:38.296Z,1,2,false
2019-07-14T20:03:48.101Z,1,3,false
2019-07-14T20:03:58.266Z,1,4,false
2019-07-14T20:04:08.565Z,1,5,false
2019-07-14T20:04:18.480Z,1,6,false
2019-07-14T20:04:29.314Z,1,7,false
2019-07-14T20:04:39.641Z,1,8,false
2019-07-14T20:04:50.390Z,1,9,false
2019-07-14T20:05:30.985Z,1,1,false
2019-07-14T20:05:40.668Z,1,2,false
2019-07-14T20:05:50.371Z,1,3,false
2019-07-14T20:05:59.177Z,1,4,false
2019-07-14T20:06:07.905Z,1,5,false
2019-07-14T20:06:18.620Z,1,6,false
2019-07-14T20:06:29.359Z,1,7,false
2019-07-14T20:06:39.711Z,1,8,false
2019-07-14T20:06:50.534Z,1,9,false
2019-07-14T20:07:29.207Z,1,1,false
2019-07-14T20:07:37.592Z,1,2,false
2019-07-14T20:07:45.391Z,1,3,false
2019-07-14T20:07:55.585Z,1,4,false
2019-07-14T20:08:04.799Z,1,5,false
2019-07-14T20:08:14.676Z,1,6,false
2019-07-14T20:08:25.507Z,1,7,false
2019-07-14T20:08:35.632Z,1,8,false
2019-07-14T20:08:46.056Z,1,9,false
2019-07-14T20:09:26.642Z,1,1,false
2019-07-14T20:09:35.078Z,1,2,false
2019-07-14T20:09:44.530Z,1,3,false
2019-07-14T20:09:55.175Z,1,4,false
2019-07-14T20:10:03.917Z,1,5,false
2019-07-14T20:10:14.199Z,1,6,false
2019-07-14T20:10:24.594Z,1,7,false
2019-07-14T20:10:35.049Z,1,8,false
2019-07-14T20:10:46.019Z,1,9,false
2019-07-14T20:11:27.079Z,1,1,false
2019-07-14T20:11:35.126Z,1,2,false
2019-07-14T20:11:44.720Z,1,3,false
2019-07-14T20:11:53.258Z,1,4,false
2019-07-14T20:12:01.960Z,1,5,false
2019-07-14T20:12:12.348Z,1,6,false
2019-07-14T20:12:23.409Z,1,7,false
2019-07-14T20:12:33.084Z,1,8,false
2019-07-14T20:12:42.957Z,1,9,false
2019-07-14T20:13:23.657Z,1,1,false
2019-07-14T20:13:31.682Z,1,2,false
2019-07-14T20:13:39.438Z,1,3,false
2019-07-14T20:13:50.271Z,1,4,false
2019-07-14T20:14:00.656Z,1,5,false
2019-07-14T20:14:11.152Z,1,6,false
2019-07-14T20:14:21.850Z,1,7,false
2019-07-14T20:14:32.048Z,1,8,false
2019-07-14T20:14:42.456Z,1,9,false
2019-07-14T20:15:22.615Z,1,1,false
2019-07-14T20:15:31.805Z,1,2,false
2019-07-14T20:15:41.306Z,1,3,false
2019-07-14T20:15:51.478Z,1,4,false
2019-07-14T20:16:02.820Z,1,5,false
2019-07-14T20:16:12.850Z,1,6,false
2019-07-14T20:16:22.950Z,1,7,false
2019-07-14T20:16:32.000Z,1,8,false
2019-07-14T20:16:42.704Z,1,9,false
2019-07-14T20:17:22.808Z,1,1,false
2019-07-14T20:17:30.873Z,1,2,false
2019-07-14T20:17:40.101Z,1,3,false
2019-07-14T20:17:50.500Z,1,4,false
2019-07-14T20:18:00.774Z,1,5,false
2019-07-14T20:18:09.385Z,1,6,false
2019-07-14T20:18:19.848Z,1,7,false
2019-07-14T20:18:29.548Z,1,8,false
2019-07-14T20:18:39.202Z,1,9,false
2019-07-14T20:19:20.160Z,1,1,false
2019-07-14T20:19:28.210Z,1,2,false
2019-07-14T20:19:36.017Z,1,3,false
2019-07-14T20:19:46.183Z,1,4,false
2019-07-14T20:19:55.247Z,1,5,false
2019-07-14T20:20:05.314Z,1,6,false
2019-07-14T20:20:15.385Z,1,7,false
2019-07-14T20:20:25.847Z,1,8,false
2019-07-14T20:20:36.267Z,1,9,false
2019-07-14T20:21:16.528Z,1,1,false
2019-07-14T20:21:26.036Z,1,2,false
2019-07-14T20:21:33.893Z,1,3,false
2019-07-14T20:21:44.089Z,1,4,false
2019-07-14T20:21:54.812Z,1,5,false
2019-07-14T20:22:05.111Z,1,6,false
2019-07-14T20:22:15.251Z,1,7,false
2019-07-14T20:22:24.754Z,1,8,false
2019-07-14T20:22:34.933Z,1,9,false
2019-07-14T20:23:15.086Z,1,1,false
2019-07-14T20:23:23.947Z,1,2,false
2019-07-14T20:23:33.413Z,1,3,false
2019-07-14T20:23:42.022Z,1,4,false
2019-07-14T20:23:52.393Z,1,5,false
2019-07-14T20:24:00.806Z,1,6,false
2019-07-14T20:24:11.356Z,1,7,false
2019-07-14T20:24:21.10Z,1,8,false
2019-07-14T20:24:31.522Z,1,9,false
2019-07-14T20:25:11.981Z,1,1,false
2019-07-14T20:25:22.176Z,1,2,false
2019-07-14T20:25:29.979Z,1,3,false
2019-07-14T20:25:38.521Z,1,4,false
2019-07-14T20:25:48.132Z,1,5,false
2019-07-14T20:25:58.900Z,1,6,false
2019-07-14T20:26:09.615Z,1,7,false
2019-07-14T20:26:19.816Z,1,8,false
2019-07-14T20:26:29.833Z,1,9,false
2019-07-14T20:27:09.730Z,1,1,false
2019-07-14T20:27:19.760Z,1,2,false
2019-07-14T20:27:27.558Z,1,3,false
2019-07-14T20:27:36.148Z,1,4,false
2019-07-14T20:27:46.494Z,1,5,false
2019-07-14T20:27:56.776Z,1,6,false
2019-07-14T20:28:07.209Z,1,7,false
2019-07-14T20:28:16.074Z,1,8,false
2019-07-14T20:28:26.277Z,1,9,false
2019-07-14T20:29:05.561Z,1,1,false
2019-07-14T20:29:15.864Z,1,2,false
2019-07-14T20:29:24.751Z,1,3,false
2019-07-14T20:29:33.249Z,1,4,false
2019-07-14T20:29:41.992Z,1,5,false
2019-07-14T20:29:51.576Z,1,6,false
2019-07-14T20:30:02.071Z,1,7,false
2019-07-14T20:30:11.745Z,1,8,false
2019-07-14T20:30:21.806Z,1,9,false
2019-07-14T20:31:02.725Z,1,1,false
2019-07-14T20:31:12.650Z,1,2,false
2019-07-14T20:31:20.449Z,1,3,false
2019-07-14T20:31:30.599Z,1,4,false
2019-07-14T20:31:39.338Z,1,5,false
2019-07-14T20:31:48.811Z,1,6,false
2019-07-14T20:31:59.205Z,1,7,false
2019-07-14T20:32:08.454Z,1,8,false
2019-07-14T20:32:18.811Z,1,9,false
2019-07-14T20:32:59.324Z,1,1,false
2019-07-14T20:33:08.348Z,1,2,false
2019-07-14T20:33:18.497Z,1,3,false
2019-07-14T20:33:27.007Z,1,4,false
2019-07-14T20:33:35.722Z,1,5,false
2019-07-14T20:33:45.659Z,1,6,false
2019-07-14T20:33:56.780Z,1,7,false
2019-07-14T20:34:06.978Z,1,8,false
2019-07-14T20:34:17.430Z,1,9,false
2019-07-14T20:34:58.422Z,1,1,false
2019-07-14T20:35:09.196Z,1,2,false
2019-07-14T20:35:19.316Z,1,3,false
2019-07-14T20:35:27.997Z,1,4,false
2019-07-14T20:35:38.350Z,1,5,false
2019-07-14T20:35:46.814Z,1,6,false
2019-07-14T20:35:57.870Z,1,7,false
2019-07-14T20:36:08.567Z,1,8,false
2019-07-14T20:36:18.921Z,1,9,false
2019-07-14T20:36:59.710Z,1,1,false
2019-07-14T20:37:10.602Z,1,2,false
2019-07-14T20:37:20.615Z,1,3,false
2019-07-14T20:37:29.083Z,1,4,false
2019-07-14T20:37:37.831Z,1,5,false
2019-07-14T20:37:46.142Z,1,6,false
2019-07-14T20:37:54.595Z,1,7,false
2019-07-14T20:38:05.263Z,1,8,false
2019-07-14T20:38:15.827Z,1,9,false
2019-07-14T20:38:56.771Z,1,1,false
2019-07-14T20:39:05.830Z,1,2,false
2019-07-14T20:39:15.413Z,1,3,false
2019-07-14T20:39:24.959Z,1,4,false
2019-07-14T20:39:34.940Z,1,5,false
2019-07-14T20:39:43.181Z,1,6,false
2019-07-14T20:39:51.935Z,1,7,false
2019-07-14T20:40:02.184Z,1,8,false
2019-07-14T20:40:12.698Z,1,9,false
2019-07-14T20:40:53.350Z,1,1,false
2019-07-14T20:41:02.310Z,1,2,false
2019-07-14T20:41:12.368Z,1,3,false
2019-07-14T20:41:23.223Z,1,4,false
2019-07-14T20:41:31.946Z,1,5,false
2019-07-14T20:41:41.869Z,1,6,false
2019-07-14T20:41:52.057Z,1,7,false
2019-07-14T20:42:02.264Z,1,8,false
2019-07-14T20:42:11.789Z,1,9,false
2019-07-14T20:42:52.071Z,1,1,false
2019-07-14T20:43:02.705Z,1,2,false
2019-07-14T20:43:12.262Z,1,3,false
2019-07-14T20:43:20.799Z,1,4,false
2019-07-14T20:43:29.798Z,1,5,false
2019-07-14T20:43:38.006Z,1,6,false
2019-07-14T20:43:47.123Z,1,7,false
2019-07-14T20:43:57.797Z,1,8,false
2019-07-14T20:44:08.378Z,1,9,false
2019-07-14T20:44:48.551Z,1,1,false
2019-07-14T20:44:59.244Z,1,2,false
2019-07-14T20:45:09.464Z,1,3,false
2019-07-14T20:45:20.873Z,1,4,false
2019-07-14T20:45:29.596Z,1,5,false
2019-07-14T20:45:39.539Z,1,6,false
2019-07-14T20:45:49.592Z,1,7,false
2019-07-14T20:46:00.364Z,1,8,false
2019-07-14T20:46:11.338Z,1,9,false
2019-07-14T20:46:51.847Z,1,1,false
2019-07-14T20:47:01.816Z,1,2,false
2019-07-14T20:47:11.298Z,1,3,false
2019-07-14T20:47:21.351Z,1,4,false
2019-07-14T20:47:31.570Z,1,5,false
2019-07-14T20:47:39.803Z,1,6,false
2019-07-14T20:47:50.038Z,1,7,false
2019-07-14T20:48:00.367Z,1,8,false
2019-07-14T20:48:10.939Z,1,9,false
2019-07-14T20:48:51.892Z,1,1,false
2019-07-14T20:49:02.115Z,1,2,false
2019-07-14T20:49:10.967Z,1,3,false
2019-07-14T20:49:19.486Z,1,4,false
2019-07-14T20:49:28.889Z,1,5,false
2019-07-14T20:49:37.465Z,1,6,false
2019-07-14T20:49:45.871Z,1,7,false
2019-07-14T20:49:56.575Z,1,8,false
2019-07-14T20:50:07.623Z,1,9,false
2019-07-14T20:50:48.595Z,1,1,false
2019-07-14T20:50:57.989Z,1,2,false
2019-07-14T20:51:07.402Z,1,3,false
2019-07-14T20:51:18.088Z,1,4,false
2019-07-14T20:51:26.780Z,1,5,false
2019-07-14T20:51:35.073Z,1,6,false
2019-07-14T20:51:45.134Z,1,7,false
2019-07-14T20:51:54.959Z,1,8,false
2019-07-14T20:52:06.062Z,1,9,false
2019-07-14T20:52:47.088Z,1,1,false
2019-07-14T20:52:55.739Z,1,2,false
2019-07-14T20:53:05.880Z,1,3,false
2019-07-14T20:53:17.129Z,1,4,false
2019-07-14T20:53:25.826Z,1,5,false
2019-07-14T20:53:34.080Z,1,6,false
2019-07-14T20:53:44.363Z,1,7,false
2019-07-14T20:53:55.200Z,1,8,false
2019-07-14T20:54:06.204Z,1,9,false
2019-07-14T20:54:47.095Z,1,1,false
2019-07-14T20:54:57.158Z,1,2,false
2019-07-14T20:55:07.463Z,1,3,false
2019-07-14T20:55:18.464Z,1,4,false
2019-07-14T20:55:28.898Z,1,5,false
2019-07-14T20:55:37.167Z,1,6,false
2019-07-14T20:55:47.945Z,1,7,false
2019-07-14T20:55:58.390Z,1,8,false
2019-07-14T20:56:08.678Z,1,9,false
2019-07-14T20:56:49.482Z,1,1,false
2019-07-14T20:56:58.280Z,1,2,false
2019-07-14T20:57:08.589Z,1,3,false
2019-07-14T20:57:17.316Z,1,4,false
2019-07-14T20:57:26.033Z,1,5,false
2019-07-14T20:57:34.340Z,1,6,false
2019-07-14T20:57:43.019Z,1,7,false
2019-07-14T20:57:53.764Z,1,8,false
2019-07-14T20:58:04.863Z,1,9,false
2019-07-14T20:58:45.573Z,1,1,false
2019-07-14T20:58:56.289Z,1,2,false
2019-07-14T20:59:06.330Z,1,3,false
2019-07-14T20:59:17.359Z,1,4,false
2019-07-14T20:59:27.723Z,1,5,false
2019-07-14T20:59:37.653Z,1,6,false
2019-07-14T20:59:48.459Z,1,7,false
2019-07-14T20:59:58.283Z,1,8,false
2019-07-14T21:00:08.562Z,1,9,false
2019-07-14T21:00:48.103Z,1,1,false
2019-07-14T21:00:57.219Z,1,2,false
2019-07-14T21:01:06.845Z,1,3,false
2019-07-14T21:01:16.394Z,1,4,false
2019-07-14T21:01:25.115Z,1,5,false
2019-07-14T21:01:33.823Z,1,6,false
2019-07-14T21:01:42.223Z,1,7,false
2019-07-14T21:01:53.056Z,1,8,false
2019-07-14T21:02:04.003Z,1,9,false
2019-07-14T21:02:45.038Z,1,1,false
2019-07-14T21:02:54.889Z,1,2,false
2019-07-14T21:03:04.969Z,1,3,false
2019-07-14T21:03:15.677Z,1,4,false
2019-07-14T21:03:26.016Z,1,5,false
2019-07-14T21:03:34.259Z,1,6,false
2019-07-14T21:03:44.306Z,1,7,false
2019-07-14T21:03:54.938Z,1,8,false
2019-07-14T21:04:05.810Z,1,9,false
2019-07-14T21:04:46.805Z,1,1,false
2019-07-14T21:04:57.641Z,1,2,false
2019-07-14T21:05:08.148Z,1,3,false
2019-07-14T21:05:19.448Z,1,4,false
2019-07-14T21:05:28.125Z,1,5,false
2019-07-14T21:05:38.057Z,1,6,false
2019-07-14T21:05:46.414Z,1,7,false
2019-07-14T21:05:54.473Z,1,8,false
2019-07-14T21:06:05.223Z,1,9,false
2019-07-14T21:06:45.295Z,1,1,false
2019-07-14T21:06:55.475Z,1,2,false
2019-07-14T21:07:05.838Z,1,3,false
2019-07-14T21:07:17.071Z,1,4,false
2019-07-14T21:07:25.780Z,1,5,false
2019-07-14T21:07:34.117Z,1,6,false
2019-07-14T21:07:42.525Z,1,7,false
2019-07-14T21:07:51.640Z,1,8,false
2019-07-14T21:08:02.703Z,1,9,false
2019-07-14T21:08:43.695Z,1,1,false
2019-07-14T21:08:54.173Z,1,2,false
2019-07-14T21:09:04.779Z,1,3,false
2019-07-14T21:09:15.915Z,1,4,false
2019-07-14T21:09:26.479Z,1,5,false
2019-07-14T21:09:34.757Z,1,6,false
2019-07-14T21:09:43.082Z,1,7,false
2019-07-14T21:09:51.741Z,1,8,false
2019-07-14T21:10:02.351Z,1,9,false
2019-07-14T21:10:42.827Z,1,1,false
2019-07-14T21:10:53.593Z,1,2,false
2019-07-14T21:11:03.347Z,1,3,false
2019-07-14T21:11:13.886Z,1,4,false
2019-07-14T21:11:25.212Z,1,5,false
2019-07-14T21:11:35.316Z,1,6,false
2019-07-14T21:11:45.234Z,1,7,false
2019-07-14T21:11:53.221Z,1,8,false
2019-07-14T21:12:02.643Z,1,9,false
2019-07-14T21:12:42.641Z,1,1,false
2019-07-14T21:12:53.031Z,1,2,false
2019-07-14T21:13:03.459Z,1,3,false
2019-07-14T21:13:13.856Z,1,4,false
2019-07-14T21:13:25.157Z,1,5,false
2019-07-14T21:13:33.477Z,1,6,false
2019-07-14T21:13:41.896Z,1,7,false
2019-07-14T21:13:51.262Z,1,8,false
2019-07-14T21:13:59.902Z,1,9,false
2019-07-14T21:14:40.078Z,1,1,false
2019-07-14T21:14:50.699Z,1,2,false
2019-07-14T21:15:01.089Z,1,3,false
2019-07-14T21:15:12.055Z,1,4,false
2019-07-14T21:15:21.745Z,1,5,false
2019-07-14T21:15:30.241Z,1,6,false
2019-07-14T21:15:40.273Z,1,7,false
2019-07-14T21:15:50.013Z,1,8,false
2019-07-14T21:15:58.298Z,1,9,false
2019-07-14T21:16:38.789Z,1,1,false
2019-07-14T21:16:49.166Z,1,2,false
2019-07-14T21:16:58.576Z,1,3,false
2019-07-14T21:17:08.608Z,1,4,false
2019-07-14T21:17:19.967Z,1,5,false
2019-07-14T21:17:29.720Z,1,6,false
2019-07-14T21:17:39.765Z,1,7,false
2019-07-14T21:17:50.198Z,1,8,false
2019-07-14T21:18:00.354Z,1,9,false
2019-07-14T21:18:41.154Z,1,1,false
2019-07-14T21:18:51.820Z,1,2,false
2019-07-14T21:19:01.817Z,1,3,false
2019-07-14T21:19:12.484Z,1,4,false
2019-07-14T21:19:23.496Z,1,5,false
2019-07-14T21:19:33.187Z,1,6,false
2019-07-14T21:19:41.575Z,1,7,false
2019-07-14T21:19:51.090Z,1,8,false
2019-07-14T21:20:01.108Z,1,9,false
2019-07-14T21:20:41.049Z,1,1,false
2019-07-14T21:20:51.959Z,1,2,false
2019-07-14T21:21:02.155Z,1,3,false
2019-07-14T21:21:14.124Z,1,4,false
2019-07-14T21:21:25.656Z,1,5,false
2019-07-14T21:21:36.576Z,1,6,false
2019-07-14T21:21:47.758Z,1,7,false
2019-07-14T21:21:56.924Z,1,8,false
2019-07-14T21:22:06.328Z,1,9,false
2019-07-14T21:22:46.261Z,1,1,false
2019-07-14T21:22:56.265Z,1,2,false
2019-07-14T21:23:06.366Z,1,3,false
2019-07-14T21:23:15.838Z,1,4,false
2019-07-14T21:23:26.533Z,1,5,false
2019-07-14T21:23:36.498Z,1,6,false
2019-07-14T21:23:47.218Z,1,7,false
2019-07-14T21:23:55.713Z,1,8,false
2019-07-14T21:24:04.360Z,1,9,false
2019-07-14T21:24:44.243Z,1,1,false
2019-07-14T21:24:54.549Z,1,2,false
2019-07-14T21:25:03.033Z,1,3,false
2019-07-14T21:25:13.222Z,1,4,false
2019-07-14T21:25:21.932Z,1,5,false
2019-07-14T21:25:31.791Z,1,6,false
2019-07-14T21:25:42.058Z,1,7,false
2019-07-14T21:25:52.610Z,1,8,false
2019-07-14T21:26:00.916Z,1,9,false
2019-07-14T21:26:39.463Z,1,1,false
2019-07-14T21:26:50.075Z,1,2,false
2019-07-14T21:26:59.808Z,1,3,false
2019-07-14T21:27:10.007Z,1,4,false
2019-07-14T21:27:20.518Z,1,5,false
2019-07-14T21:27:29.789Z,1,6,false
2019-07-14T21:27:40.218Z,1,7,false
2019-07-14T21:27:49.977Z,1,8,false
2019-07-14T21:27:58.290Z,1,9,false
2019-07-14T21:28:38.172Z,1,1,false
2019-07-14T21:28:48.765Z,1,2,false
2019-07-14T21:28:58.768Z,1,3,false
2019-07-14T21:29:09.611Z,1,4,false
2019-07-14T21:29:19.911Z,1,5,false
2019-07-14T21:29:30.661Z,1,6,false
2019-07-14T21:29:41.744Z,1,7,false
2019-07-14T21:29:51.274Z,1,8,false
2019-07-14T21:29:59.626Z,1,9,false
2019-07-14T21:30:37.926Z,1,1,false
2019-07-14T21:30:47.878Z,1,2,false
2019-07-14T21:30:57.834Z,1,3,false
2019-07-14T21:31:08.357Z,1,4,false
2019-07-14T21:31:18.766Z,1,5,false
2019-07-14T21:31:28.658Z,1,6,false
2019-07-14T21:31:39.325Z,1,7,false
2019-07-14T21:31:49.495Z,1,8,false
2019-07-14T21:31:59.066Z,1,9,false
2019-07-14T21:32:37.386Z,1,1,false
2019-07-14T21:32:47.646Z,1,2,false
2019-07-14T21:32:57.806Z,1,3,false
2019-07-14T21:33:08.012Z,1,4,false
2019-07-14T21:33:19.148Z,1,5,false
2019-07-14T21:33:29.247Z,1,6,false
2019-07-14T21:33:38.314Z,1,7,false
2019-07-14T21:33:48.341Z,1,8,false
2019-07-14T21:33:56.611Z,1,9,false
2019-07-14T21:34:34.935Z,1,1,false
2019-07-14T21:34:45.247Z,1,2,false
2019-07-14T21:34:55.452Z,1,3,false
2019-07-14T21:35:06.243Z,1,4,false
2019-07-14T21:35:17.775Z,1,5,false
2019-07-14T21:35:28.014Z,1,6,false
2019-07-14T21:35:39.448Z,1,7,false
2019-07-14T21:35:49.392Z,1,8,false
2019-07-14T21:35:59.372Z,1,9,false
2019-07-14T21:36:37.627Z,1,1,false
2019-07-14T21:36:47.595Z,1,2,false
2019-07-14T21:36:58.026Z,1,3,false
2019-07-14T21:37:08.116Z,1,4,false
2019-07-14T21:37:19.524Z,1,5,false
2019-07-14T21:37:30.198Z,1,6,false
2019-07-14T21:37:40.757Z,1,7,false
2019-07-14T21:37:51.505Z,1,8,false
2019-07-14T21:38:00.890Z,1,9,false
2019-07-14T21:38:39.587Z,1,1,false
2019-07-14T21:38:49.780Z,1,2,false
2019-07-14T21:39:00.255Z,1,3,false
2019-07-14T21:39:11.398Z,1,4,false
2019-07-14T21:39:22.840Z,1,5,false
2019-07-14T21:39:33.379Z,1,6,false
2019-07-14T21:39:43.821Z,1,7,false
2019-07-14T21:39:54.452Z,1,8,false
2019-07-14T21:40:02.770Z,1,9,false
2019-07-14T21:40:42.725Z,1,1,false
2019-07-14T21:40:53.137Z,1,2,false
2019-07-14T21:41:02.689Z,1,3,false
2019-07-14T21:41:12.798Z,1,4,false
2019-07-14T21:41:23.172Z,1,5,false
2019-07-14T21:41:32.637Z,1,6,false
2019-07-14T21:41:42.654Z,1,7,false
2019-07-14T21:41:53.085Z,1,8,false
2019-07-14T21:42:03.781Z,1,9,false
2019-07-14T21:42:42.168Z,1,1,false
2019-07-14T21:42:51.848Z,1,2,false
2019-07-14T21:43:00.610Z,1,3,false
2019-07-14T21:43:11.312Z,1,4,false
2019-07-14T21:43:21.823Z,1,5,false
2019-07-14T21:43:32.298Z,1,6,false
2019-07-14T21:43:42.709Z,1,7,false
2019-07-14T21:43:52.428Z,1,8,false
2019-07-14T21:44:02.023Z,1,9,false
2019-07-14T21:44:40.872Z,1,1,false
2019-07-14T21:44:51.486Z,1,2,false
2019-07-14T21:45:01.317Z,1,3,false
2019-07-14T21:45:12.191Z,1,4,false
2019-07-14T21:45:23.278Z,1,5,false
2019-07-14T21:45:33.272Z,1,6,false
2019-07-14T21:45:44.158Z,1,7,false
2019-07-14T21:45:53.151Z,1,8,false
2019-07-14T21:46:03.193Z,1,9,false
2019-07-14T21:46:43.100Z,1,1,false
2019-07-14T21:46:52.567Z,1,2,false
2019-07-14T21:47:02.078Z,1,3,false
2019-07-14T21:47:12.834Z,1,4,false
2019-07-14T21:47:23.236Z,1,5,false
2019-07-14T21:47:33.126Z,1,6,false
2019-07-14T21:47:43.762Z,1,7,false
2019-07-14T21:47:53.915Z,1,8,false
2019-07-14T21:48:04.110Z,1,9,false
2019-07-14T21:48:43.989Z,1,1,false
2019-07-14T21:48:53.829Z,1,2,false
2019-07-14T21:49:03.922Z,1,3,false
2019-07-14T21:49:15.018Z,1,4,false
2019-07-14T21:49:25.792Z,1,5,false
2019-07-14T21:49:36.711Z,1,6,false
2019-07-14T21:49:47.150Z,1,7,false
2019-07-14T21:49:57.647Z,1,8,false
2019-07-14T21:50:07.755Z,1,9,false
2019-07-14T21:50:45.966Z,1,1,false
2019-07-14T21:50:56.605Z,1,2,false
2019-07-14T21:51:06.461Z,1,3,false
2019-07-14T21:51:15.657Z,1,4,false
2019-07-14T21:51:25.945Z,1,5,false
2019-07-14T21:51:36.454Z,1,6,false
2019-07-14T21:51:46.802Z,1,7,false
2019-07-14T21:51:55.694Z,1,8,false
2019-07-14T21:52:06.457Z,1,9,false
2019-07-14T21:52:46.324Z,1,1,false
2019-07-14T21:52:56.250Z,1,2,false
2019-07-14T21:53:05.040Z,1,3,false
2019-07-14T21:53:14.764Z,1,4,false
2019-07-14T21:53:25.337Z,1,5,false
2019-07-14T21:53:35.873Z,1,6,false
2019-07-14T21:53:46.223Z,1,7,false
2019-07-14T21:53:55.820Z,1,8,false
2019-07-14T21:54:04.563Z,1,9,false
2019-07-14T21:54:44.505Z,1,1,false
2019-07-14T21:54:55.159Z,1,2,false
2019-07-14T21:55:05.481Z,1,3,false
2019-07-14T21:55:16.350Z,1,4,false
2019-07-14T21:55:26.805Z,1,5,false
2019-07-14T21:55:36.456Z,1,6,false
2019-07-14T21:55:47.499Z,1,7,false
2019-07-14T21:55:57.940Z,1,8,false
2019-07-14T21:56:08.028Z,1,9,false
2019-07-14T21:56:46.345Z,1,1,false
2019-07-14T21:56:56.394Z,1,2,false
2019-07-14T21:57:06.248Z,1,3,false
2019-07-14T21:57:14.831Z,1,4,false
2019-07-14T21:57:25.050Z,1,5,false
2019-07-14T21:57:35.538Z,1,6,false
2019-07-14T21:57:45.217Z,1,7,false
2019-07-14T21:57:55.679Z,1,8,false
2019-07-14T21:58:04.199Z,1,9,false
2019-07-14T21:58:42.439Z,1,1,false
2019-07-14T21:58:52.823Z,1,2,false
2019-07-14T21:59:02.941Z,1,3,false
2019-07-14T21:59:13.994Z,1,4,false
2019-07-14T21:59:24.744Z,1,5,false
2019-07-14T21:59:35.632Z,1,6,false
2019-07-14T21:59:46.049Z,1,7,false
2019-07-14T21:59:56.477Z,1,8,false
2019-07-14T22:00:06.837Z,1,9,false
2019-07-14T22:00:45.278Z,1,1,false
2019-07-14T22:00:55.574Z,1,2,false
2019-07-14T22:01:06.028Z,1,3,false
2019-07-14T22:01:16.278Z,1,4,false
2019-07-14T22:01:27.147Z,1,5,false
2019-07-14T22:01:37.681Z,1,6,false
2019-07-14T22:01:48.035Z,1,7,false
2019-07-14T22:01:58.467Z,1,8,false
2019-07-14T22:02:08.442Z,1,9,false
2019-07-14T22:02:46.725Z,1,1,false
2019-07-14T22:02:57.050Z,1,2,false
2019-07-14T22:03:06.047Z,1,3,false
2019-07-14T22:03:16.670Z,1,4,false
2019-07-14T22:03:27.760Z,1,5,false
2019-07-14T22:03:38.670Z,1,6,false
2019-07-14T22:03:49.661Z,1,7,false
2019-07-14T22:04:00.360Z,1,8,false
2019-07-14T22:04:10.901Z,1,9,false
2019-07-14T22:04:50.831Z,1,1,false
2019-07-14T22:05:00.500Z,1,2,false
2019-07-14T22:05:10.241Z,1,3,false
2019-07-14T22:05:21.135Z,1,4,false
2019-07-14T22:05:31.848Z,1,5,false
2019-07-14T22:05:40.899Z,1,6,false
2019-07-14T22:05:51.055Z,1,7,false
2019-07-14T22:06:01.006Z,1,8,false
2019-07-14T22:06:10.856Z,1,9,false
2019-07-14T22:06:50.726Z,1,1,false
2019-07-14T22:07:01.097Z,1,2,false
2019-07-14T22:07:10.533Z,1,3,false
2019-07-14T22:07:21.014Z,1,4,false
2019-07-14T22:07:31.406Z,1,5,false
2019-07-14T22:07:42.203Z,1,6,false
2019-07-14T22:07:52.870Z,1,7,false
2019-07-14T22:08:01.364Z,1,8,false
2019-07-14T22:08:11.475Z,1,9,false
2019-07-14T22:08:49.736Z,1,1,false
2019-07-14T22:09:00.230Z,1,2,false
2019-07-14T22:09:10.271Z,1,3,false
2019-07-14T22:09:20.654Z,1,4,false
2019-07-14T22:09:31.112Z,1,5,false
2019-07-14T22:09:40.048Z,1,6,false
2019-07-14T22:09:50.634Z,1,7,false
2019-07-14T22:09:59.223Z,1,8,false
2019-07-14T22:10:09.951Z,1,9,false
2019-07-14T22:10:48.248Z,1,1,false
2019-07-14T22:10:58.359Z,1,2,false
2019-07-14T22:11:08.406Z,1,3,false
2019-07-14T22:11:19.150Z,1,4,false
2019-07-14T22:11:30.082Z,1,5,false
2019-07-14T22:11:40.543Z,1,6,false
2019-07-14T22:11:51.529Z,1,7,false
2019-07-14T22:12:01.565Z,1,8,false
2019-07-14T22:12:10.197Z,1,9,false
2019-07-14T22:12:48.430Z,1,1,false
2019-07-14T22:12:58.394Z,1,2,false
2019-07-14T22:13:07.906Z,1,3,false
2019-07-14T22:13:18.497Z,1,4,false
2019-07-14T22:13:29.125Z,1,5,false
2019-07-14T22:13:39.661Z,1,6,false
2019-07-14T22:13:50.174Z,1,7,false
2019-07-14T22:14:00.162Z,1,8,false
2019-07-14T22:14:10.050Z,1,9,false
2019-07-14T22:14:48.578Z,1,1,false
2019-07-14T22:14:58.779Z,1,2,false
2019-07-14T22:15:08.702Z,1,3,false
2019-07-14T22:15:18.818Z,1,4,false
2019-07-14T22:15:29.684Z,1,5,false
2019-07-14T22:15:39.169Z,1,6,false
2019-07-14T22:15:50.194Z,1,7,false
2019-07-14T22:15:59.768Z,1,8,false
2019-07-14T22:16:08.946Z,1,9,false
2019-07-14T22:16:47.219Z,1,1,false
2019-07-14T22:16:57.241Z,1,2,false
2019-07-14T22:17:06.906Z,1,3,false
2019-07-14T22:17:17.884Z,1,4,false
2019-07-14T22:17:28.398Z,1,5,false
2019-07-14T22:17:38.694Z,1,6,false
2019-07-14T22:17:49.831Z,1,7,false
2019-07-14T22:17:59.520Z,1,8,false
2019-07-14T22:18:09.998Z,1,9,false
2019-07-14T22:18:48.200Z,1,1,false
2019-07-14T22:18:58.891Z,1,2,false
2019-07-14T22:19:09.409Z,1,3,false
2019-07-14T22:19:20.697Z,1,4,false
2019-07-14T22:19:31.367Z,1,5,false
2019-07-14T22:19:42.340Z,1,6,false
2019-07-14T22:19:53.362Z,1,7,false
2019-07-14T22:20:03.878Z,1,8,false
2019-07-14T22:20:14.470Z,1,9,false
2019-07-14T22:20:54.404Z,1,1,false
2019-07-14T22:21:03.931Z,1,2,false
2019-07-14T22:21:14.358Z,1,3,false
2019-07-14T22:21:24.939Z,1,4,false
2019-07-14T22:21:35.802Z,1,5,false
2019-07-14T22:21:46.810Z,1,6,false
2019-07-14T22:21:57.894Z,1,7,false
2019-07-14T22:22:08.666Z,1,8,false
2019-07-14T22:22:19.706Z,1,9,false
2019-07-14T22:22:57.935Z,1,1,false
2019-07-14T22:23:08.640Z,1,2,false
2019-07-14T22:23:19.095Z,1,3,false
2019-07-14T22:23:29.993Z,1,4,false
2019-07-14T22:23:41.365Z,1,5,false
2019-07-14T22:23:52.271Z,1,6,false
2019-07-14T22:24:01.472Z,1,7,false
2019-07-14T22:24:11.911Z,1,8,false
2019-07-14T22:24:22.800Z,1,9,false
2019-07-14T22:25:01.041Z,1,1,false
2019-07-14T22:25:11.593Z,1,2,false
2019-07-14T22:25:21.852Z,1,3,false
2019-07-14T22:25:32.980Z,1,4,false
2019-07-14T22:25:43.510Z,1,5,false
2019-07-14T22:25:54.339Z,1,6,false
2019-07-14T22:26:04.978Z,1,7,false
2019-07-14T22:26:15.237Z,1,8,false
2019-07-14T22:26:25.937Z,1,9,false
2019-07-14T22:27:05.924Z,1,1,false
2019-07-14T22:27:16.566Z,1,2,false
2019-07-14T22:27:27.015Z,1,3,false
2019-07-14T22:27:38.014Z,1,4,false
2019-07-14T22:27:49.436Z,1,5,false
2019-07-14T22:27:59.993Z,1,6,false
2019-07-14T22:28:08.969Z,1,7,false
2019-07-14T22:28:19.278Z,1,8,false
2019-07-14T22:28:29.235Z,1,9,false
2019-07-14T22:29:07.505Z,1,1,false
2019-07-14T22:29:16.584Z,1,2,false
2019-07-14T22:29:26.627Z,1,3,false
2019-07-14T22:29:36.965Z,1,4,false
2019-07-14T22:29:48.208Z,1,5,false
2019-07-14T22:29:58.096Z,1,6,false
2019-07-14T22:30:09.100Z,1,7,false
2019-07-14T22:30:19.087Z,1,8,false
2019-07-14T22:30:29.243Z,1,9,false
2019-07-14T22:31:09.232Z,1,1,false
2019-07-14T22:31:19.106Z,1,2,false
2019-07-14T22:31:29.333Z,1,3,false
2019-07-14T22:31:39.229Z,1,4,false
2019-07-14T22:31:49.465Z,1,5,false
2019-07-14T22:31:59.957Z,1,6,false
2019-07-14T22:32:10.767Z,1,7,false
2019-07-14T22:32:20.251Z,1,8,false
2019-07-14T22:32:29.350Z,1,9,false
2019-07-14T22:33:09.423Z,1,1,false
2019-07-14T22:33:19.911Z,1,2,false
2019-07-14T22:33:30.053Z,1,3,false
2019-07-14T22:33:41.071Z,1,4,false
2019-07-14T22:33:52.416Z,1,5,false
2019-07-14T22:34:03.426Z,1,6,false
2019-07-14T22:34:13.261Z,1,7,false
2019-07-14T22:34:23.113Z,1,8,false
2019-07-14T22:34:32.591Z,1,9,false
2019-07-14T22:35:12.672Z,1,1,false
2019-07-14T22:35:22.575Z,1,2,false
2019-07-14T22:35:32.438Z,1,3,false
2019-07-14T22:35:42.737Z,1,4,false
2019-07-14T22:35:52.301Z,1,5,false
2019-07-14T22:36:02.904Z,1,6,false
2019-07-14T22:36:13.661Z,1,7,false
2019-07-14T22:36:23.158Z,1,8,false
2019-07-14T22:36:33.623Z,1,9,false
2019-07-14T22:37:13.625Z,1,1,false
2019-07-14T22:37:24.095Z,1,2,false
2019-07-14T22:37:33.616Z,1,3,false
2019-07-14T22:37:43.562Z,1,4,false
2019-07-14T22:37:54.312Z,1,5,false
2019-07-14T22:38:04.178Z,1,6,false
2019-07-14T22:38:15.160Z,1,7,false
2019-07-14T22:38:25.525Z,1,8,false
2019-07-14T22:38:35.968Z,1,9,false
2019-07-14T22:39:16.437Z,1,1,false
2019-07-14T22:39:26.358Z,1,2,false
2019-07-14T22:39:36.403Z,1,3,false
2019-07-14T22:39:46.545Z,1,4,false
2019-07-14T22:39:57.222Z,1,5,false
2019-07-14T22:40:07.374Z,1,6,false
2019-07-14T22:40:17.463Z,1,7,false
2019-07-14T22:40:27.157Z,1,8,false
2019-07-14T22:40:37.565Z,1,9,false
2019-07-14T22:41:17.592Z,1,1,false
2019-07-14T22:41:28.021Z,1,2,false
2019-07-14T22:41:38.421Z,1,3,false
2019-07-14T22:41:49.673Z,1,4,false
2019-07-14T22:42:00.836Z,1,5,false
2019-07-14T22:42:11.606Z,1,6,false
2019-07-14T22:42:22.595Z,1,7,false
2019-07-14T22:42:31.758Z,1,8,false
2019-07-14T22:42:42.255Z,1,9,false
2019-07-14T22:43:23.214Z,1,1,false
2019-07-14T22:43:33.805Z,1,2,false
2019-07-14T22:43:43.748Z,1,3,false
2019-07-14T22:43:54.766Z,1,4,false
2019-07-14T22:44:05.147Z,1,5,false
2019-07-14T22:44:16.001Z,1,6,false
2019-07-14T22:44:26.570Z,1,7,false
2019-07-14T22:44:36.803Z,1,8,false
2019-07-14T22:44:46.960Z,1,9,false
2019-07-14T22:45:27.394Z,1,1,false
2019-07-14T22:45:37.750Z,1,2,false
2019-07-14T22:45:47.791Z,1,3,false
2019-07-14T22:45:58.499Z,1,4,false
2019-07-14T22:46:09.319Z,1,5,false
2019-07-14T22:46:20.140Z,1,6,false
2019-07-14T22:46:30.118Z,1,7,false
2019-07-14T22:46:40.438Z,1,8,false
2019-07-14T22:46:50.770Z,1,9,false
2019-07-14T22:47:31.071Z,1,1,false
2019-07-14T22:47:40.791Z,1,2,false
2019-07-14T22:47:50.713Z,1,3,false
2019-07-14T22:48:00.958Z,1,4,false
2019-07-14T22:48:12.096Z,1,5,false
2019-07-14T22:48:22.281Z,1,6,false
2019-07-14T22:48:32.452Z,1,7,false
2019-07-14T22:48:42.899Z,1,8,false
2019-07-14T22:48:53.246Z,1,9,false
2019-07-14T22:49:33.649Z,1,1,false
2019-07-14T22:49:43.726Z,1,2,false
2019-07-14T22:49:52.702Z,1,3,false
2019-07-14T22:50:02.966Z,1,4,false
2019-07-14T22:50:11.717Z,1,5,false
2019-07-14T22:50:20.447Z,1,6,false
2019-07-14T22:50:30.924Z,1,7,false
2019-07-14T22:50:41.212Z,1,8,false
2019-07-14T22:50:51.689Z,1,9,false
2019-07-14T22:51:32.392Z,1,1,false
2019-07-14T22:51:41.760Z,1,2,false
2019-07-14T22:51:51.278Z,1,3,false
2019-07-14T22:52:02.431Z,1,4,false
2019-07-14T22:52:13.074Z,1,5,false
2019-07-14T22:52:23.943Z,1,6,false
2019-07-14T22:52:34.760Z,1,7,false
2019-07-14T22:52:45.289Z,1,8,false
2019-07-14T22:52:55.417Z,1,9,false
2019-07-14T22:53:35.896Z,1,1,false
2019-07-14T22:53:45.809Z,1,2,false
2019-07-14T22:53:55.739Z,1,3,false
2019-07-14T22:54:06.344Z,1,4,false
2019-07-14T22:54:17.754Z,1,5,false
2019-07-14T22:54:28.264Z,1,6,false
2019-07-14T22:54:38.748Z,1,7,false
2019-07-14T22:54:49.558Z,1,8,false
2019-07-14T22:55:00.695Z,1,9,false
2019-07-14T22:55:41.697Z,1,1,false
2019-07-14T22:55:52.507Z,1,2,false
2019-07-14T22:56:03.070Z,1,3,false
2019-07-14T22:56:14.359Z,1,4,false
2019-07-14T22:56:25.780Z,1,5,false
2019-07-14T22:56:35.991Z,1,6,false
2019-07-14T22:56:46.906Z,1,7,false
2019-07-14T22:56:57.296Z,1,8,false
2019-07-14T22:57:07.199Z,1,9,false
2019-07-14T22:57:47.779Z,1,1,false
2019-07-14T22:57:58.517Z,1,2,false
2019-07-14T22:58:08.628Z,1,3,false
2019-07-14T22:58:19.117Z,1,4,false
2019-07-14T22:58:29.611Z,1,5,false
2019-07-14T22:58:40.393Z,1,6,false
2019-07-14T22:58:51.457Z,1,7,false
2019-07-14T22:59:00.357Z,1,8,false
2019-07-14T22:59:10.340Z,1,9,false
2019-07-14T22:59:50.456Z,1,1,false
2019-07-14T23:00:00.295Z,1,2,false
2019-07-14T23:00:08.696Z,1,3,false
2019-07-14T23:00:25.440Z,1,4,false
2019-07-14T23:00:35.767Z,1,5,false
2019-07-14T23:00:45.787Z,1,6,false
2019-07-14T23:00:56.232Z,1,7,false
2019-07-14T23:01:06.864Z,1,8,false
2019-07-14T23:01:23.781Z,1,9,false
2019-07-14T23:02:04.621Z,1,1,false
2019-07-14T23:02:15.068Z,1,2,false
2019-07-14T23:02:25.443Z,1,3,false
2019-07-14T23:02:36.570Z,1,4,false
2019-07-14T23:02:48.049Z,1,5,false
2019-07-14T23:02:58.555Z,1,6,false
2019-07-14T23:03:09.581Z,1,7,false
2019-07-14T23:03:20.165Z,1,8,false
2019-07-14T23:03:30.661Z,1,9,false
2019-07-14T23:04:11.619Z,1,1,false
2019-07-14T23:04:21.637Z,1,2,false
2019-07-14T23:04:31.890Z,1,3,false
2019-07-14T23:04:42.256Z,1,4,false
2019-07-14T23:04:52.544Z,1,5,false
2019-07-14T23:05:02.134Z,1,6,false
2019-07-14T23:05:13.003Z,1,7,false
2019-07-14T23:05:21.582Z,1,8,false
2019-07-14T23:05:30.496Z,1,9,false
2019-07-14T23:06:10.656Z,1,1,false
2019-07-14T23:06:20.805Z,1,2,false
2019-07-14T23:06:31.047Z,1,3,false
2019-07-14T23:06:41.383Z,1,4,false
2019-07-14T23:06:52.399Z,1,5,false
2019-07-14T23:07:02.324Z,1,6,false
2019-07-14T23:07:12.638Z,1,7,false
2019-07-14T23:07:22.540Z,1,8,false
2019-07-14T23:07:32.600Z,1,9,false
2019-07-14T23:08:13.211Z,1,1,false
2019-07-14T23:08:23.117Z,1,2,false
2019-07-14T23:08:33.119Z,1,3,false
2019-07-14T23:08:43.456Z,1,4,false
2019-07-14T23:08:54.673Z,1,5,false
2019-07-14T23:09:04.507Z,1,6,false
2019-07-14T23:09:14.622Z,1,7,false
2019-07-14T23:09:25.111Z,1,8,false
2019-07-14T23:09:35.879Z,1,9,false
2019-07-14T23:10:14.205Z,1,1,false
2019-07-14T23:10:24.236Z,1,2,false
2019-07-14T23:10:33.776Z,1,3,false
2019-07-14T23:10:45.302Z,1,4,false
2019-07-14T23:10:56.623Z,1,5,false
2019-07-14T23:11:06.734Z,1,6,false
2019-07-14T23:11:15.494Z,1,7,false
2019-07-14T23:11:25.392Z,1,8,false
2019-07-14T23:11:35.845Z,1,9,false
2019-07-14T23:12:16.702Z,1,1,false
2019-07-14T23:12:26.505Z,1,2,false
2019-07-14T23:12:36.970Z,1,3,false
2019-07-14T23:12:48.523Z,1,4,false
2019-07-14T23:12:59.165Z,1,5,false
2019-07-14T23:13:09.569Z,1,6,false
2019-07-14T23:13:20.072Z,1,7,false
2019-07-14T23:13:30.518Z,1,8,false
2019-07-14T23:13:42.985Z,1,9,false
2019-07-14T23:14:21.836Z,1,1,false
2019-07-14T23:14:31.187Z,1,2,false
2019-07-14T23:14:40.970Z,1,3,false
2019-07-14T23:14:52.728Z,1,4,false
2019-07-14T23:15:03.843Z,1,5,false
2019-07-14T23:15:13.999Z,1,6,false
2019-07-14T23:15:23.102Z,1,7,false
2019-07-14T23:15:33.319Z,1,8,false
2019-07-14T23:15:43.865Z,1,9,false
2019-07-14T23:16:22.388Z,1,1,false
2019-07-14T23:16:31.934Z,1,2,false
2019-07-14T23:16:41.398Z,1,3,false
2019-07-14T23:16:52.353Z,1,4,false
2019-07-14T23:17:02.836Z,1,5,false
2019-07-14T23:17:12.728Z,1,6,false
2019-07-14T23:17:23.182Z,1,7,false
2019-07-14T23:17:31.912Z,1,8,false
2019-07-14T23:17:41.815Z,1,9,false
2019-07-14T23:18:21.466Z,1,1,false
2019-07-14T23:18:31.129Z,1,2,false
2019-07-14T23:18:41.392Z,1,3,false
2019-07-14T23:18:52.363Z,1,4,false
2019-07-14T23:19:03.095Z,1,5,false
2019-07-14T23:19:13.950Z,1,6,false
2019-07-14T23:19:24.752Z,1,7,false
2019-07-14T23:19:35.418Z,1,8,false
2019-07-14T23:19:46.367Z,1,9,false
2019-07-14T23:20:24.642Z,1,1,false
2019-07-14T23:20:34.993Z,1,2,false
2019-07-14T23:20:44.385Z,1,3,false
2019-07-14T23:20:54.075Z,1,4,false
2019-07-14T23:21:05.137Z,1,5,false
2019-07-14T23:21:15.286Z,1,6,false
2019-07-14T23:21:24.856Z,1,7,false
2019-07-14T23:21:34.900Z,1,8,false
2019-07-14T23:21:45.204Z,1,9,false
2019-07-14T23:22:25.184Z,1,1,false
2019-07-14T23:22:34.313Z,1,2,false
2019-07-14T23:22:43.732Z,1,3,false
2019-07-14T23:22:53.980Z,1,4,false
2019-07-14T23:23:04.859Z,1,5,false
2019-07-14T23:23:15.233Z,1,6,false
2019-07-14T23:23:26.10Z,1,7,false
2019-07-14T23:23:36.512Z,1,8,false
2019-07-14T23:23:46.550Z,1,9,false
2019-07-14T23:24:26.524Z,1,1,false
2019-07-14T23:24:36.320Z,1,2,false
2019-07-14T23:24:45.968Z,1,3,false
2019-07-14T23:24:54.996Z,1,4,false
2019-07-14T23:25:05.599Z,1,5,false
2019-07-14T23:25:15.558Z,1,6,false
2019-07-14T23:25:26.296Z,1,7,false
2019-07-14T23:25:34.867Z,1,8,false
2019-07-14T23:25:43.711Z,1,9,false
2019-07-14T23:26:24.196Z,1,1,false
2019-07-14T23:26:34.334Z,1,2,false
2019-07-14T23:26:43.492Z,1,3,false
2019-07-14T23:26:54.088Z,1,4,false
2019-07-14T23:27:05.052Z,1,5,false
2019-07-14T23:27:15.409Z,1,6,false
2019-07-14T23:27:26.420Z,1,7,false
2019-07-14T23:27:36.337Z,1,8,false
2019-07-14T23:27:46.894Z,1,9,false
2019-07-14T23:28:27.886Z,1,1,false
2019-07-14T23:28:37.551Z,1,2,false
2019-07-14T23:28:47.815Z,1,3,false
2019-07-14T23:28:58.025Z,1,4,false
2019-07-14T23:29:08.349Z,1,5,false
2019-07-14T23:29:18.787Z,1,6,false
2019-07-14T23:29:29.367Z,1,7,false
2019-07-14T23:29:39.693Z,1,8,false
2019-07-14T23:29:50.430Z,1,9,false
2019-07-14T23:30:30.781Z,1,1,false
2019-07-14T23:30:40.121Z,1,2,false
2019-07-14T23:30:50.240Z,1,3,false
2019-07-14T23:31:01.114Z,1,4,false
2019-07-14T23:31:12.321Z,1,5,false
2019-07-14T23:31:23.199Z,1,6,false
2019-07-14T23:31:33.028Z,1,7,false
2019-07-14T23:31:42.625Z,1,8,false
2019-07-14T23:31:53.413Z,1,9,false
2019-07-14T23:32:32.574Z,1,1,false
2019-07-14T23:32:42.605Z,1,2,false
2019-07-14T23:32:52.963Z,1,3,false
2019-07-14T23:33:03.319Z,1,4,false
2019-07-14T23:33:13.617Z,1,5,false
2019-07-14T23:33:23.949Z,1,6,false
2019-07-14T23:33:35.103Z,1,7,false
2019-07-14T23:33:45.782Z,1,8,false
2019-07-14T23:33:55.849Z,1,9,false
2019-07-14T23:34:36.188Z,1,1,false
2019-07-14T23:34:45.925Z,1,2,false
2019-07-14T23:34:55.772Z,1,3,false
2019-07-14T23:35:06.009Z,1,4,false
2019-07-14T23:35:16.566Z,1,5,false
2019-07-14T23:35:27.530Z,1,6,false
2019-07-14T23:35:37.944Z,1,7,false
2019-07-14T23:35:48.578Z,1,8,false
2019-07-14T23:35:59.547Z,1,9,false
2019-07-14T23:36:40.150Z,1,1,false
2019-07-14T23:36:50.658Z,1,2,false
2019-07-14T23:37:00.775Z,1,3,false
2019-07-14T23:37:11.745Z,1,4,false
2019-07-14T23:37:22.124Z,1,5,false
2019-07-14T23:37:32.272Z,1,6,false
2019-07-14T23:37:42.444Z,1,7,false
2019-07-14T23:37:51.913Z,1,8,false
2019-07-14T23:38:02.643Z,1,9,false
2019-07-14T23:38:42.988Z,1,1,false
2019-07-14T23:38:53.418Z,1,2,false
2019-07-14T23:39:03.205Z,1,3,false
2019-07-14T23:39:14.121Z,1,4,false
2019-07-14T23:39:25.118Z,1,5,false
2019-07-14T23:39:33.870Z,1,6,false
2019-07-14T23:39:44.718Z,1,7,false
2019-07-14T23:39:53.380Z,1,8,false
2019-07-14T23:40:02.432Z,1,9,false
2019-07-14T23:40:42.380Z,1,1,false
2019-07-14T23:40:51.653Z,1,2,false
2019-07-14T23:41:00.197Z,1,3,false
2019-07-14T23:41:11.055Z,1,4,false
2019-07-14T23:41:21.624Z,1,5,false
2019-07-14T23:41:31.520Z,1,6,false
2019-07-14T23:41:42.363Z,1,7,false
2019-07-14T23:41:52.842Z,1,8,false
2019-07-14T23:42:03.139Z,1,9,false
2019-07-14T23:42:43.599Z,1,1,false
2019-07-14T23:42:54.232Z,1,2,false
2019-07-14T23:43:03.721Z,1,3,false
2019-07-14T23:43:13.494Z,1,4,false
2019-07-14T23:43:23.195Z,1,5,false
2019-07-14T23:43:33.359Z,1,6,false
2019-07-14T23:43:43.569Z,1,7,false
2019-07-14T23:43:53.216Z,1,8,false
2019-07-14T23:44:02.360Z,1,9,false
2019-07-14T23:44:42.291Z,1,1,false
2019-07-14T23:44:52.605Z,1,2,false
2019-07-14T23:45:02.004Z,1,3,false
2019-07-14T23:45:10.856Z,1,4,false
2019-07-14T23:45:21.303Z,1,5,false
2019-07-14T23:45:32.017Z,1,6,false
2019-07-14T23:45:42.945Z,1,7,false
2019-07-14T23:45:53.272Z,1,8,false
2019-07-14T23:46:03.408Z,1,9,false
2019-07-14T23:46:43.735Z,1,1,false
2019-07-14T23:46:52.920Z,1,2,false
2019-07-14T23:47:01.546Z,1,3,false
2019-07-14T23:47:11.751Z,1,4,false
2019-07-14T23:47:22.335Z,1,5,false
2019-07-14T23:47:32.844Z,1,6,false
2019-07-14T23:47:43.437Z,1,7,false
2019-07-14T23:47:53.248Z,1,8,false
2019-07-14T23:48:03.484Z,1,9,false
2019-07-14T23:48:44.187Z,1,1,false
2019-07-14T23:48:54.119Z,1,2,false
2019-07-14T23:49:03.931Z,1,3,false
2019-07-14T23:49:14.408Z,1,4,false
2019-07-14T23:49:25.391Z,1,5,false
2019-07-14T23:49:35.977Z,1,6,false
2019-07-14T23:49:46.604Z,1,7,false
2019-07-14T23:49:57.165Z,1,8,false
2019-07-14T23:50:06.931Z,1,9,false
2019-07-14T23:50:47.263Z,1,1,false
2019-07-14T23:50:55.311Z,1,2,false
2019-07-14T23:51:05.274Z,1,3,false
2019-07-14T23:51:15.562Z,1,4,false
2019-07-14T23:51:25.938Z,1,5,false
2019-07-14T23:51:35.327Z,1,6,false
2019-07-14T23:51:46.250Z,1,7,false
2019-07-14T23:51:56.665Z,1,8,false
2019-07-14T23:52:07.266Z,1,9,false
2019-07-14T23:52:48.014Z,1,1,false
2019-07-14T23:52:58.247Z,1,2,false
2019-07-14T23:53:08.443Z,1,3,false
2019-07-14T23:53:19.492Z,1,4,false
2019-07-14T23:53:30.443Z,1,5,false
2019-07-14T23:53:41.086Z,1,6,false
2019-07-14T23:53:52.213Z,1,7,false
2019-07-14T23:54:02.886Z,1,8,false
2019-07-14T23:54:13.834Z,1,9,false
2019-07-14T23:54:52.466Z,1,1,false
2019-07-14T23:55:01.454Z,1,2,false
2019-07-14T23:55:10.038Z,1,3,false
2019-07-14T23:55:19.059Z,1,4,false
2019-07-14T23:55:29.582Z,1,5,false
2019-07-14T23:55:40.363Z,1,6,false
2019-07-14T23:55:50.843Z,1,7,false
2019-07-14T23:56:01.040Z,1,8,false
2019-07-14T23:56:11.127Z,1,9,false
2019-07-14T23:56:51.408Z,1,1,false
2019-07-14T23:57:01.665Z,1,2,false
2019-07-14T23:57:10.615Z,1,3,false
2019-07-14T23:57:20.920Z,1,4,false
2019-07-14T23:57:31.518Z,1,5,false
2019-07-14T23:57:41.469Z,1,6,false
2019-07-14T23:57:51.477Z,1,7,false
2019-07-14T23:58:01.865Z,1,8,false
2019-07-14T23:58:10.889Z,1,9,false
2019-07-14T23:58:49.470Z,1,1,false
2019-07-14T23:58:59.629Z,1,2,false
2019-07-14T23:59:13.624Z,1,3,false
2019-07-14T23:59:41.689Z,1,4,false
2019-07-15T00:00:21.150Z,1,5,false
2019-07-15T00:00:47.557Z,1,6,false
2019-07-15T00:01:00.853Z,1,7,false
2019-07-15T00:01:10.817Z,1,8,false
2019-07-15T00:01:22.974Z,1,9,false
2019-07-15T00:02:03.816Z,1,1,false
2019-07-15T00:02:14.153Z,1,2,false
2019-07-15T00:02:22.769Z,1,3,false
2019-07-15T00:02:33.352Z,1,4,false
2019-07-15T00:02:42.142Z,1,5,false
2019-07-15T00:02:51.685Z,1,6,false
2019-07-15T00:03:02.928Z,1,7,false
2019-07-15T00:03:12.817Z,1,8,false
2019-07-15T00:03:23.236Z,1,9,false
2019-07-15T00:04:04.180Z,1,1,false
2019-07-15T00:04:14.922Z,1,2,false
2019-07-15T00:04:25.519Z,1,3,false
2019-07-15T00:04:35.280Z,1,4,false
2019-07-15T00:04:44.675Z,1,5,false
2019-07-15T00:04:53.072Z,1,6,false
2019-07-15T00:05:04.474Z,1,7,false
2019-07-15T00:05:15.343Z,1,8,false
2019-07-15T00:05:26.302Z,1,9,false
2019-07-15T00:06:07.318Z,1,1,false
2019-07-15T00:06:17.997Z,1,2,false
2019-07-15T00:06:27.468Z,1,3,false
2019-07-15T00:06:36.801Z,1,4,false
2019-07-15T00:06:45.589Z,1,5,false
2019-07-15T00:06:53.945Z,1,6,false
2019-07-15T00:07:05.065Z,1,7,false
2019-07-15T00:07:15.925Z,1,8,false
2019-07-15T00:07:26.481Z,1,9,false
2019-07-15T00:08:07.525Z,1,1,false
2019-07-15T00:08:18.436Z,1,2,false
2019-07-15T00:08:29.105Z,1,3,false
2019-07-15T00:08:39.343Z,1,4,false
2019-07-15T00:08:50.507Z,1,5,false
2019-07-15T00:09:00.072Z,1,6,false
2019-07-15T00:09:11.296Z,1,7,false
2019-07-15T00:09:22.116Z,1,8,false
2019-07-15T00:09:33.335Z,1,9,false
2019-07-15T00:10:14.447Z,1,1,false
2019-07-15T00:10:24.735Z,1,2,false
2019-07-15T00:10:34.227Z,1,3,false
2019-07-15T00:10:42.840Z,1,4,false
2019-07-15T00:10:52.196Z,1,5,false
2019-07-15T00:11:02.275Z,1,6,false
2019-07-15T00:11:13.437Z,1,7,false
2019-07-15T00:11:24.151Z,1,8,false
2019-07-15T00:11:35.453Z,1,9,false
2019-07-15T00:12:16.637Z,1,1,false
2019-07-15T00:12:27.592Z,1,2,false
2019-07-15T00:12:37.606Z,1,3,false
2019-07-15T00:12:46.171Z,1,4,false
2019-07-15T00:12:55.022Z,1,5,false
2019-07-15T00:13:03.401Z,1,6,false
2019-07-15T00:13:13.525Z,1,7,false
2019-07-15T00:13:22.416Z,1,8,false
2019-07-15T00:13:33.484Z,1,9,false
2019-07-15T00:14:13.642Z,1,1,false
2019-07-15T00:14:23.992Z,1,2,false
2019-07-15T00:14:34.385Z,1,3,false
2019-07-15T00:14:45.285Z,1,4,false
2019-07-15T00:14:55.812Z,1,5,false
2019-07-15T00:15:04.349Z,1,6,false
2019-07-15T00:15:12.899Z,1,7,false
2019-07-15T00:15:23.771Z,1,8,false
2019-07-15T00:15:34.410Z,1,9,false
2019-07-15T00:16:15.456Z,1,1,false
2019-07-15T00:16:25.542Z,1,2,false
2019-07-15T00:16:35.414Z,1,3,false
2019-07-15T00:16:46.180Z,1,4,false
2019-07-15T00:16:56.669Z,1,5,false
2019-07-15T00:17:05.941Z,1,6,false
2019-07-15T00:17:15.022Z,1,7,false
2019-07-15T00:17:24.920Z,1,8,false
2019-07-15T00:17:35.352Z,1,9,false
2019-07-15T00:18:15.726Z,1,1,false
2019-07-15T00:18:25.804Z,1,2,false
2019-07-15T00:18:35.155Z,1,3,false
2019-07-15T00:18:45.498Z,1,4,false
2019-07-15T00:18:54.338Z,1,5,false
2019-07-15T00:19:02.670Z,1,6,false
2019-07-15T00:19:13.160Z,1,7,false
2019-07-15T00:19:24.102Z,1,8,false
2019-07-15T00:19:35.351Z,1,9,false
2019-07-15T00:20:16.507Z,1,1,false
2019-07-15T00:20:27.116Z,1,2,false
2019-07-15T00:20:37.690Z,1,3,false
2019-07-15T00:20:49.032Z,1,4,false
2019-07-15T00:20:57.924Z,1,5,false
2019-07-15T00:21:07.905Z,1,6,false
2019-07-15T00:21:16.370Z,1,7,false
2019-07-15T00:21:27.372Z,1,8,false
2019-07-15T00:21:38.604Z,1,9,false
2019-07-15T00:22:19.843Z,1,1,false
2019-07-15T00:22:30.692Z,1,2,false
2019-07-15T00:22:41.171Z,1,3,false
2019-07-15T00:22:51.366Z,1,4,false
2019-07-15T00:23:01.871Z,1,5,false
2019-07-15T00:23:10.262Z,1,6,false
2019-07-15T00:23:18.751Z,1,7,false
2019-07-15T00:23:28.822Z,1,8,false
2019-07-15T00:23:39.654Z,1,9,false
2019-07-15T00:24:20.612Z,1,1,false
2019-07-15T00:24:31.309Z,1,2,false
2019-07-15T00:24:41.200Z,1,3,false
2019-07-15T00:24:52.400Z,1,4,false
2019-07-15T00:25:01.237Z,1,5,false
2019-07-15T00:25:09.607Z,1,6,false
2019-07-15T00:25:20.003Z,1,7,false
2019-07-15T00:25:30.578Z,1,8,false
2019-07-15T00:25:41.143Z,1,9,false
2019-07-15T00:26:22.421Z,1,1,false
2019-07-15T00:26:32.676Z,1,2,false
2019-07-15T00:26:41.370Z,1,3,false
2019-07-15T00:26:51.631Z,1,4,false
2019-07-15T00:27:02.130Z,1,5,false
2019-07-15T00:27:11.178Z,1,6,false
2019-07-15T00:27:21.321Z,1,7,false
2019-07-15T00:27:31.002Z,1,8,false
2019-07-15T00:27:40.756Z,1,9,false
2019-07-15T00:28:21.086Z,1,1,false
2019-07-15T00:28:31.920Z,1,2,false
2019-07-15T00:28:42.574Z,1,3,false
2019-07-15T00:28:53.872Z,1,4,false
2019-07-15T00:29:03.808Z,1,5,false
2019-07-15T00:29:12.175Z,1,6,false
2019-07-15T00:29:22.339Z,1,7,false
2019-07-15T00:29:32.974Z,1,8,false
2019-07-15T00:29:44.055Z,1,9,false
2019-07-15T00:30:25.271Z,1,1,false
2019-07-15T00:30:36.270Z,1,2,false
2019-07-15T00:30:46.423Z,1,3,false
2019-07-15T00:30:57.770Z,1,4,false
2019-07-15T00:31:08.236Z,1,5,false
2019-07-15T00:31:16.629Z,1,6,false
2019-07-15T00:31:25.101Z,1,7,false
2019-07-15T00:31:34.182Z,1,8,false
2019-07-15T00:31:44.698Z,1,9,false
2019-07-15T00:32:24.804Z,1,1,false
2019-07-15T00:32:35.585Z,1,2,false
2019-07-15T00:32:46.309Z,1,3,false
2019-07-15T00:32:57.524Z,1,4,false
2019-07-15T00:33:08.511Z,1,5,false
2019-07-15T00:33:17.757Z,1,6,false
2019-07-15T00:33:27.877Z,1,7,false
2019-07-15T00:33:36.004Z,1,8,false
2019-07-15T00:33:47.227Z,1,9,false
2019-07-15T00:34:28.500Z,1,1,false
2019-07-15T00:34:39.306Z,1,2,false
2019-07-15T00:34:47.828Z,1,3,false
2019-07-15T00:34:58.279Z,1,4,false
2019-07-15T00:35:09.252Z,1,5,false
2019-07-15T00:35:18.359Z,1,6,false
2019-07-15T00:35:28.534Z,1,7,false
2019-07-15T00:35:36.637Z,1,8,false
2019-07-15T00:35:47.778Z,1,9,false
2019-07-15T00:36:28.408Z,1,1,false
2019-07-15T00:36:38.790Z,1,2,false
2019-07-15T00:36:49.554Z,1,3,false
2019-07-15T00:37:00.650Z,1,4,false
2019-07-15T00:37:11.790Z,1,5,false
2019-07-15T00:37:21.798Z,1,6,false
2019-07-15T00:37:30.258Z,1,7,false
2019-07-15T00:37:39.803Z,1,8,false
2019-07-15T00:37:50.564Z,1,9,false
2019-07-15T00:38:30.944Z,1,1,false
2019-07-15T00:38:40.723Z,1,2,false
2019-07-15T00:38:51.381Z,1,3,false
2019-07-15T00:39:02.361Z,1,4,false
2019-07-15T00:39:12.979Z,1,5,false
2019-07-15T00:39:22.872Z,1,6,false
2019-07-15T00:39:33.011Z,1,7,false
2019-07-15T00:39:41.127Z,1,8,false
2019-07-15T00:39:51.338Z,1,9,false
2019-07-15T00:40:32.122Z,1,1,false
2019-07-15T00:40:42.537Z,1,2,false
2019-07-15T00:40:53.178Z,1,3,false
2019-07-15T00:41:03.841Z,1,4,false
2019-07-15T00:41:15.426Z,1,5,false
2019-07-15T00:41:23.808Z,1,6,false
2019-07-15T00:41:33.930Z,1,7,false
2019-07-15T00:41:42.061Z,1,8,false
2019-07-15T00:41:53.338Z,1,9,false
2019-07-15T00:42:34.580Z,1,1,false
2019-07-15T00:42:45.601Z,1,2,false
2019-07-15T00:42:55.993Z,1,3,false
2019-07-15T00:43:06.631Z,1,4,false
2019-07-15T00:43:17.944Z,1,5,false
2019-07-15T00:43:26.638Z,1,6,false
2019-07-15T00:43:35.239Z,1,7,false
2019-07-15T00:43:43.342Z,1,8,false
2019-07-15T00:43:52.560Z,1,9,false
2019-07-15T00:44:33.015Z,1,1,false
2019-07-15T00:44:43.166Z,1,2,false
2019-07-15T00:44:53.733Z,1,3,false
2019-07-15T00:45:04.354Z,1,4,false
2019-07-15T00:45:15.093Z,1,5,false
2019-07-15T00:45:25.109Z,1,6,false
2019-07-15T00:45:33.575Z,1,7,false
2019-07-15T00:45:43.372Z,1,8,false
2019-07-15T00:45:53.887Z,1,9,false
2019-07-15T00:46:34.961Z,1,1,false
2019-07-15T00:46:44.967Z,1,2,false
2019-07-15T00:46:55.527Z,1,3,false
2019-07-15T00:47:06.652Z,1,4,false
2019-07-15T00:47:18.070Z,1,5,false
2019-07-15T00:47:29.132Z,1,6,false
2019-07-15T00:47:38.023Z,1,7,false
2019-07-15T00:47:46.142Z,1,8,false
2019-07-15T00:47:56.441Z,1,9,false
2019-07-15T00:48:37.614Z,1,1,false
2019-07-15T00:48:48.401Z,1,2,false
2019-07-15T00:48:59.074Z,1,3,false
2019-07-15T00:49:10.224Z,1,4,false
2019-07-15T00:49:21.091Z,1,5,false
2019-07-15T00:49:31.692Z,1,6,false
2019-07-15T00:49:41.773Z,1,7,false
2019-07-15T00:49:51.379Z,1,8,false
2019-07-15T00:50:01.422Z,1,9,false
2019-07-15T00:50:41.474Z,1,1,false
2019-07-15T00:50:51.974Z,1,2,false
2019-07-15T00:51:01.850Z,1,3,false
2019-07-15T00:51:12.951Z,1,4,false
2019-07-15T00:51:23.615Z,1,5,false
2019-07-15T00:51:33.628Z,1,6,false
2019-07-15T00:51:42.111Z,1,7,false
2019-07-15T00:51:51.822Z,1,8,false
2019-07-15T00:52:01.978Z,1,9,false
2019-07-15T00:52:43.042Z,1,1,false
2019-07-15T00:52:53.897Z,1,2,false
2019-07-15T00:53:04.101Z,1,3,false
2019-07-15T00:53:14.876Z,1,4,false
2019-07-15T00:53:26.315Z,1,5,false
2019-07-15T00:53:37.247Z,1,6,false
2019-07-15T00:53:45.695Z,1,7,false
2019-07-15T00:53:55.456Z,1,8,false
2019-07-15T00:54:03.882Z,1,9,false
2019-07-15T00:54:45.102Z,1,1,false
2019-07-15T00:54:55.895Z,1,2,false
2019-07-15T00:55:06.117Z,1,3,false
2019-07-15T00:55:16.922Z,1,4,false
2019-07-15T00:55:28.465Z,1,5,false
2019-07-15T00:55:37.967Z,1,6,false
2019-07-15T00:55:48.011Z,1,7,false
2019-07-15T00:55:57.738Z,1,8,false
2019-07-15T00:56:07.760Z,1,9,false
2019-07-15T00:56:48.229Z,1,1,false
2019-07-15T00:56:58.713Z,1,2,false
2019-07-15T00:57:08.328Z,1,3,false
2019-07-15T00:57:19.589Z,1,4,false
2019-07-15T00:57:30.655Z,1,5,false
2019-07-15T00:57:41.509Z,1,6,false
2019-07-15T00:57:51.458Z,1,7,false
2019-07-15T00:57:59.604Z,1,8,false
2019-07-15T00:58:09.642Z,1,9,false
2019-07-15T00:58:50.764Z,1,1,false
2019-07-15T00:59:01.083Z,1,2,false
2019-07-15T00:59:10.462Z,1,3,false
2019-07-15T00:59:20.386Z,1,4,false
2019-07-15T00:59:31.601Z,1,5,false
2019-07-15T00:59:41.517Z,1,6,false
2019-07-15T00:59:51.441Z,1,7,false
2019-07-15T00:59:59.553Z,1,8,false
2019-07-15T01:00:09.271Z,1,9,false
2019-07-15T01:00:50.100Z,1,1,false
2019-07-15T01:01:00.194Z,1,2,false
2019-07-15T01:01:09.993Z,1,3,false
2019-07-15T01:01:20.602Z,1,4,false
2019-07-15T01:01:30.250Z,1,5,false
2019-07-15T01:01:40.454Z,1,6,false
2019-07-15T01:01:50.823Z,1,7,false
2019-07-15T01:02:00.720Z,1,8,false
2019-07-15T01:02:10.793Z,1,9,false
2019-07-15T01:02:50.798Z,1,1,false
2019-07-15T01:03:01.323Z,1,2,false
2019-07-15T01:03:11.972Z,1,3,false
2019-07-15T01:03:23.269Z,1,4,false
2019-07-15T01:03:34.530Z,1,5,false
2019-07-15T01:03:42.879Z,1,6,false
2019-07-15T01:03:52.129Z,1,7,false
2019-07-15T01:04:00.231Z,1,8,false
2019-07-15T01:04:08.695Z,1,9,false
2019-07-15T01:04:49.704Z,1,1,false
2019-07-15T01:04:59.348Z,1,2,false
2019-07-15T01:05:09.782Z,1,3,false
2019-07-15T01:05:20.951Z,1,4,false
2019-07-15T01:05:32.409Z,1,5,false
2019-07-15T01:05:42.100Z,1,6,false
2019-07-15T01:05:51.735Z,1,7,false
2019-07-15T01:05:59.845Z,1,8,false
2019-07-15T01:06:09.914Z,1,9,false
2019-07-15T01:06:49.766Z,1,1,false
2019-07-15T01:07:00.290Z,1,2,false
2019-07-15T01:07:10.611Z,1,3,false
2019-07-15T01:07:21.301Z,1,4,false
2019-07-15T01:07:32.696Z,1,5,false
2019-07-15T01:07:42.752Z,1,6,false
2019-07-15T01:07:52.112Z,1,7,false
2019-07-15T01:08:01.851Z,1,8,false
2019-07-15T01:08:12.885Z,1,9,false
2019-07-15T01:08:53.971Z,1,1,false
2019-07-15T01:09:04.496Z,1,2,false
2019-07-15T01:09:14.152Z,1,3,false
2019-07-15T01:09:25.419Z,1,4,false
2019-07-15T01:09:36.749Z,1,5,false
2019-07-15T01:09:46.792Z,1,6,false
2019-07-15T01:09:55.239Z,1,7,false
2019-07-15T01:10:04.992Z,1,8,false
2019-07-15T01:10:15.489Z,1,9,false
2019-07-15T01:10:55.656Z,1,1,false
2019-07-15T01:11:05.874Z,1,2,false
2019-07-15T01:11:15.908Z,1,3,false
2019-07-15T01:11:26.256Z,1,4,false
2019-07-15T01:11:36.362Z,1,5,false
2019-07-15T01:11:45.800Z,1,6,false
2019-07-15T01:11:55.632Z,1,7,false
2019-07-15T01:12:06.104Z,1,8,false
2019-07-15T01:12:14.490Z,1,9,false
2019-07-15T01:12:54.987Z,1,1,false
2019-07-15T01:13:05.266Z,1,2,false
2019-07-15T01:13:15.290Z,1,3,false
2019-07-15T01:13:25.638Z,1,4,false
2019-07-15T01:13:36.365Z,1,5,false
2019-07-15T01:13:46.357Z,1,6,false
2019-07-15T01:13:56.595Z,1,7,false
2019-07-15T01:14:05.231Z,1,8,false
2019-07-15T01:14:13.635Z,1,9,false
2019-07-15T01:14:54.223Z,1,1,false
2019-07-15T01:15:03.940Z,1,2,false
2019-07-15T01:15:14.548Z,1,3,false
2019-07-15T01:15:24.855Z,1,4,false
2019-07-15T01:15:35.999Z,1,5,false
2019-07-15T01:15:45.336Z,1,6,false
2019-07-15T01:15:55.573Z,1,7,false
2019-07-15T01:16:05.309Z,1,8,false
2019-07-15T01:16:13.684Z,1,9,false
2019-07-15T01:16:54.296Z,1,1,false
2019-07-15T01:17:04.648Z,1,2,false
2019-07-15T01:17:14.519Z,1,3,false
2019-07-15T01:17:25.831Z,1,4,false
2019-07-15T01:17:37.215Z,1,5,false
2019-07-15T01:17:48.420Z,1,6,false
2019-07-15T01:17:56.945Z,1,7,false
2019-07-15T01:18:05.102Z,1,8,false
2019-07-15T01:18:15.880Z,1,9,false
2019-07-15T01:18:56.160Z,1,1,false
2019-07-15T01:19:06.729Z,1,2,false
2019-07-15T01:19:17.301Z,1,3,false
2019-07-15T01:19:28.529Z,1,4,false
2019-07-15T01:19:39.237Z,1,5,false
2019-07-15T01:19:49.725Z,1,6,false
2019-07-15T01:19:58.251Z,1,7,false
2019-07-15T01:20:08.534Z,1,8,false
2019-07-15T01:20:18.589Z,1,9,false
2019-07-15T01:20:58.690Z,1,1,false
2019-07-15T01:21:08.446Z,1,2,false
2019-07-15T01:21:18.473Z,1,3,false
2019-07-15T01:21:28.046Z,1,4,false
2019-07-15T01:21:38.866Z,1,5,false
2019-07-15T01:21:48.702Z,1,6,false
2019-07-15T01:21:57.151Z,1,7,false
2019-07-15T01:22:06.300Z,1,8,false
2019-07-15T01:22:15.006Z,1,9,false
2019-07-15T01:22:56.203Z,1,1,false
2019-07-15T01:23:06.069Z,1,2,false
2019-07-15T01:23:16.766Z,1,3,false
2019-07-15T01:23:28.036Z,1,4,false
2019-07-15T01:23:39.027Z,1,5,false
2019-07-15T01:23:49.441Z,1,6,false
2019-07-15T01:24:00.148Z,1,7,false
2019-07-15T01:24:08.805Z,1,8,false
2019-07-15T01:24:17.175Z,1,9,false
2019-07-15T01:24:57.779Z,1,1,false
2019-07-15T01:25:07.507Z,1,2,false
2019-07-15T01:25:17.916Z,1,3,false
2019-07-15T01:25:28.391Z,1,4,false
2019-07-15T01:25:39.140Z,1,5,false
2019-07-15T01:25:50.126Z,1,6,false
2019-07-15T01:25:58.896Z,1,7,false
2019-07-15T01:26:08.641Z,1,8,false
2019-07-15T01:26:18.957Z,1,9,false
2019-07-15T01:26:59.008Z,1,1,false
2019-07-15T01:27:09.410Z,1,2,false
2019-07-15T01:27:19.822Z,1,3,false
2019-07-15T01:27:28.869Z,1,4,false
2019-07-15T01:27:40.436Z,1,5,false
2019-07-15T01:27:50.699Z,1,6,false
2019-07-15T01:27:59.204Z,1,7,false
2019-07-15T01:28:08.952Z,1,8,false
2019-07-15T01:28:19.210Z,1,9,false
2019-07-15T01:28:59.464Z,1,1,false
2019-07-15T01:29:10.301Z,1,2,false
2019-07-15T01:29:20.568Z,1,3,false
2019-07-15T01:29:31.849Z,1,4,false
2019-07-15T01:29:42.792Z,1,5,false
2019-07-15T01:29:53.660Z,1,6,false
2019-07-15T01:30:03.876Z,1,7,false
2019-07-15T01:30:11.946Z,1,8,false
2019-07-15T01:30:22.191Z,1,9,false
2019-07-15T01:31:02.833Z,1,1,false
2019-07-15T01:31:13.387Z,1,2,false
2019-07-15T01:31:21.398Z,1,3,false
2019-07-15T01:31:31.874Z,1,4,false
2019-07-15T01:31:42.448Z,1,5,false
2019-07-15T01:31:51.843Z,1,6,false
2019-07-15T01:32:01.929Z,1,7,false
2019-07-15T01:32:10.015Z,1,8,false
2019-07-15T01:32:18.413Z,1,9,false
2019-07-15T01:32:59.494Z,1,1,false
2019-07-15T01:33:10.393Z,1,2,false
2019-07-15T01:33:21.012Z,1,3,false
2019-07-15T01:33:32.371Z,1,4,false
2019-07-15T01:33:43.853Z,1,5,false
2019-07-15T01:33:54.225Z,1,6,false
2019-07-15T01:34:02.734Z,1,7,false
2019-07-15T01:34:12.499Z,1,8,false
2019-07-15T01:34:20.902Z,1,9,false
2019-07-15T01:35:01.946Z,1,1,false
2019-07-15T01:35:12.580Z,1,2,false
2019-07-15T01:35:22.660Z,1,3,false
2019-07-15T01:35:33.932Z,1,4,false
2019-07-15T01:35:45.289Z,1,5,false
2019-07-15T01:35:56.467Z,1,6,false
2019-07-15T01:36:05.913Z,1,7,false
2019-07-15T01:36:15.783Z,1,8,false
2019-07-15T01:36:25.999Z,1,9,false
2019-07-15T01:37:04.448Z,1,1,false
2019-07-15T01:37:14.949Z,1,2,false
2019-07-15T01:37:24.477Z,1,3,false
2019-07-15T01:37:35.703Z,1,4,false
2019-07-15T01:37:45.762Z,1,5,false
2019-07-15T01:37:55.540Z,1,6,false
2019-07-15T01:38:05.955Z,1,7,false
2019-07-15T01:38:15.485Z,1,8,false
2019-07-15T01:38:25.539Z,1,9,false
2019-07-15T01:39:05.542Z,1,1,false
2019-07-15T01:39:15.436Z,1,2,false
2019-07-15T01:39:24.491Z,1,3,false
2019-07-15T01:39:35.491Z,1,4,false
2019-07-15T01:39:46.629Z,1,5,false
2019-07-15T01:39:55.787Z,1,6,false
2019-07-15T01:40:05.551Z,1,7,false
2019-07-15T01:40:13.678Z,1,8,false
2019-07-15T01:40:22.073Z,1,9,false
2019-07-15T01:41:00.453Z,1,1,false
2019-07-15T01:41:11.391Z,1,2,false
2019-07-15T01:41:22.048Z,1,3,false
2019-07-15T01:41:33.467Z,1,4,false
2019-07-15T01:41:44.825Z,1,5,false
2019-07-15T01:41:55.566Z,1,6,false
2019-07-15T01:42:06.077Z,1,7,false
2019-07-15T01:42:14.200Z,1,8,false
2019-07-15T01:42:24.201Z,1,9,false
2019-07-15T01:43:04.035Z,1,1,false
2019-07-15T01:43:14.648Z,1,2,false
2019-07-15T01:43:23.136Z,1,3,false
2019-07-15T01:43:33.646Z,1,4,false
2019-07-15T01:43:44.158Z,1,5,false
2019-07-15T01:43:54.776Z,1,6,false
2019-07-15T01:44:06.015Z,1,7,false
2019-07-15T01:44:15.754Z,1,8,false
2019-07-15T01:44:25.838Z,1,9,false
2019-07-15T01:45:04.169Z,1,1,false
2019-07-15T01:45:14.468Z,1,2,false
2019-07-15T01:45:25.070Z,1,3,false
2019-07-15T01:45:36.439Z,1,4,false
2019-07-15T01:45:47.818Z,1,5,false
2019-07-15T01:45:58.209Z,1,6,false
2019-07-15T01:46:09.421Z,1,7,false
2019-07-15T01:46:17.520Z,1,8,false
2019-07-15T01:46:25.979Z,1,9,false
2019-07-15T01:47:05.959Z,1,1,false
2019-07-15T01:47:16.166Z,1,2,false
2019-07-15T01:47:26.701Z,1,3,false
2019-07-15T01:47:38.002Z,1,4,false
2019-07-15T01:47:48.251Z,1,5,false
2019-07-15T01:47:59.875Z,1,6,false
2019-07-15T01:48:11.321Z,1,7,false
2019-07-15T01:48:21.097Z,1,8,false
2019-07-15T01:48:29.506Z,1,9,false
2019-07-15T01:49:07.863Z,1,1,false
2019-07-15T01:49:18.257Z,1,2,false
2019-07-15T01:49:27.073Z,1,3,false
2019-07-15T01:49:37.400Z,1,4,false
2019-07-15T01:49:48.939Z,1,5,false
2019-07-15T01:49:58.011Z,1,6,false
2019-07-15T01:50:08.269Z,1,7,false
2019-07-15T01:50:17.411Z,1,8,false
2019-07-15T01:50:27.418Z,1,9,false
2019-07-15T01:51:05.802Z,1,1,false
2019-07-15T01:51:16.242Z,1,2,false
2019-07-15T01:51:25.359Z,1,3,false
2019-07-15T01:51:36.068Z,1,4,false
2019-07-15T01:51:46.976Z,1,5,false
2019-07-15T01:51:57.018Z,1,6,false
2019-07-15T01:52:07.422Z,1,7,false
2019-07-15T01:52:17.605Z,1,8,false
2019-07-15T01:52:25.993Z,1,9,false
2019-07-15T01:53:04.334Z,1,1,false
2019-07-15T01:53:14.571Z,1,2,false
2019-07-15T01:53:24.042Z,1,3,false
2019-07-15T01:53:34.962Z,1,4,false
2019-07-15T01:53:45.876Z,1,5,false
2019-07-15T01:53:55.803Z,1,6,false
2019-07-15T01:54:06.497Z,1,7,false
2019-07-15T01:54:16.402Z,1,8,false
2019-07-15T01:54:25.283Z,1,9,false
2019-07-15T01:55:05.309Z,1,1,false
2019-07-15T01:55:16.005Z,1,2,false
2019-07-15T01:55:26.541Z,1,3,false
2019-07-15T01:55:37.853Z,1,4,false
2019-07-15T01:55:49.402Z,1,5,false
2019-07-15T01:55:59.541Z,1,6,false
2019-07-15T01:56:10.809Z,1,7,false
2019-07-15T01:56:21.702Z,1,8,false
2019-07-15T01:56:30.119Z,1,9,false
2019-07-15T01:57:10.148Z,1,1,false
2019-07-15T01:57:20.475Z,1,2,false
2019-07-15T01:57:29.953Z,1,3,false
2019-07-15T01:57:40.715Z,1,4,false
2019-07-15T01:57:52.182Z,1,5,false
2019-07-15T01:58:02.220Z,1,6,false
2019-07-15T01:58:12.858Z,1,7,false
2019-07-15T01:58:22.128Z,1,8,false
2019-07-15T01:58:32.499Z,1,9,false
2019-07-15T01:59:10.840Z,1,1,false
2019-07-15T01:59:20.375Z,1,2,false
2019-07-15T01:59:30.418Z,1,3,false
2019-07-15T01:59:40.904Z,1,4,false
2019-07-15T01:59:52.039Z,1,5,false
2019-07-15T02:00:02.505Z,1,6,false
2019-07-15T02:00:12.040Z,1,7,false
2019-07-15T02:00:22.774Z,1,8,false
2019-07-15T02:00:32.090Z,1,9,false
2019-07-15T02:01:10.695Z,1,1,false
2019-07-15T02:01:21.122Z,1,2,false
2019-07-15T02:01:31.133Z,1,3,false
2019-07-15T02:01:41.373Z,1,4,false
2019-07-15T02:01:52.397Z,1,5,false
2019-07-15T02:02:02.503Z,1,6,false
2019-07-15T02:02:12.463Z,1,7,false
2019-07-15T02:02:21.839Z,1,8,false
2019-07-15T02:02:31.877Z,1,9,false
2019-07-15T02:03:12.113Z,1,1,false
2019-07-15T02:03:22.482Z,1,2,false
2019-07-15T02:03:32.785Z,1,3,false
2019-07-15T02:03:43.346Z,1,4,false
2019-07-15T02:03:54.048Z,1,5,false
2019-07-15T02:04:03.727Z,1,6,false
2019-07-15T02:04:15.076Z,1,7,false
2019-07-15T02:04:24.779Z,1,8,false
2019-07-15T02:04:33.197Z,1,9,false
2019-07-15T02:05:11.586Z,1,1,false
2019-07-15T02:05:21.856Z,1,2,false
2019-07-15T02:05:31.931Z,1,3,false
2019-07-15T02:05:42.135Z,1,4,false
2019-07-15T02:05:52.587Z,1,5,false
2019-07-15T02:06:03.474Z,1,6,false
2019-07-15T02:06:14.412Z,1,7,false
2019-07-15T02:06:24.077Z,1,8,false
2019-07-15T02:06:32.688Z,1,9,false
2019-07-15T02:07:13.237Z,1,1,false
2019-07-15T02:07:23.753Z,1,2,false
2019-07-15T02:07:33.516Z,1,3,false
2019-07-15T02:07:43.211Z,1,4,false
2019-07-15T02:07:54.329Z,1,5,false
2019-07-15T02:08:04.015Z,1,6,false
2019-07-15T02:08:14.455Z,1,7,false
2019-07-15T02:08:23.555Z,1,8,false
2019-07-15T02:08:31.964Z,1,9,false
2019-07-15T02:09:10.288Z,1,1,false
2019-07-15T02:09:20.443Z,1,2,false
2019-07-15T02:09:31.187Z,1,3,false
2019-07-15T02:09:42.528Z,1,4,false
2019-07-15T02:09:53.969Z,1,5,false
2019-07-15T02:10:04.020Z,1,6,false
2019-07-15T02:10:15.149Z,1,7,false
2019-07-15T02:10:25.821Z,1,8,false
2019-07-15T02:10:36.689Z,1,9,false
2019-07-15T02:11:15.677Z,1,1,false
2019-07-15T02:11:25.795Z,1,2,false
2019-07-15T02:11:34.282Z,1,3,false
2019-07-15T02:11:44.681Z,1,4,false
2019-07-15T02:11:55.141Z,1,5,false
2019-07-15T02:12:05.109Z,1,6,false
2019-07-15T02:12:15.209Z,1,7,false
2019-07-15T02:12:25.707Z,1,8,false
2019-07-15T02:12:35.763Z,1,9,false
2019-07-15T02:13:15.779Z,1,1,false
2019-07-15T02:13:25.590Z,1,2,false
2019-07-15T02:13:35.157Z,1,3,false
2019-07-15T02:13:46.259Z,1,4,false
2019-07-15T02:13:56.990Z,1,5,false
2019-07-15T02:14:06.868Z,1,6,false
2019-07-15T02:14:17.434Z,1,7,false
2019-07-15T02:14:25.800Z,1,8,false
2019-07-15T02:14:35.860Z,1,9,false
2019-07-15T02:15:14.206Z,1,1,false
2019-07-15T02:15:24.864Z,1,2,false
2019-07-15T02:15:35.254Z,1,3,false
2019-07-15T02:15:45.865Z,1,4,false
2019-07-15T02:15:57.013Z,1,5,false
2019-07-15T02:16:06.893Z,1,6,false
2019-07-15T02:16:16.738Z,1,7,false
2019-07-15T02:16:26.555Z,1,8,false
2019-07-15T02:16:36.567Z,1,9,false
2019-07-15T02:17:16.537Z,1,1,false
2019-07-15T02:17:27.871Z,1,2,false
2019-07-15T02:17:37.892Z,1,3,false
2019-07-15T02:17:48.879Z,1,4,false
2019-07-15T02:18:00.293Z,1,5,false
2019-07-15T02:18:11.089Z,1,6,false
2019-07-15T02:18:22.122Z,1,7,false
2019-07-15T02:18:32.331Z,1,8,false
2019-07-15T02:18:42.605Z,1,9,false
2019-07-15T02:19:21.831Z,1,1,false
2019-07-15T02:19:32.462Z,1,2,false
2019-07-15T02:19:42.932Z,1,3,false
2019-07-15T02:19:53.833Z,1,4,false
2019-07-15T02:20:05.305Z,1,5,false
2019-07-15T02:20:14.296Z,1,6,false
2019-07-15T02:20:23.983Z,1,7,false
2019-07-15T02:20:33.788Z,1,8,false
2019-07-15T02:20:42.237Z,1,9,false
2019-07-15T02:21:22.303Z,1,1,false
2019-07-15T02:21:33.129Z,1,2,false
2019-07-15T02:21:43.539Z,1,3,false
2019-07-15T02:21:52.674Z,1,4,false
2019-07-15T02:22:04.155Z,1,5,false
2019-07-15T02:22:15.273Z,1,6,false
2019-07-15T02:22:26.204Z,1,7,false
2019-07-15T02:22:34.550Z,1,8,false
2019-07-15T02:22:43.904Z,1,9,false
2019-07-15T02:23:24.716Z,1,1,false
2019-07-15T02:23:35.484Z,1,2,false
2019-07-15T02:23:45.687Z,1,3,false
2019-07-15T02:23:55.908Z,1,4,false
2019-07-15T02:24:07.328Z,1,5,false
2019-07-15T02:24:16.909Z,1,6,false
2019-07-15T02:24:27.329Z,1,7,false
2019-07-15T02:24:37.020Z,1,8,false
2019-07-15T02:24:47.379Z,1,9,false
2019-07-15T02:25:25.762Z,1,1,false
2019-07-15T02:25:35.898Z,1,2,false
2019-07-15T02:25:46.153Z,1,3,false
2019-07-15T02:25:56.900Z,1,4,false
2019-07-15T02:26:07.452Z,1,5,false
2019-07-15T02:26:16.913Z,1,6,false
2019-07-15T02:26:27.502Z,1,7,false
2019-07-15T02:26:36.161Z,1,8,false
2019-07-15T02:26:46.258Z,1,9,false
2019-07-15T02:27:24.655Z,1,1,false
2019-07-15T02:27:34.367Z,1,2,false
2019-07-15T02:27:44.528Z,1,3,false
2019-07-15T02:27:55.701Z,1,4,false
2019-07-15T02:28:07.212Z,1,5,false
2019-07-15T02:28:18.623Z,1,6,false
2019-07-15T02:28:28.785Z,1,7,false
2019-07-15T02:28:36.867Z,1,8,false
2019-07-15T02:28:46.992Z,1,9,false
2019-07-15T02:29:26.311Z,1,1,false
2019-07-15T02:29:35.140Z,1,2,false
2019-07-15T02:29:44.823Z,1,3,false
2019-07-15T02:29:55.114Z,1,4,false
2019-07-15T02:30:06.037Z,1,5,false
2019-07-15T02:30:16.995Z,1,6,false
2019-07-15T02:30:28.040Z,1,7,false
2019-07-15T02:30:37.412Z,1,8,false
2019-07-15T02:30:45.851Z,1,9,false
2019-07-15T02:31:24.286Z,1,1,false
2019-07-15T02:31:35.358Z,1,2,false
2019-07-15T02:31:45.670Z,1,3,false
2019-07-15T02:31:56.421Z,1,4,false
2019-07-15T02:32:08.131Z,1,5,false
2019-07-15T02:32:18.166Z,1,6,false
2019-07-15T02:32:29.523Z,1,7,false
2019-07-15T02:32:40.215Z,1,8,false
2019-07-15T02:32:50.535Z,1,9,false
2019-07-15T02:33:30.386Z,1,1,false
2019-07-15T02:33:41.368Z,1,2,false
2019-07-15T02:33:52.235Z,1,3,false
2019-07-15T02:34:03.781Z,1,4,false
2019-07-15T02:34:15.336Z,1,5,false
2019-07-15T02:34:26.486Z,1,6,false
2019-07-15T02:34:37.814Z,1,7,false
2019-07-15T02:34:48.463Z,1,8,false
2019-07-15T02:34:58.945Z,1,9,false
2019-07-15T02:35:37.331Z,1,1,false
2019-07-15T02:35:48.390Z,1,2,false
2019-07-15T02:35:59.149Z,1,3,false
2019-07-15T02:36:10.215Z,1,4,false
2019-07-15T02:36:20.916Z,1,5,false
2019-07-15T02:36:30.184Z,1,6,false
2019-07-15T02:36:41.374Z,1,7,false
2019-07-15T02:36:52.236Z,1,8,false
2019-07-15T02:37:00.690Z,1,9,false
2019-07-15T02:37:40.427Z,1,1,false
2019-07-15T02:37:50.917Z,1,2,false
2019-07-15T02:38:00.749Z,1,3,false
2019-07-15T02:38:10.465Z,1,4,false
2019-07-15T02:38:21.318Z,1,5,false
2019-07-15T02:38:31.654Z,1,6,false
2019-07-15T02:38:42.212Z,1,7,false
2019-07-15T02:38:52.311Z,1,8,false
2019-07-15T02:39:01.565Z,1,9,false
2019-07-15T02:39:39.929Z,1,1,false
2019-07-15T02:39:50.644Z,1,2,false
2019-07-15T02:39:59.685Z,1,3,false
2019-07-15T02:40:10.837Z,1,4,false
2019-07-15T02:40:22.160Z,1,5,false
2019-07-15T02:40:33.038Z,1,6,false
2019-07-15T02:40:43.560Z,1,7,false
2019-07-15T02:40:53.919Z,1,8,false
2019-07-15T02:41:04.236Z,1,9,false
2019-07-15T02:41:42.557Z,1,1,false
2019-07-15T02:41:53.288Z,1,2,false
2019-07-15T02:42:03.063Z,1,3,false
2019-07-15T02:42:13.516Z,1,4,false
2019-07-15T02:42:24.113Z,1,5,false
2019-07-15T02:42:33.539Z,1,6,false
2019-07-15T02:42:44.220Z,1,7,false
2019-07-15T02:42:54.708Z,1,8,false
2019-07-15T02:43:04.733Z,1,9,false
2019-07-15T02:43:44.044Z,1,1,false
2019-07-15T02:43:54.009Z,1,2,false
2019-07-15T02:44:04.263Z,1,3,false
2019-07-15T02:44:13.937Z,1,4,false
2019-07-15T02:44:25.357Z,1,5,false
2019-07-15T02:44:35.829Z,1,6,false
2019-07-15T02:44:46.345Z,1,7,false
2019-07-15T02:44:56.256Z,1,8,false
2019-07-15T02:45:07.058Z,1,9,false
2019-07-15T02:45:45.388Z,1,1,false
2019-07-15T02:45:56.417Z,1,2,false
2019-07-15T02:46:06.511Z,1,3,false
2019-07-15T02:46:17.177Z,1,4,false
2019-07-15T02:46:28.450Z,1,5,false
2019-07-15T02:46:39.460Z,1,6,false
2019-07-15T02:46:50.177Z,1,7,false
2019-07-15T02:47:00.370Z,1,8,false
2019-07-15T02:47:10.783Z,1,9,false
2019-07-15T02:47:49.426Z,1,1,false
2019-07-15T02:47:59.325Z,1,2,false
2019-07-15T02:48:09.100Z,1,3,false
2019-07-15T02:48:20.396Z,1,4,false
2019-07-15T02:48:30.834Z,1,5,false
2019-07-15T02:48:39.973Z,1,6,false
2019-07-15T02:48:50.834Z,1,7,false
2019-07-15T02:49:00.590Z,1,8,false
2019-07-15T02:49:11.369Z,1,9,false
2019-07-15T02:49:52.120Z,1,1,false
2019-07-15T02:50:02.368Z,1,2,false
2019-07-15T02:50:12.235Z,1,3,false
2019-07-15T02:50:23.334Z,1,4,false
2019-07-15T02:50:33.897Z,1,5,false
2019-07-15T02:50:44.701Z,1,6,false
2019-07-15T02:50:55.749Z,1,7,false
2019-07-15T02:51:06.064Z,1,8,false
2019-07-15T02:51:17.042Z,1,9,false
2019-07-15T02:51:57.094Z,1,1,false
2019-07-15T02:52:06.726Z,1,2,false
2019-07-15T02:52:16.606Z,1,3,false
2019-07-15T02:52:25.499Z,1,4,false
2019-07-15T02:52:36.296Z,1,5,false
2019-07-15T02:52:47.032Z,1,6,false
2019-07-15T02:52:57.686Z,1,7,false
2019-07-15T02:53:07.976Z,1,8,false
2019-07-15T02:53:18.523Z,1,9,false
2019-07-15T02:53:59.694Z,1,1,false
2019-07-15T02:54:10.054Z,1,2,false
2019-07-15T02:54:20.091Z,1,3,false
2019-07-15T02:54:30.744Z,1,4,false
2019-07-15T02:54:41.205Z,1,5,false
2019-07-15T02:54:51.406Z,1,6,false
2019-07-15T02:55:02.635Z,1,7,false
2019-07-15T02:55:13.373Z,1,8,false
2019-07-15T02:55:23.922Z,1,9,false
2019-07-15T02:56:04.739Z,1,1,false
2019-07-15T02:56:15.123Z,1,2,false
2019-07-15T02:56:25.792Z,1,3,false
2019-07-15T02:56:37.021Z,1,4,false
2019-07-15T02:56:48.618Z,1,5,false
2019-07-15T02:56:58.611Z,1,6,false
2019-07-15T02:57:09.593Z,1,7,false
2019-07-15T02:57:19.797Z,1,8,false
2019-07-15T02:57:30.002Z,1,9,false
2019-07-15T02:58:09.630Z,1,1,false
2019-07-15T02:58:18.941Z,1,2,false
2019-07-15T02:58:29.198Z,1,3,false
2019-07-15T02:58:40.247Z,1,4,false
2019-07-15T02:58:51.105Z,1,5,false
2019-07-15T02:59:00.250Z,1,6,false
2019-07-15T02:59:09.859Z,1,7,false
2019-07-15T02:59:20.509Z,1,8,false
2019-07-15T02:59:30.821Z,1,9,false
2019-07-15T03:00:11.154Z,1,1,false
2019-07-15T03:00:20.502Z,1,2,false
2019-07-15T03:00:30.049Z,1,3,false
2019-07-15T03:00:41.153Z,1,4,false
2019-07-15T03:00:51.577Z,1,5,false
2019-07-15T03:01:02.475Z,1,6,false
2019-07-15T03:01:13.020Z,1,7,false
2019-07-15T03:01:21.958Z,1,8,false
2019-07-15T03:01:32.123Z,1,9,false
2019-07-15T03:02:13.033Z,1,1,false
2019-07-15T03:02:22.768Z,1,2,false
2019-07-15T03:02:32.307Z,1,3,false
2019-07-15T03:02:42.599Z,1,4,false
2019-07-15T03:02:52.976Z,1,5,false
2019-07-15T03:03:02.630Z,1,6,false
2019-07-15T03:03:13.577Z,1,7,false
2019-07-15T03:03:22.835Z,1,8,false
2019-07-15T03:03:33.536Z,1,9,false
2019-07-15T03:04:14.742Z,1,1,false
2019-07-15T03:04:25.550Z,1,2,false
2019-07-15T03:04:36.135Z,1,3,false
2019-07-15T03:04:46.441Z,1,4,false
2019-07-15T03:04:57.460Z,1,5,false
2019-07-15T03:05:08.716Z,1,6,false
2019-07-15T03:05:20.079Z,1,7,false
2019-07-15T03:05:30.880Z,1,8,false
2019-07-15T03:05:41.508Z,1,9,false
2019-07-15T03:06:22.766Z,1,1,false
2019-07-15T03:06:33.733Z,1,2,false
2019-07-15T03:06:44.548Z,1,3,false
2019-07-15T03:06:55.990Z,1,4,false
2019-07-15T03:07:07.562Z,1,5,false
2019-07-15T03:07:17.546Z,1,6,false
2019-07-15T03:07:28.703Z,1,7,false
2019-07-15T03:07:38.425Z,1,8,false
2019-07-15T03:07:49.700Z,1,9,false
2019-07-15T03:08:30.264Z,1,1,false
2019-07-15T03:08:41.004Z,1,2,false
2019-07-15T03:08:51.086Z,1,3,false
2019-07-15T03:09:02.476Z,1,4,false
2019-07-15T03:09:13.309Z,1,5,false
2019-07-15T03:09:24.498Z,1,6,false
2019-07-15T03:09:35.839Z,1,7,false
2019-07-15T03:09:46.697Z,1,8,false
2019-07-15T03:09:57.699Z,1,9,false
2019-07-15T03:10:38.841Z,1,1,false
2019-07-15T03:10:49.835Z,1,2,false
2019-07-15T03:11:00.687Z,1,3,false
2019-07-15T03:11:12.151Z,1,4,false
2019-07-15T03:11:23.833Z,1,5,false
2019-07-15T03:11:34.996Z,1,6,false
2019-07-15T03:11:47.097Z,1,7,false
2019-07-15T03:11:57.152Z,1,8,false
2019-07-15T03:12:07.828Z,1,9,false
2019-07-15T03:12:48.916Z,1,1,false
2019-07-15T03:12:59.171Z,1,2,false
2019-07-15T03:13:08.327Z,1,3,false
2019-07-15T03:13:18.842Z,1,4,false
2019-07-15T03:13:29.283Z,1,5,false
2019-07-15T03:13:39.870Z,1,6,false
2019-07-15T03:13:50.305Z,1,7,false
2019-07-15T03:14:00.345Z,1,8,false
2019-07-15T03:14:10.689Z,1,9,false
2019-07-15T03:14:50.342Z,1,1,false
2019-07-15T03:14:58.503Z,1,2,false
2019-07-15T03:15:09.254Z,1,3,false
2019-07-15T03:15:20.100Z,1,4,false
2019-07-15T03:15:31.654Z,1,5,false
2019-07-15T03:15:42.099Z,1,6,false
2019-07-15T03:15:52.526Z,1,7,false
2019-07-15T03:16:02.349Z,1,8,false
2019-07-15T03:16:12.924Z,1,9,false
2019-07-15T03:16:53.987Z,1,1,false
2019-07-15T03:17:02.148Z,1,2,false
2019-07-15T03:17:12.907Z,1,3,false
2019-07-15T03:17:24.406Z,1,4,false
2019-07-15T03:17:36.072Z,1,5,false
2019-07-15T03:17:47.313Z,1,6,false
2019-07-15T03:17:58.687Z,1,7,false
2019-07-15T03:18:09.230Z,1,8,false
2019-07-15T03:18:20.401Z,1,9,false
2019-07-15T03:19:00.735Z,1,1,false
2019-07-15T03:19:10.401Z,1,2,false
2019-07-15T03:19:21.047Z,1,3,false
2019-07-15T03:19:31.601Z,1,4,false
2019-07-15T03:19:43.069Z,1,5,false
2019-07-15T03:19:54.028Z,1,6,false
2019-07-15T03:20:05.343Z,1,7,false
2019-07-15T03:20:16.186Z,1,8,false
2019-07-15T03:20:27.398Z,1,9,false
2019-07-15T03:21:08.478Z,1,1,false
2019-07-15T03:21:19.058Z,1,2,false
2019-07-15T03:21:29.542Z,1,3,false
2019-07-15T03:21:40.818Z,1,4,false
2019-07-15T03:21:52.312Z,1,5,false
2019-07-15T03:22:03.022Z,1,6,false
2019-07-15T03:22:13.956Z,1,7,false
2019-07-15T03:22:23.924Z,1,8,false
2019-07-15T03:22:34.315Z,1,9,false
2019-07-15T03:23:14.402Z,1,1,false
2019-07-15T03:23:22.566Z,1,2,false
2019-07-15T03:23:33.196Z,1,3,false
2019-07-15T03:23:44.330Z,1,4,false
2019-07-15T03:23:55.039Z,1,5,false
2019-07-15T03:24:06.144Z,1,6,false
2019-07-15T03:24:17.158Z,1,7,false
2019-07-15T03:24:27.499Z,1,8,false
2019-07-15T03:24:37.697Z,1,9,false
2019-07-15T03:25:18.918Z,1,1,false
2019-07-15T03:25:28.728Z,1,2,false
2019-07-15T03:25:39.353Z,1,3,false
2019-07-15T03:25:50.516Z,1,4,false
2019-07-15T03:26:01.589Z,1,5,false
2019-07-15T03:26:11.718Z,1,6,false
2019-07-15T03:26:21.965Z,1,7,false
2019-07-15T03:26:32.274Z,1,8,false
2019-07-15T03:26:43.045Z,1,9,false
2019-07-15T03:27:24.265Z,1,1,false
2019-07-15T03:27:32.407Z,1,2,false
2019-07-15T03:27:42.241Z,1,3,false
2019-07-15T03:27:53.623Z,1,4,false
2019-07-15T03:28:04.606Z,1,5,false
2019-07-15T03:28:15.651Z,1,6,false
2019-07-15T03:28:26.593Z,1,7,false
2019-07-15T03:28:37.470Z,1,8,false
2019-07-15T03:28:47.987Z,1,9,false
2019-07-15T03:29:28.702Z,1,1,false
2019-07-15T03:29:38.580Z,1,2,false
2019-07-15T03:29:48.808Z,1,3,false
2019-07-15T03:29:59.954Z,1,4,false
2019-07-15T03:30:11.465Z,1,5,false
2019-07-15T03:30:22.123Z,1,6,false
2019-07-15T03:30:30.899Z,1,7,false
2019-07-15T03:30:40.985Z,1,8,false
2019-07-15T03:30:51.934Z,1,9,false
2019-07-15T03:31:33.420Z,1,1,false
2019-07-15T03:31:41.632Z,1,2,false
2019-07-15T03:31:51.670Z,1,3,false
2019-07-15T03:32:02.677Z,1,4,false
2019-07-15T03:32:14.006Z,1,5,false
2019-07-15T03:32:24.260Z,1,6,false
2019-07-15T03:32:33.531Z,1,7,false
2019-07-15T03:32:43.950Z,1,8,false
2019-07-15T03:32:54.886Z,1,9,false
2019-07-15T03:33:36.002Z,1,1,false
2019-07-15T03:33:44.170Z,1,2,false
2019-07-15T03:33:52.539Z,1,3,false
2019-07-15T03:34:03.206Z,1,4,false
2019-07-15T03:34:13.237Z,1,5,false
2019-07-15T03:34:23.502Z,1,6,false
2019-07-15T03:34:33.327Z,1,7,false
2019-07-15T03:34:44.062Z,1,8,false
2019-07-15T03:34:54.439Z,1,9,false
2019-07-15T03:35:34.690Z,1,1,false
2019-07-15T03:35:43.504Z,1,2,false
2019-07-15T03:35:52.232Z,1,3,false
2019-07-15T03:36:02.495Z,1,4,false
2019-07-15T03:36:12.659Z,1,5,false
2019-07-15T03:36:23.419Z,1,6,false
2019-07-15T03:36:33.992Z,1,7,false
2019-07-15T03:36:44.500Z,1,8,false
2019-07-15T03:36:54.585Z,1,9,false
2019-07-15T03:37:35.300Z,1,1,false
2019-07-15T03:37:45.078Z,1,2,false
2019-07-15T03:37:54.596Z,1,3,false
2019-07-15T03:38:04.777Z,1,4,false
2019-07-15T03:38:15.660Z,1,5,false
2019-07-15T03:38:25.695Z,1,6,false
2019-07-15T03:38:37.197Z,1,7,false
2019-07-15T03:38:46.969Z,1,8,false
2019-07-15T03:38:57.394Z,1,9,false
2019-07-15T03:39:37.995Z,1,1,false
2019-07-15T03:39:47.886Z,1,2,false
2019-07-15T03:39:55.820Z,1,3,false
2019-07-15T03:40:06.921Z,1,4,false
2019-07-15T03:40:17.987Z,1,5,false
2019-07-15T03:40:29.094Z,1,6,false
2019-07-15T03:40:40.301Z,1,7,false
2019-07-15T03:40:51.209Z,1,8,false
2019-07-15T03:41:02.278Z,1,9,false
2019-07-15T03:41:43.349Z,1,1,false
2019-07-15T03:41:52.587Z,1,2,false
2019-07-15T03:42:01.728Z,1,3,false
2019-07-15T03:42:13.179Z,1,4,false
2019-07-15T03:42:23.938Z,1,5,false
2019-07-15T03:42:33.294Z,1,6,false
2019-07-15T03:42:44.583Z,1,7,false
2019-07-15T03:42:53.783Z,1,8,false
2019-07-15T03:43:02.847Z,1,9,false
2019-07-15T03:43:43.647Z,1,1,false
2019-07-15T03:43:53.965Z,1,2,false
2019-07-15T03:44:01.877Z,1,3,false
2019-07-15T03:44:13.186Z,1,4,false
2019-07-15T03:44:24.585Z,1,5,false
2019-07-15T03:44:35.889Z,1,6,false
2019-07-15T03:44:46.935Z,1,7,false
2019-07-15T03:44:56.721Z,1,8,false
2019-07-15T03:45:06.960Z,1,9,false
2019-07-15T03:45:47.988Z,1,1,false
2019-07-15T03:45:56.147Z,1,2,false
2019-07-15T03:46:04.043Z,1,3,false
2019-07-15T03:46:14.292Z,1,4,false
2019-07-15T03:46:23.871Z,1,5,false
2019-07-15T03:46:34.038Z,1,6,false
2019-07-15T03:46:44.570Z,1,7,false
2019-07-15T03:46:54.568Z,1,8,false
2019-07-15T03:47:05.220Z,1,9,false
2019-07-15T03:47:45.571Z,1,1,false
2019-07-15T03:47:54.923Z,1,2,false
2019-07-15T03:48:02.967Z,1,3,false
2019-07-15T03:48:11.606Z,1,4,false
2019-07-15T03:48:22.394Z,1,5,false
2019-07-15T03:48:33.461Z,1,6,false
2019-07-15T03:48:44.599Z,1,7,false
2019-07-15T03:48:55.418Z,1,8,false
2019-07-15T03:49:06.651Z,1,9,false
2019-07-15T03:49:47.811Z,1,1,false
2019-07-15T03:49:57.560Z,1,2,false
2019-07-15T03:50:06.172Z,1,3,false
2019-07-15T03:50:15.993Z,1,4,false
2019-07-15T03:50:28.182Z,1,5,false
2019-07-15T03:50:38.679Z,1,6,false
2019-07-15T03:50:49.912Z,1,7,false
2019-07-15T03:50:59.611Z,1,8,false
2019-07-15T03:51:09.969Z,1,9,false
2019-07-15T03:51:50.515Z,1,1,false
2019-07-15T03:52:00.302Z,1,2,false
2019-07-15T03:52:08.212Z,1,3,false
2019-07-15T03:52:16.830Z,1,4,false
2019-07-15T03:52:28.127Z,1,5,false
2019-07-15T03:52:38.878Z,1,6,false
2019-07-15T03:52:49.668Z,1,7,false
2019-07-15T03:52:59.961Z,1,8,false
2019-07-15T03:53:10.951Z,1,9,false
2019-07-15T03:53:51.968Z,1,1,false
2019-07-15T03:54:00.120Z,1,2,false
2019-07-15T03:54:09.666Z,1,3,false
2019-07-15T03:54:19.384Z,1,4,false
2019-07-15T03:54:29.828Z,1,5,false
2019-07-15T03:54:40.992Z,1,6,false
2019-07-15T03:54:52.228Z,1,7,false
2019-07-15T03:55:02.906Z,1,8,false
2019-07-15T03:55:12.683Z,1,9,false
2019-07-15T03:55:52.765Z,1,1,false
2019-07-15T03:56:01.127Z,1,2,false
2019-07-15T03:56:09.037Z,1,3,false
2019-07-15T03:56:19.348Z,1,4,false
2019-07-15T03:56:28.134Z,1,5,false
2019-07-15T03:56:38.736Z,1,6,false
2019-07-15T03:56:50.491Z,1,7,false
2019-07-15T03:57:00.695Z,1,8,false
2019-07-15T03:57:11.079Z,1,9,false
2019-07-15T03:57:51.573Z,1,1,false
2019-07-15T03:58:01.388Z,1,2,false
2019-07-15T03:58:09.286Z,1,3,false
2019-07-15T03:58:17.901Z,1,4,false
2019-07-15T03:58:28.939Z,1,5,false
2019-07-15T03:58:39.276Z,1,6,false
2019-07-15T03:58:50.391Z,1,7,false
2019-07-15T03:58:59.969Z,1,8,false
2019-07-15T03:59:10.771Z,1,9,false
2019-07-15T03:59:50.291Z,1,1,false
2019-07-15T04:00:00.423Z,1,2,false
2019-07-15T04:00:08.366Z,1,3,false
2019-07-15T04:00:17.004Z,1,4,false
2019-07-15T04:00:27.481Z,1,5,false
2019-07-15T04:00:37.635Z,1,6,false
2019-07-15T04:00:48.464Z,1,7,false
2019-07-15T04:00:58.565Z,1,8,false
2019-07-15T04:01:08.667Z,1,9,false
2019-07-15T04:01:49.386Z,1,1,false
2019-07-15T04:01:59.221Z,1,2,false
2019-07-15T04:02:08.125Z,1,3,false
2019-07-15T04:02:18.523Z,1,4,false
2019-07-15T04:02:29.940Z,1,5,false
2019-07-15T04:02:40.890Z,1,6,false
2019-07-15T04:02:52.181Z,1,7,false
2019-07-15T04:03:02.788Z,1,8,false
2019-07-15T04:03:13.588Z,1,9,false
2019-07-15T04:03:54.723Z,1,1,false
2019-07-15T04:04:02.875Z,1,2,false
2019-07-15T04:04:12.407Z,1,3,false
2019-07-15T04:04:21.004Z,1,4,false
2019-07-15T04:04:29.820Z,1,5,false
2019-07-15T04:04:40.760Z,1,6,false
2019-07-15T04:04:52.312Z,1,7,false
2019-07-15T04:05:02.050Z,1,8,false
2019-07-15T04:05:12.440Z,1,9,false
2019-07-15T04:05:53.532Z,1,1,false
2019-07-15T04:06:02.939Z,1,2,false
2019-07-15T04:06:10.850Z,1,3,false
2019-07-15T04:06:19.498Z,1,4,false
2019-07-15T04:06:30.033Z,1,5,false
2019-07-15T04:06:39.220Z,1,6,false
2019-07-15T04:06:50.209Z,1,7,false
2019-07-15T04:07:00.859Z,1,8,false
2019-07-15T04:07:11.542Z,1,9,false
2019-07-15T04:07:51.187Z,1,1,false
2019-07-15T04:07:59.333Z,1,2,false
2019-07-15T04:08:10.575Z,1,3,false
2019-07-15T04:08:21.572Z,1,4,false
2019-07-15T04:08:32.496Z,1,5,false
2019-07-15T04:08:43.498Z,1,6,false
2019-07-15T04:08:54.509Z,1,7,false
2019-07-15T04:09:04.885Z,1,8,false
2019-07-15T04:09:15.645Z,1,9,false
2019-07-15T04:09:55.991Z,1,1,false
2019-07-15T04:10:05.795Z,1,2,false
2019-07-15T04:10:13.718Z,1,3,false
2019-07-15T04:10:23.270Z,1,4,false
2019-07-15T04:10:32.107Z,1,5,false
2019-07-15T04:10:41.481Z,1,6,false
2019-07-15T04:10:51.762Z,1,7,false
2019-07-15T04:11:02.072Z,1,8,false
2019-07-15T04:11:13.213Z,1,9,false
2019-07-15T04:11:53.751Z,1,1,false
2019-07-15T04:12:04.577Z,1,2,false
2019-07-15T04:12:12.495Z,1,3,false
2019-07-15T04:12:22.691Z,1,4,false
2019-07-15T04:12:31.531Z,1,5,false
2019-07-15T04:12:42.549Z,1,6,false
2019-07-15T04:12:53.851Z,1,7,false
2019-07-15T04:13:04.092Z,1,8,false
2019-07-15T04:13:14.824Z,1,9,false
2019-07-15T04:13:55.445Z,1,1,false
2019-07-15T04:14:05.596Z,1,2,false
2019-07-15T04:14:13.485Z,1,3,false
2019-07-15T04:14:23.779Z,1,4,false
2019-07-15T04:14:33.644Z,1,5,false
2019-07-15T04:14:42.138Z,1,6,false
2019-07-15T04:14:53.372Z,1,7,false
2019-07-15T04:15:03.351Z,1,8,false
2019-07-15T04:15:13.891Z,1,9,false
2019-07-15T04:15:54.324Z,1,1,false
2019-07-15T04:16:04.607Z,1,2,false
2019-07-15T04:16:14.579Z,1,3,false
2019-07-15T04:16:23.180Z,1,4,false
2019-07-15T04:16:32.039Z,1,5,false
2019-07-15T04:16:42.082Z,1,6,false
2019-07-15T04:16:53.412Z,1,7,false
2019-07-15T04:17:04.192Z,1,8,false
2019-07-15T04:17:15.267Z,1,9,false
2019-07-15T04:17:56.425Z,1,1,false
2019-07-15T04:18:06.292Z,1,2,false
2019-07-15T04:18:16.906Z,1,3,false
2019-07-15T04:18:27.458Z,1,4,false
2019-07-15T04:18:37.954Z,1,5,false
2019-07-15T04:18:46.298Z,1,6,false
2019-07-15T04:18:57.313Z,1,7,false
2019-07-15T04:19:08.301Z,1,8,false
2019-07-15T04:19:19.103Z,1,9,false
2019-07-15T04:20:00.134Z,1,1,false
2019-07-15T04:20:10.349Z,1,2,false
2019-07-15T04:20:20.681Z,1,3,false
2019-07-15T04:20:29.278Z,1,4,false
2019-07-15T04:20:39.067Z,1,5,false
2019-07-15T04:20:49.650Z,1,6,false
2019-07-15T04:21:01.052Z,1,7,false
2019-07-15T04:21:11.979Z,1,8,false
2019-07-15T04:21:23.181Z,1,9,false
2019-07-15T04:22:04.718Z,1,1,false
2019-07-15T04:22:15.597Z,1,2,false
2019-07-15T04:22:26.358Z,1,3,false
2019-07-15T04:22:35.105Z,1,4,false
2019-07-15T04:22:45.546Z,1,5,false
2019-07-15T04:22:55.563Z,1,6,false
2019-07-15T04:23:06.961Z,1,7,false
2019-07-15T04:23:17.929Z,1,8,false
2019-07-15T04:23:29.148Z,1,9,false
2019-07-15T04:24:10.964Z,1,1,false
2019-07-15T04:24:21.324Z,1,2,false
2019-07-15T04:24:32.234Z,1,3,false
2019-07-15T04:24:42.525Z,1,4,false
2019-07-15T04:24:52.160Z,1,5,false
2019-07-15T04:25:00.650Z,1,6,false
2019-07-15T04:25:12.148Z,1,7,false
2019-07-15T04:25:22.062Z,1,8,false
2019-07-15T04:25:33.054Z,1,9,false
2019-07-15T04:26:13.521Z,1,1,false
2019-07-15T04:26:23.424Z,1,2,false
2019-07-15T04:26:33.571Z,1,3,false
2019-07-15T04:26:44.322Z,1,4,false
2019-07-15T04:26:55.564Z,1,5,false
2019-07-15T04:27:04.113Z,1,6,false
2019-07-15T04:27:15.176Z,1,7,false
2019-07-15T04:27:24.921Z,1,8,false
2019-07-15T04:27:35.752Z,1,9,false
2019-07-15T04:28:15.514Z,1,1,false
2019-07-15T04:28:25.597Z,1,2,false
2019-07-15T04:28:35.469Z,1,3,false
2019-07-15T04:28:45.819Z,1,4,false
2019-07-15T04:28:56.327Z,1,5,false
2019-07-15T04:29:06.168Z,1,6,false
2019-07-15T04:29:14.766Z,1,7,false
2019-07-15T04:29:24.585Z,1,8,false
2019-07-15T04:29:34.976Z,1,9,false
2019-07-15T04:30:14.219Z,1,1,false
2019-07-15T04:30:23.527Z,1,2,false
2019-07-15T04:30:33.561Z,1,3,false
2019-07-15T04:30:43.800Z,1,4,false
2019-07-15T04:30:54.341Z,1,5,false
2019-07-15T04:31:03.060Z,1,6,false
2019-07-15T04:31:13.093Z,1,7,false
2019-07-15T04:31:22.366Z,1,8,false
2019-07-15T04:31:32.804Z,1,9,false
2019-07-15T04:32:13.853Z,1,1,false
2019-07-15T04:32:24.172Z,1,2,false
2019-07-15T04:32:34.311Z,1,3,false
2019-07-15T04:32:43.139Z,1,4,false
2019-07-15T04:32:52.994Z,1,5,false
2019-07-15T04:33:01.468Z,1,6,false
2019-07-15T04:33:10.840Z,1,7,false
2019-07-15T04:33:21.307Z,1,8,false
2019-07-15T04:33:31.464Z,1,9,false
2019-07-15T04:34:12.418Z,1,1,false
2019-07-15T04:34:23.367Z,1,2,false
2019-07-15T04:34:34.117Z,1,3,false
2019-07-15T04:34:45.416Z,1,4,false
2019-07-15T04:34:54.269Z,1,5,false
2019-07-15T04:35:02.618Z,1,6,false
2019-07-15T04:35:13.341Z,1,7,false
2019-07-15T04:35:24.248Z,1,8,false
2019-07-15T04:35:34.954Z,1,9,false
2019-07-15T04:36:15.777Z,1,1,false
2019-07-15T04:36:26.002Z,1,2,false
2019-07-15T04:36:35.425Z,1,3,false
2019-07-15T04:36:45.879Z,1,4,false
2019-07-15T04:36:56.467Z,1,5,false
2019-07-15T04:37:05.501Z,1,6,false
2019-07-15T04:37:13.990Z,1,7,false
2019-07-15T04:37:23.866Z,1,8,false
2019-07-15T04:37:34.402Z,1,9,false
2019-07-15T04:38:14.798Z,1,1,false
2019-07-15T04:38:24.771Z,1,2,false
2019-07-15T04:38:34.479Z,1,3,false
2019-07-15T04:38:45.531Z,1,4,false
2019-07-15T04:38:56.099Z,1,5,false
2019-07-15T04:39:04.442Z,1,6,false
2019-07-15T04:39:14.385Z,1,7,false
2019-07-15T04:39:24.123Z,1,8,false
2019-07-15T04:39:35.167Z,1,9,false
2019-07-15T04:40:15.740Z,1,1,false
2019-07-15T04:40:26.558Z,1,2,false
2019-07-15T04:40:36.922Z,1,3,false
2019-07-15T04:40:48.315Z,1,4,false
2019-07-15T04:40:59.751Z,1,5,false
2019-07-15T04:41:09.871Z,1,6,false
2019-07-15T04:41:18.405Z,1,7,false
2019-07-15T04:41:26.485Z,1,8,false
2019-07-15T04:41:37.045Z,1,9,false
2019-07-15T04:42:17.388Z,1,1,false
2019-07-15T04:42:27.912Z,1,2,false
2019-07-15T04:42:38.230Z,1,3,false
2019-07-15T04:42:49.396Z,1,4,false
2019-07-15T04:43:00.384Z,1,5,false
2019-07-15T04:43:08.683Z,1,6,false
2019-07-15T04:43:17.169Z,1,7,false
2019-07-15T04:43:27.561Z,1,8,false
2019-07-15T04:43:35.976Z,1,9,false
2019-07-15T04:44:16.560Z,1,1,false
2019-07-15T04:44:27.012Z,1,2,false
2019-07-15T04:44:35.947Z,1,3,false
2019-07-15T04:44:46.737Z,1,4,false
2019-07-15T04:44:57.069Z,1,5,false
2019-07-15T04:45:07.852Z,1,6,false
2019-07-15T04:45:17.965Z,1,7,false
2019-07-15T04:45:26.096Z,1,8,false
2019-07-15T04:45:34.497Z,1,9,false
2019-07-15T04:46:15.544Z,1,1,false
2019-07-15T04:46:25.378Z,1,2,false
2019-07-15T04:46:34.955Z,1,3,false
2019-07-15T04:48:55.932Z,1,4,false
2019-07-15T04:49:07.134Z,1,5,false
2019-07-15T04:49:18.262Z,1,6,false
2019-07-15T04:49:27.656Z,1,7,false
2019-07-15T04:49:36.874Z,1,8,false
2019-07-15T04:49:46.701Z,1,9,false
2019-07-15T04:50:25.980Z,1,1,false
2019-07-15T04:50:36.657Z,1,2,false
2019-07-15T04:50:47.272Z,1,3,false
2019-07-15T04:50:58.480Z,1,4,false
2019-07-15T04:51:09.415Z,1,5,false
2019-07-15T04:51:20.518Z,1,6,false
2019-07-15T04:51:28.875Z,1,7,false
2019-07-15T04:51:37.000Z,1,8,false
2019-07-15T04:51:45.399Z,1,9,false
2019-07-15T04:52:23.793Z,1,1,false
2019-07-15T04:52:34.576Z,1,2,false
2019-07-15T04:52:44.865Z,1,3,false
2019-07-15T04:52:56.344Z,1,4,false
2019-07-15T04:53:07.887Z,1,5,false
2019-07-15T04:53:18.971Z,1,6,false
2019-07-15T04:53:29.799Z,1,7,false
2019-07-15T04:53:37.910Z,1,8,false
2019-07-15T04:53:48.517Z,1,9,false
2019-07-15T04:54:28.504Z,1,1,false
2019-07-15T04:54:38.652Z,1,2,false
2019-07-15T04:54:49.283Z,1,3,false
2019-07-15T04:55:00.659Z,1,4,false
2019-07-15T04:55:11.994Z,1,5,false
2019-07-15T04:55:22.978Z,1,6,false
2019-07-15T04:55:33.207Z,1,7,false
2019-07-15T04:55:41.315Z,1,8,false
2019-07-15T04:55:51.459Z,1,9,false
2019-07-15T04:56:29.840Z,1,1,false
2019-07-15T04:56:40.886Z,1,2,false
2019-07-15T04:56:51.735Z,1,3,false
2019-07-15T04:57:03.153Z,1,4,false
2019-07-15T04:57:14.760Z,1,5,false
2019-07-15T04:57:25.852Z,1,6,false
2019-07-15T04:57:37.387Z,1,7,false
2019-07-15T04:57:45.488Z,1,8,false
2019-07-15T04:57:55.552Z,1,9,false
2019-07-15T04:58:35.550Z,1,1,false
2019-07-15T04:58:45.593Z,1,2,false
2019-07-15T04:58:56.137Z,1,3,false
2019-07-15T04:59:07.169Z,1,4,false
2019-07-15T04:59:18.191Z,1,5,false
2019-07-15T04:59:29.218Z,1,6,false
2019-07-15T04:59:40.357Z,1,7,false
2019-07-15T04:59:50.609Z,1,8,false
2019-07-15T04:59:59.049Z,1,9,false
2019-07-15T05:00:39.019Z,1,1,false
2019-07-15T05:00:49.780Z,1,2,false
2019-07-15T05:00:59.942Z,1,3,false
2019-07-15T05:01:11.309Z,1,4,false
2019-07-15T05:01:21.773Z,1,5,false
2019-07-15T05:01:32.780Z,1,6,false
2019-07-15T05:01:43.895Z,1,7,false
2019-07-15T05:01:52.395Z,1,8,false
2019-07-15T05:02:01.432Z,1,9,false
2019-07-15T05:02:39.797Z,1,1,false
2019-07-15T05:02:51.451Z,1,2,false
2019-07-15T05:03:01.298Z,1,3,false
2019-07-15T05:03:11.820Z,1,4,false
2019-07-15T05:03:22.841Z,1,5,false
2019-07-15T05:03:33.839Z,1,6,false
2019-07-15T05:03:44.441Z,1,7,false
2019-07-15T05:03:54.619Z,1,8,false
2019-07-15T05:04:05.041Z,1,9,false
2019-07-15T05:04:43.876Z,1,1,false
2019-07-15T05:04:55.200Z,1,2,false
2019-07-15T05:05:04.473Z,1,3,false
2019-07-15T05:05:14.382Z,1,4,false
2019-07-15T05:05:24.151Z,1,5,false
2019-07-15T05:05:34.173Z,1,6,false
2019-07-15T05:05:45.285Z,1,7,false
2019-07-15T05:05:55.672Z,1,8,false
2019-07-15T05:06:04.810Z,1,9,false
2019-07-15T05:06:44.833Z,1,1,false
2019-07-15T05:06:54.638Z,1,2,false
2019-07-15T05:07:04.835Z,1,3,false
2019-07-15T05:07:15.612Z,1,4,false
2019-07-15T05:07:26.937Z,1,5,false
2019-07-15T05:07:37.892Z,1,6,false
2019-07-15T05:07:48.564Z,1,7,false
2019-07-15T05:07:58.260Z,1,8,false
2019-07-15T05:08:07.204Z,1,9,false
2019-07-15T05:08:45.541Z,1,1,false
2019-07-15T05:08:56.027Z,1,2,false
2019-07-15T05:09:04.779Z,1,3,false
2019-07-15T05:09:15.233Z,1,4,false
2019-07-15T05:09:26.720Z,1,5,false
2019-07-15T05:09:36.815Z,1,6,false
2019-07-15T05:09:46.432Z,1,7,false
2019-07-15T05:09:55.909Z,1,8,false
2019-07-15T05:10:05.859Z,1,9,false
2019-07-15T05:10:44.197Z,1,1,false
2019-07-15T05:10:53.153Z,1,2,false
2019-07-15T05:11:03.644Z,1,3,false
2019-07-15T05:11:14.732Z,1,4,false
2019-07-15T05:11:25.180Z,1,5,false
2019-07-15T05:11:35.206Z,1,6,false
2019-07-15T05:11:45.776Z,1,7,false
2019-07-15T05:11:55.369Z,1,8,false
2019-07-15T05:12:03.843Z,1,9,false
2019-07-15T05:12:42.169Z,1,1,false
2019-07-15T05:12:53.105Z,1,2,false
2019-07-15T05:13:03.877Z,1,3,false
2019-07-15T05:13:15.278Z,1,4,false
2019-07-15T05:13:26.345Z,1,5,false
2019-07-15T05:13:37.427Z,1,6,false
2019-07-15T05:13:48.397Z,1,7,false
2019-07-15T05:13:59.301Z,1,8,false
2019-07-15T05:14:07.703Z,1,9,false
2019-07-15T05:14:46.159Z,1,1,false
2019-07-15T05:14:57.076Z,1,2,false
2019-07-15T05:15:07.810Z,1,3,false
2019-07-15T05:15:19.305Z,1,4,false
2019-07-15T05:15:31.009Z,1,5,false
2019-07-15T05:15:42.237Z,1,6,false
2019-07-15T05:15:53.086Z,1,7,false
2019-07-15T05:16:04.086Z,1,8,false
2019-07-15T05:16:12.492Z,1,9,false
2019-07-15T05:16:50.887Z,1,1,false
2019-07-15T05:17:01.469Z,1,2,false
2019-07-15T05:17:11.411Z,1,3,false
2019-07-15T05:17:23.080Z,1,4,false
2019-07-15T05:17:34.515Z,1,5,false
2019-07-15T05:17:44.808Z,1,6,false
2019-07-15T05:17:56.968Z,1,7,false
2019-07-15T05:18:07.303Z,1,8,false
2019-07-15T05:18:17.312Z,1,9,false
2019-07-15T05:18:57.115Z,1,1,false
2019-07-15T05:19:08.641Z,1,2,false
2019-07-15T05:19:18.234Z,1,3,false
2019-07-15T05:19:29.580Z,1,4,false
2019-07-15T05:19:40.532Z,1,5,false
2019-07-15T05:19:51.694Z,1,6,false
2019-07-15T05:20:02.941Z,1,7,false
2019-07-15T05:20:14.259Z,1,8,false
2019-07-15T05:20:22.630Z,1,9,false
2019-07-15T05:21:00.975Z,1,1,false
2019-07-15T05:21:11.190Z,1,2,false
2019-07-15T05:21:20.720Z,1,3,false
2019-07-15T05:21:30.991Z,1,4,false
2019-07-15T05:21:41.628Z,1,5,false
2019-07-15T05:21:52.623Z,1,6,false
2019-07-15T05:22:02.709Z,1,7,false
2019-07-15T05:22:13.431Z,1,8,false
2019-07-15T05:22:23.535Z,1,9,false
2019-07-15T05:23:03.529Z,1,1,false
2019-07-15T05:23:14.317Z,1,2,false
2019-07-15T05:23:22.948Z,1,3,false
2019-07-15T05:23:33.358Z,1,4,false
2019-07-15T05:23:43.360Z,1,5,false
2019-07-15T05:23:53.377Z,1,6,false
2019-07-15T05:24:03.489Z,1,7,false
2019-07-15T05:24:12.813Z,1,8,false
2019-07-15T05:24:23.794Z,1,9,false
2019-07-15T05:25:03.611Z,1,1,false
2019-07-15T05:25:13.621Z,1,2,false
2019-07-15T05:25:24.380Z,1,3,false
2019-07-15T05:25:35.782Z,1,4,false
2019-07-15T05:25:46.544Z,1,5,false
2019-07-15T05:25:57.740Z,1,6,false
2019-07-15T05:26:07.898Z,1,7,false
2019-07-15T05:26:17.649Z,1,8,false
2019-07-15T05:26:28.717Z,1,9,false
2019-07-15T05:27:07.045Z,1,1,false
2019-07-15T05:27:17.807Z,1,2,false
2019-07-15T05:27:27.922Z,1,3,false
2019-07-15T05:27:38.726Z,1,4,false
2019-07-15T05:27:50.322Z,1,5,false
2019-07-15T05:28:01.407Z,1,6,false
2019-07-15T05:28:11.886Z,1,7,false
2019-07-15T05:28:22.742Z,1,8,false
2019-07-15T05:28:33.876Z,1,9,false
2019-07-15T05:29:14.658Z,1,1,false
2019-07-15T05:29:24.692Z,1,2,false
2019-07-15T05:29:34.764Z,1,3,false
2019-07-15T05:29:45.399Z,1,4,false
2019-07-15T05:29:56.864Z,1,5,false
2019-07-15T05:30:06.928Z,1,6,false
2019-07-15T05:30:17.516Z,1,7,false
2019-07-15T05:30:28.321Z,1,8,false
2019-07-15T05:30:38.791Z,1,9,false
2019-07-15T05:31:17.544Z,1,1,false
2019-07-15T05:31:27.913Z,1,2,false
2019-07-15T05:31:38.102Z,1,3,false
2019-07-15T05:31:49.465Z,1,4,false
2019-07-15T05:32:00.905Z,1,5,false
2019-07-15T05:32:11.334Z,1,6,false
2019-07-15T05:32:20.976Z,1,7,false
2019-07-15T05:32:30.690Z,1,8,false
2019-07-15T05:32:40.786Z,1,9,false
2019-07-15T05:33:21.034Z,1,1,false
2019-07-15T05:33:31.071Z,1,2,false
2019-07-15T05:33:40.575Z,1,3,false
2019-07-15T05:33:51.240Z,1,4,false
2019-07-15T05:34:03.111Z,1,5,false
2019-07-15T05:34:13.243Z,1,6,false
2019-07-15T05:34:23.361Z,1,7,false
2019-07-15T05:34:33.885Z,1,8,false
2019-07-15T05:34:44.303Z,1,9,false
2019-07-15T05:35:22.707Z,1,1,false
2019-07-15T05:35:34.039Z,1,2,false
2019-07-15T05:35:43.032Z,1,3,false
2019-07-15T05:35:54.053Z,1,4,false
2019-07-15T05:36:05.317Z,1,5,false
2019-07-15T05:36:15.243Z,1,6,false
2019-07-15T05:36:24.453Z,1,7,false
2019-07-15T05:36:35.333Z,1,8,false
2019-07-15T05:36:45.411Z,1,9,false
2019-07-15T05:37:23.832Z,1,1,false
2019-07-15T05:37:33.813Z,1,2,false
2019-07-15T05:37:43.524Z,1,3,false
2019-07-15T05:37:54.320Z,1,4,false
2019-07-15T05:38:05.143Z,1,5,false
2019-07-15T05:38:14.128Z,1,6,false
2019-07-15T05:38:24.453Z,1,7,false
2019-07-15T05:38:34.390Z,1,8,false
2019-07-15T05:38:44.360Z,1,9,false
2019-07-15T05:39:24.478Z,1,1,false
2019-07-15T05:39:34.555Z,1,2,false
2019-07-15T05:39:45.190Z,1,3,false
2019-07-15T05:39:55.623Z,1,4,false
2019-07-15T05:40:06.259Z,1,5,false
2019-07-15T05:40:16.896Z,1,6,false
2019-07-15T05:40:28.188Z,1,7,false
2019-07-15T05:40:38.217Z,1,8,false
2019-07-15T05:40:49.511Z,1,9,false
2019-07-15T05:41:27.854Z,1,1,false
2019-07-15T05:41:38.793Z,1,2,false
2019-07-15T05:41:49.567Z,1,3,false
2019-07-15T05:42:01.805Z,1,4,false
2019-07-15T05:42:13.566Z,1,5,false
2019-07-15T05:42:24.734Z,1,6,false
2019-07-15T05:42:36.099Z,1,7,false
2019-07-15T05:42:46.669Z,1,8,false
2019-07-15T05:42:57.818Z,1,9,false
2019-07-15T05:43:37.792Z,1,1,false
2019-07-15T05:43:48.914Z,1,2,false
2019-07-15T05:43:59.473Z,1,3,false
2019-07-15T05:44:11.149Z,1,4,false
2019-07-15T05:44:22.587Z,1,5,false
2019-07-15T05:44:33.026Z,1,6,false
2019-07-15T05:44:42.616Z,1,7,false
2019-07-15T05:44:53.244Z,1,8,false
2019-07-15T05:45:04.383Z,1,9,false
2019-07-15T05:45:42.821Z,1,1,false
2019-07-15T05:45:53.716Z,1,2,false
2019-07-15T05:46:03.330Z,1,3,false
2019-07-15T05:46:15.579Z,1,4,false
2019-07-15T05:46:25.848Z,1,5,false
2019-07-15T05:46:36.802Z,1,6,false
2019-07-15T05:46:47.975Z,1,7,false
2019-07-15T05:46:57.913Z,1,8,false
2019-07-15T05:47:08.303Z,1,9,false
2019-07-15T05:47:48.239Z,1,1,false
2019-07-15T05:47:58.934Z,1,2,false
2019-07-15T05:48:08.798Z,1,3,false
2019-07-15T05:48:19.838Z,1,4,false
2019-07-15T05:48:30.317Z,1,5,false
2019-07-15T05:48:41.197Z,1,6,false
2019-07-15T05:48:52.287Z,1,7,false
2019-07-15T05:49:02.076Z,1,8,false
2019-07-15T05:49:11.702Z,1,9,false
2019-07-15T05:49:51.772Z,1,1,false
2019-07-15T05:50:01.910Z,1,2,false
2019-07-15T05:50:11.419Z,1,3,false
2019-07-15T05:50:22.625Z,1,4,false
2019-07-15T05:50:33.942Z,1,5,false
2019-07-15T05:50:43.906Z,1,6,false
2019-07-15T05:50:54.584Z,1,7,false
2019-07-15T05:51:05.719Z,1,8,false
2019-07-15T05:51:16.130Z,1,9,false
2019-07-15T05:51:56.341Z,1,1,false
2019-07-15T05:52:06.975Z,1,2,false
2019-07-15T05:52:17.195Z,1,3,false
2019-07-15T05:52:27.813Z,1,4,false
2019-07-15T05:52:37.810Z,1,5,false
2019-07-15T05:52:48.561Z,1,6,false
2019-07-15T05:52:58.803Z,1,7,false
2019-07-15T05:53:08.573Z,1,8,false
2019-07-15T05:53:19.455Z,1,9,false
2019-07-15T05:54:00.127Z,1,1,false
2019-07-15T05:54:10.861Z,1,2,false
2019-07-15T05:54:20.572Z,1,3,false
2019-07-15T05:54:31.029Z,1,4,false
2019-07-15T05:54:42.099Z,1,5,false
2019-07-15T05:54:52.529Z,1,6,false
2019-07-15T05:55:02.831Z,1,7,false
2019-07-15T05:55:13.347Z,1,8,false
2019-07-15T05:55:24.360Z,1,9,false
2019-07-15T05:56:04.764Z,1,1,false
2019-07-15T05:56:14.458Z,1,2,false
2019-07-15T05:56:24.357Z,1,3,false
2019-07-15T05:56:34.709Z,1,4,false
2019-07-15T05:56:45.675Z,1,5,false
2019-07-15T05:56:55.759Z,1,6,false
2019-07-15T05:57:06.841Z,1,7,false
2019-07-15T05:57:17.605Z,1,8,false
2019-07-15T05:57:27.129Z,1,9,false
2019-07-15T05:58:05.715Z,1,1,false
2019-07-15T05:58:15.718Z,1,2,false
2019-07-15T05:58:25.269Z,1,3,false
2019-07-15T05:58:35.794Z,1,4,false
2019-07-15T05:58:46.809Z,1,5,false
2019-07-15T05:58:57.573Z,1,6,false
2019-07-15T05:59:07.938Z,1,7,false
2019-07-15T05:59:18.630Z,1,8,false
2019-07-15T05:59:29.652Z,1,9,false
2019-07-15T06:00:10.070Z,1,1,false
2019-07-15T06:00:20.402Z,1,2,false
2019-07-15T06:00:30.602Z,1,3,false
2019-07-15T06:00:40.995Z,1,4,false
2019-07-15T06:00:51.627Z,1,5,false
2019-07-15T06:01:01.749Z,1,6,false
2019-07-15T06:01:12.166Z,1,7,false
2019-07-15T06:01:21.943Z,1,8,false
2019-07-15T06:01:32.879Z,1,9,false
2019-07-15T06:02:12.926Z,1,1,false
2019-07-15T06:02:22.307Z,1,2,false
2019-07-15T06:02:32.236Z,1,3,false
2019-07-15T06:02:42.504Z,1,4,false
2019-07-15T06:02:52.155Z,1,5,false
2019-07-15T06:03:02.582Z,1,6,false
2019-07-15T06:03:13.192Z,1,7,false
2019-07-15T06:03:24.006Z,1,8,false
2019-07-15T06:03:35.219Z,1,9,false
2019-07-15T06:04:16.171Z,1,1,false
2019-07-15T06:04:26.935Z,1,2,false
2019-07-15T06:04:37.080Z,1,3,false
2019-07-15T06:04:48.505Z,1,4,false
2019-07-15T06:04:59.497Z,1,5,false
2019-07-15T06:05:09.557Z,1,6,false
2019-07-15T06:05:19.992Z,1,7,false
2019-07-15T06:05:30.012Z,1,8,false
2019-07-15T06:05:41.189Z,1,9,false
2019-07-15T06:06:21.775Z,1,1,false
2019-07-15T06:06:32.520Z,1,2,false
2019-07-15T06:06:41.864Z,1,3,false
2019-07-15T06:06:53.742Z,1,4,false
2019-07-15T06:07:04.170Z,1,5,false
2019-07-15T06:07:14.161Z,1,6,false
2019-07-15T06:07:22.719Z,1,7,false
2019-07-15T06:07:32.408Z,1,8,false
2019-07-15T06:07:43.411Z,1,9,false
2019-07-15T06:08:24.123Z,1,1,false
2019-07-15T06:08:34.958Z,1,2,false
2019-07-15T06:08:45.234Z,1,3,false
2019-07-15T06:08:54.941Z,1,4,false
2019-07-15T06:09:06.887Z,1,5,false
2019-07-15T06:09:17.830Z,1,6,false
2019-07-15T06:09:29.114Z,1,7,false
2019-07-15T06:09:39.063Z,1,8,false
2019-07-15T06:09:48.746Z,1,9,false
2019-07-15T06:10:28.791Z,1,1,false
2019-07-15T06:10:38.866Z,1,2,false
2019-07-15T06:10:49.347Z,1,3,false
2019-07-15T06:10:59.681Z,1,4,false
2019-07-15T06:11:10.102Z,1,5,false
2019-07-15T06:11:19.029Z,1,6,false
2019-07-15T06:11:29.208Z,1,7,false
2019-07-15T06:11:39.484Z,1,8,false
2019-07-15T06:11:51.291Z,1,9,false
2019-07-15T06:12:29.891Z,1,1,false
2019-07-15T06:12:39.254Z,1,2,false
2019-07-15T06:12:49.360Z,1,3,false
2019-07-15T06:13:00.139Z,1,4,false
2019-07-15T06:13:11.150Z,1,5,false
2019-07-15T06:13:21.668Z,1,6,false
2019-07-15T06:13:32.328Z,1,7,false
2019-07-15T06:13:42.127Z,1,8,false
2019-07-15T06:13:51.960Z,1,9,false
2019-07-15T06:14:32.967Z,1,1,false
2019-07-15T06:14:43.541Z,1,2,false
2019-07-15T06:14:54.069Z,1,3,false
2019-07-15T06:15:04.816Z,1,4,false
2019-07-15T06:15:15.471Z,1,5,false
2019-07-15T06:15:26.439Z,1,6,false
2019-07-15T06:15:36.888Z,1,7,false
2019-07-15T06:15:47.499Z,1,8,false
2019-07-15T06:15:58.313Z,1,9,false
2019-07-15T06:16:38.742Z,1,1,false
2019-07-15T06:16:49.634Z,1,2,false
2019-07-15T06:16:58.697Z,1,3,false
2019-07-15T06:17:08.747Z,1,4,false
2019-07-15T06:17:19.902Z,1,5,false
2019-07-15T06:17:30.942Z,1,6,false
2019-07-15T06:17:42.144Z,1,7,false
2019-07-15T06:17:53.118Z,1,8,false
2019-07-15T06:18:04.306Z,1,9,false
2019-07-15T06:18:45.371Z,1,1,false
2019-07-15T06:18:56.345Z,1,2,false
2019-07-15T06:19:06.945Z,1,3,false
2019-07-15T06:19:18.262Z,1,4,false
2019-07-15T06:19:29.517Z,1,5,false
2019-07-15T06:19:39.770Z,1,6,false
2019-07-15T06:19:50.869Z,1,7,false
2019-07-15T06:20:01.842Z,1,8,false
2019-07-15T06:20:13.129Z,1,9,false
2019-07-15T06:20:54.216Z,1,1,false
2019-07-15T06:21:05.066Z,1,2,false
2019-07-15T06:21:15.096Z,1,3,false
2019-07-15T06:21:26.486Z,1,4,false
2019-07-15T06:21:38.064Z,1,5,false
2019-07-15T06:21:49.302Z,1,6,false
2019-07-15T06:22:00.623Z,1,7,false
2019-07-15T06:22:11.519Z,1,8,false
2019-07-15T06:22:22.537Z,1,9,false
2019-07-15T06:23:03.194Z,1,1,false
2019-07-15T06:23:14.238Z,1,2,false
2019-07-15T06:23:24.853Z,1,3,false
2019-07-15T06:23:36.132Z,1,4,false
2019-07-15T06:23:46.795Z,1,5,false
2019-07-15T06:23:57.424Z,1,6,false
2019-07-15T06:24:08.576Z,1,7,false
2019-07-15T06:24:19.480Z,1,8,false
2019-07-15T06:24:29.967Z,1,9,false
2019-07-15T06:25:11.032Z,1,1,false
2019-07-15T06:25:22.026Z,1,2,false
2019-07-15T06:25:40.236Z,1,3,false
2019-07-15T06:25:57.506Z,1,4,false
2019-07-15T06:26:15.891Z,1,5,false
2019-07-15T06:26:27.406Z,1,6,false
2019-07-15T06:26:39.441Z,1,7,false
2019-07-15T06:26:50.115Z,1,8,false
2019-07-15T06:27:00.988Z,1,9,false
2019-07-15T06:27:42.827Z,1,1,false
2019-07-15T06:28:01.328Z,1,2,false
2019-07-15T06:28:12.148Z,1,3,false
2019-07-15T06:28:23.260Z,1,4,false
2019-07-15T06:28:33.390Z,1,5,false
2019-07-15T06:28:43.911Z,1,6,false
2019-07-15T06:28:55.697Z,1,7,false
2019-07-15T06:29:04.053Z,1,8,false
2019-07-15T06:29:14.357Z,1,9,false
2019-07-15T06:29:54.626Z,1,1,false
2019-07-15T06:30:02.801Z,1,2,false
2019-07-15T06:30:13.556Z,1,3,false
2019-07-15T06:30:25.036Z,1,4,false
2019-07-15T06:30:36.635Z,1,5,false
2019-07-15T06:30:47.323Z,1,6,false
2019-07-15T06:30:58.215Z,1,7,false
2019-07-15T06:31:09.049Z,1,8,false
2019-07-15T06:31:20.188Z,1,9,false
2019-07-15T06:32:01.334Z,1,1,false
2019-07-15T06:32:11.126Z,1,2,false
2019-07-15T06:32:21.873Z,1,3,false
2019-07-15T06:32:33.157Z,1,4,false
2019-07-15T06:32:44.672Z,1,5,false
2019-07-15T06:32:55.901Z,1,6,false
2019-07-15T06:33:07.168Z,1,7,false
2019-07-15T06:33:18.129Z,1,8,false
2019-07-15T06:33:29.395Z,1,9,false
2019-07-15T06:34:10.509Z,1,1,false
2019-07-15T06:34:20.328Z,1,2,false
2019-07-15T06:34:31.195Z,1,3,false
2019-07-15T06:34:42.652Z,1,4,false
2019-07-15T06:34:54.201Z,1,5,false
2019-07-15T06:35:05.804Z,1,6,false
2019-07-15T06:35:17.080Z,1,7,false
2019-07-15T06:35:27.266Z,1,8,false
2019-07-15T06:35:37.874Z,1,9,false
2019-07-15T06:36:19.579Z,1,1,false
2019-07-15T06:36:27.759Z,1,2,false
2019-07-15T06:36:38.213Z,1,3,false
2019-07-15T06:36:49.060Z,1,4,false
2019-07-15T06:37:00.018Z,1,5,false
2019-07-15T06:37:10.009Z,1,6,false
2019-07-15T06:37:21.057Z,1,7,false
2019-07-15T06:37:31.064Z,1,8,false
2019-07-15T06:37:41.673Z,1,9,false
2019-07-15T06:38:22.696Z,1,1,false
2019-07-15T06:38:31.934Z,1,2,false
2019-07-15T06:38:39.913Z,1,3,false
2019-07-15T06:38:51.023Z,1,4,false
2019-07-15T06:39:02.364Z,1,5,false
2019-07-15T06:39:13.382Z,1,6,false
2019-07-15T06:39:24.033Z,1,7,false
2019-07-15T06:39:34.948Z,1,8,false
2019-07-15T06:39:45.945Z,1,9,false
2019-07-15T06:40:27.115Z,1,1,false
2019-07-15T06:40:36.874Z,1,2,false
2019-07-15T06:40:44.798Z,1,3,false
2019-07-15T06:40:56.293Z,1,4,false
2019-07-15T06:41:07.949Z,1,5,false
2019-07-15T06:41:19.114Z,1,6,false
2019-07-15T06:41:30.501Z,1,7,false
2019-07-15T06:41:41.494Z,1,8,false
2019-07-15T06:41:52.821Z,1,9,false
2019-07-15T06:42:33.998Z,1,1,false
2019-07-15T06:42:44.774Z,1,2,false
2019-07-15T06:42:56.568Z,1,3,false
2019-07-15T06:43:06.235Z,1,4,false
2019-07-15T06:43:15.061Z,1,5,false
2019-07-15T06:43:27.053Z,1,6,false
2019-07-15T06:43:43.353Z,1,7,false
2019-07-15T06:44:04.676Z,1,8,false
2019-07-15T06:44:18.468Z,1,9,false
2019-07-15T06:44:59.653Z,1,1,false
2019-07-15T06:45:09.034Z,1,2,false
2019-07-15T06:45:16.995Z,1,3,false
2019-07-15T06:45:26.352Z,1,4,false
2019-07-15T06:45:35.159Z,1,5,false
2019-07-15T06:45:45.163Z,1,6,false
2019-07-15T06:45:55.409Z,1,7,false
2019-07-15T06:46:05.886Z,1,8,false
2019-07-15T06:46:16.954Z,1,9,false
2019-07-15T06:46:57.706Z,1,1,false
2019-07-15T06:47:07.928Z,1,2,false
2019-07-15T06:47:17.817Z,1,3,false
2019-07-15T06:47:28.107Z,1,4,false
2019-07-15T06:47:36.905Z,1,5,false
2019-07-15T06:47:45.510Z,1,6,false
2019-07-15T06:47:56.877Z,1,7,false
2019-07-15T06:48:06.976Z,1,8,false
2019-07-15T06:48:17.407Z,1,9,false
2019-07-15T06:48:58.383Z,1,1,false
2019-07-15T06:49:08.719Z,1,2,false
2019-07-15T06:49:18.380Z,1,3,false
2019-07-15T06:49:27.051Z,1,4,false
2019-07-15T06:49:37.400Z,1,5,false
2019-07-15T06:49:47.171Z,1,6,false
2019-07-15T06:49:58.267Z,1,7,false
2019-07-15T06:50:09.161Z,1,8,false
2019-07-15T06:50:19.149Z,1,9,false
2019-07-15T06:50:59.680Z,1,1,false
2019-07-15T06:51:10.586Z,1,2,false
2019-07-15T06:51:21.166Z,1,3,false
2019-07-15T06:51:31.408Z,1,4,false
2019-07-15T06:51:41.850Z,1,5,false
2019-07-15T06:51:52.573Z,1,6,false
2019-07-15T06:52:02.494Z,1,7,false
2019-07-15T06:52:13.351Z,1,8,false
2019-07-15T06:52:24.136Z,1,9,false
2019-07-15T06:53:04.410Z,1,1,false
2019-07-15T06:53:13.968Z,1,2,false
2019-07-15T06:53:23.604Z,1,3,false
2019-07-15T06:53:33.830Z,1,4,false
2019-07-15T06:53:42.646Z,1,5,false
2019-07-15T06:53:52.226Z,1,6,false
2019-07-15T06:54:02.503Z,1,7,false
2019-07-15T06:54:13.217Z,1,8,false
2019-07-15T06:54:24.102Z,1,9,false
2019-07-15T06:55:05.123Z,1,1,false
2019-07-15T06:55:15.054Z,1,2,false
2019-07-15T06:55:25.550Z,1,3,false
2019-07-15T06:55:34.180Z,1,4,false
2019-07-15T06:55:43.411Z,1,5,false
2019-07-15T06:55:54.128Z,1,6,false
2019-07-15T06:56:04.861Z,1,7,false
2019-07-15T06:56:15.345Z,1,8,false
2019-07-15T06:56:26.146Z,1,9,false
2019-07-15T06:57:07.198Z,1,1,false
2019-07-15T06:57:17.492Z,1,2,false
2019-07-15T06:57:28.293Z,1,3,false
2019-07-15T06:57:36.926Z,1,4,false
2019-07-15T06:57:47.327Z,1,5,false
2019-07-15T06:57:57.359Z,1,6,false
2019-07-15T06:58:08.721Z,1,7,false
2019-07-15T06:58:18.959Z,1,8,false
2019-07-15T06:58:30.218Z,1,9,false
2019-07-15T06:59:11.385Z,1,1,false
2019-07-15T06:59:21.364Z,1,2,false
2019-07-15T06:59:32.048Z,1,3,false
2019-07-15T06:59:41.898Z,1,4,false
2019-07-15T06:59:52.023Z,1,5,false
2019-07-15T07:00:01.451Z,1,6,false
2019-07-15T07:00:12.005Z,1,7,false
2019-07-15T07:00:22.808Z,1,8,false
2019-07-15T07:00:33.987Z,1,9,false
2019-07-15T07:01:15.265Z,1,1,false
2019-07-15T07:01:26.225Z,1,2,false
2019-07-15T07:01:37.065Z,1,3,false
2019-07-15T07:01:45.677Z,1,4,false
2019-07-15T07:01:55.331Z,1,5,false
2019-07-15T07:02:05.043Z,1,6,false
2019-07-15T07:02:15.512Z,1,7,false
2019-07-15T07:02:25.702Z,1,8,false
2019-07-15T07:02:37.688Z,1,9,false
2019-07-15T07:03:18.491Z,1,1,false
2019-07-15T07:03:28.573Z,1,2,false
2019-07-15T07:03:39.371Z,1,3,false
2019-07-15T07:03:49.152Z,1,4,false
2019-07-15T07:03:59.828Z,1,5,false
2019-07-15T07:04:08.232Z,1,6,false
2019-07-15T07:04:19.592Z,1,7,false
2019-07-15T07:04:30.539Z,1,8,false
2019-07-15T07:04:42.195Z,1,9,false
2019-07-15T07:05:23.515Z,1,1,false
2019-07-15T07:05:34.564Z,1,2,false
2019-07-15T07:05:45.322Z,1,3,false
2019-07-15T07:05:55.610Z,1,4,false
2019-07-15T07:06:05.893Z,1,5,false
2019-07-15T07:06:14.269Z,1,6,false
2019-07-15T07:06:25.671Z,1,7,false
2019-07-15T07:06:36.659Z,1,8,false
2019-07-15T07:06:48.235Z,1,9,false
2019-07-15T07:07:29.528Z,1,1,false
2019-07-15T07:07:40.404Z,1,2,false
2019-07-15T07:07:50.935Z,1,3,false
2019-07-15T07:08:01.212Z,1,4,false
2019-07-15T07:08:11.723Z,1,5,false
2019-07-15T07:08:21.789Z,1,6,false
2019-07-15T07:08:32.414Z,1,7,false
2019-07-15T07:08:43.215Z,1,8,false
2019-07-15T07:08:54.242Z,1,9,false
2019-07-15T07:09:35.845Z,1,1,false
2019-07-15T07:09:46.828Z,1,2,false
2019-07-15T07:09:57.142Z,1,3,false
2019-07-15T07:10:07.398Z,1,4,false
2019-07-15T07:10:18.136Z,1,5,false
2019-07-15T07:10:26.519Z,1,6,false
2019-07-15T07:10:37.811Z,1,7,false
2019-07-15T07:10:48.772Z,1,8,false
2019-07-15T07:10:59.930Z,1,9,false
2019-07-15T07:11:40.994Z,1,1,false
2019-07-15T07:11:51.852Z,1,2,false
2019-07-15T07:12:02.200Z,1,3,false
2019-07-15T07:12:12.909Z,1,4,false
2019-07-15T07:12:23.387Z,1,5,false
2019-07-15T07:12:34.154Z,1,6,false
2019-07-15T07:12:45.023Z,1,7,false
2019-07-15T07:12:56.082Z,1,8,false
2019-07-15T07:13:06.913Z,1,9,false
2019-07-15T07:13:46.980Z,1,1,false
2019-07-15T07:13:57.587Z,1,2,false
2019-07-15T07:14:06.496Z,1,3,false
2019-07-15T07:14:15.102Z,1,4,false
2019-07-15T07:14:25.498Z,1,5,false
2019-07-15T07:14:35.115Z,1,6,false
2019-07-15T07:14:45.324Z,1,7,false
2019-07-15T07:14:55.837Z,1,8,false
2019-07-15T07:15:06.435Z,1,9,false
2019-07-15T07:15:46.775Z,1,1,false
2019-07-15T07:15:57.459Z,1,2,false
2019-07-15T07:16:08.061Z,1,3,false
2019-07-15T07:16:18.978Z,1,4,false
2019-07-15T07:16:27.788Z,1,5,false
2019-07-15T07:16:36.665Z,1,6,false
2019-07-15T07:16:47.940Z,1,7,false
2019-07-15T07:16:58.606Z,1,8,false
2019-07-15T07:17:10.310Z,1,9,false
2019-07-15T07:17:52.252Z,1,1,false
2019-07-15T07:18:03.373Z,1,2,false
2019-07-15T07:18:14.125Z,1,3,false
2019-07-15T07:18:22.762Z,1,4,false
2019-07-15T07:18:33.189Z,1,5,false
2019-07-15T07:18:41.547Z,1,6,false
2019-07-15T07:18:52.845Z,1,7,false
2019-07-15T07:19:02.907Z,1,8,false
2019-07-15T07:19:14.777Z,1,9,false
2019-07-15T07:19:54.870Z,1,1,false
2019-07-15T07:20:06.637Z,1,2,false
2019-07-15T07:20:15.825Z,1,3,false
2019-07-15T07:20:26.361Z,1,4,false
2019-07-15T07:20:35.193Z,1,5,false
2019-07-15T07:20:43.864Z,1,6,false
2019-07-15T07:20:53.207Z,1,7,false
2019-07-15T07:21:03.097Z,1,8,false
2019-07-15T07:21:13.121Z,1,9,false
2019-07-15T07:21:53.250Z,1,1,false
2019-07-15T07:22:03.128Z,1,2,false
2019-07-15T07:22:13.642Z,1,3,false
2019-07-15T07:22:24.640Z,1,4,false
2019-07-15T07:22:33.449Z,1,5,false
2019-07-15T07:22:43.532Z,1,6,false
2019-07-15T07:22:53.973Z,1,7,false
2019-07-15T07:23:04.412Z,1,8,false
2019-07-15T07:23:15.640Z,1,9,false
2019-07-15T07:23:56.221Z,1,1,false
2019-07-15T07:24:04.903Z,1,2,false
2019-07-15T07:24:15.399Z,1,3,false
2019-07-15T07:24:24.644Z,1,4,false
2019-07-15T07:24:34.925Z,1,5,false
2019-07-15T07:24:43.306Z,1,6,false
2019-07-15T07:24:53.879Z,1,7,false
2019-07-15T07:25:04.039Z,1,8,false
2019-07-15T07:25:15.129Z,1,9,false
2019-07-15T07:25:55.219Z,1,1,false
2019-07-15T07:26:06.004Z,1,2,false
2019-07-15T07:26:15.613Z,1,3,false
2019-07-15T07:26:26.278Z,1,4,false
2019-07-15T07:26:35.099Z,1,5,false
2019-07-15T07:26:43.474Z,1,6,false
2019-07-15T07:26:54.267Z,1,7,false
2019-07-15T07:27:05.220Z,1,8,false
2019-07-15T07:27:16.493Z,1,9,false
2019-07-15T07:27:57.640Z,1,1,false
2019-07-15T07:28:08.387Z,1,2,false
2019-07-15T07:28:18.422Z,1,3,false
2019-07-15T07:28:29.624Z,1,4,false
2019-07-15T07:28:40.064Z,1,5,false
2019-07-15T07:28:50.840Z,1,6,false
2019-07-15T07:29:01.124Z,1,7,false
2019-07-15T07:29:11.346Z,1,8,false
2019-07-15T07:29:22.366Z,1,9,false
2019-07-15T07:30:03.168Z,1,1,false
2019-07-15T07:30:13.161Z,1,2,false
2019-07-15T07:30:23.734Z,1,3,false
2019-07-15T07:30:35.133Z,1,4,false
2019-07-15T07:30:44.747Z,1,5,false
2019-07-15T07:30:53.162Z,1,6,false
2019-07-15T07:31:01.652Z,1,7,false
2019-07-15T07:31:12.166Z,1,8,false
2019-07-15T07:31:23.286Z,1,9,false
2019-07-15T07:32:03.809Z,1,1,false
2019-07-15T07:32:14.257Z,1,2,false
2019-07-15T07:32:24.825Z,1,3,false
2019-07-15T07:32:35.655Z,1,4,false
2019-07-15T07:32:44.442Z,1,5,false
2019-07-15T07:32:54.647Z,1,6,false
2019-07-15T07:33:05.124Z,1,7,false
2019-07-15T07:33:15.108Z,1,8,false
2019-07-15T07:33:26.784Z,1,9,false
2019-07-15T07:34:07.690Z,1,1,false
2019-07-15T07:34:17.928Z,1,2,false
2019-07-15T07:34:28.437Z,1,3,false
2019-07-15T07:34:39.054Z,1,4,false
2019-07-15T07:34:50.969Z,1,5,false
2019-07-15T07:35:00.979Z,1,6,false
2019-07-15T07:35:09.489Z,1,7,false
2019-07-15T07:35:19.778Z,1,8,false
2019-07-15T07:35:29.621Z,1,9,false
2019-07-15T07:36:10.468Z,1,1,false
2019-07-15T07:36:20.645Z,1,2,false
2019-07-15T07:36:31.381Z,1,3,false
2019-07-15T07:36:43.497Z,1,4,false
2019-07-15T07:36:52.706Z,1,5,false
2019-07-15T07:37:01.118Z,1,6,false
2019-07-15T07:37:11.236Z,1,7,false
2019-07-15T07:37:21.231Z,1,8,false
2019-07-15T07:37:30.940Z,1,9,false
2019-07-15T07:38:12.456Z,1,1,false
2019-07-15T07:38:23.243Z,1,2,false
2019-07-15T07:38:33.548Z,1,3,false
2019-07-15T07:38:43.910Z,1,4,false
2019-07-15T07:38:55.629Z,1,5,false
2019-07-15T07:39:05.663Z,1,6,false
2019-07-15T07:39:14.261Z,1,7,false
2019-07-15T07:39:22.634Z,1,8,false
2019-07-15T07:39:33.401Z,1,9,false
2019-07-15T07:40:13.705Z,1,1,false
2019-07-15T07:40:24.761Z,1,2,false
2019-07-15T07:40:35.186Z,1,3,false
2019-07-15T07:40:46.491Z,1,4,false
2019-07-15T07:40:57.731Z,1,5,false
2019-07-15T07:41:07.752Z,1,6,false
2019-07-15T07:41:17.937Z,1,7,false
2019-07-15T07:41:27.801Z,1,8,false
2019-07-15T07:41:38.362Z,1,9,false
2019-07-15T07:42:19.573Z,1,1,false
2019-07-15T07:42:27.735Z,1,2,false
2019-07-15T07:42:38.315Z,1,3,false
2019-07-15T07:42:49.700Z,1,4,false
2019-07-15T07:42:59.675Z,1,5,false
2019-07-15T07:43:08.048Z,1,6,false
2019-07-15T07:43:19.021Z,1,7,false
2019-07-15T07:43:27.111Z,1,8,false
2019-07-15T07:43:37.594Z,1,9,false
2019-07-15T07:44:18.205Z,1,1,false
2019-07-15T07:44:29.101Z,1,2,false
2019-07-15T07:44:39.739Z,1,3,false
2019-07-15T07:44:50.838Z,1,4,false
2019-07-15T07:45:02.242Z,1,5,false
2019-07-15T07:45:11.875Z,1,6,false
2019-07-15T07:45:22.051Z,1,7,false
2019-07-15T07:45:30.196Z,1,8,false
2019-07-15T07:45:41.452Z,1,9,false
2019-07-15T07:46:22.762Z,1,1,false
2019-07-15T07:46:34.346Z,1,2,false
2019-07-15T07:46:44.721Z,1,3,false
2019-07-15T07:46:54.458Z,1,4,false
2019-07-15T07:47:06.770Z,1,5,false
2019-07-15T07:47:15.195Z,1,6,false
2019-07-15T07:47:25.385Z,1,7,false
2019-07-15T07:47:33.477Z,1,8,false
2019-07-15T07:47:44.801Z,1,9,false
2019-07-15T07:48:24.683Z,1,1,false
2019-07-15T07:48:35.987Z,1,2,false
2019-07-15T07:48:46.656Z,1,3,false
2019-07-15T07:48:57.985Z,1,4,false
2019-07-15T07:49:08.402Z,1,5,false
2019-07-15T07:49:19.159Z,1,6,false
2019-07-15T07:49:27.627Z,1,7,false
2019-07-15T07:49:36.170Z,1,8,false
2019-07-15T07:49:46.631Z,1,9,false
2019-07-15T07:50:26.805Z,1,1,false
2019-07-15T07:50:36.884Z,1,2,false
2019-07-15T07:50:46.466Z,1,3,false
2019-07-15T07:50:58.415Z,1,4,false
2019-07-15T07:51:09.121Z,1,5,false
2019-07-15T07:51:18.358Z,1,6,false
2019-07-15T07:51:26.823Z,1,7,false
2019-07-15T07:51:36.635Z,1,8,false
2019-07-15T07:51:45.007Z,1,9,false
2019-07-15T07:52:26.210Z,1,1,false
2019-07-15T07:52:37.565Z,1,2,false
2019-07-15T07:52:47.694Z,1,3,false
2019-07-15T07:52:58.129Z,1,4,false
2019-07-15T07:53:08.637Z,1,5,false
2019-07-15T07:53:19.038Z,1,6,false
2019-07-15T07:53:27.558Z,1,7,false
2019-07-15T07:53:37.234Z,1,8,false
2019-07-15T07:53:45.652Z,1,9,false
2019-07-15T07:54:26.375Z,1,1,false
2019-07-15T07:54:37.509Z,1,2,false
2019-07-15T07:54:48.399Z,1,3,false
2019-07-15T07:54:59.754Z,1,4,false
2019-07-15T07:55:11.441Z,1,5,false
2019-07-15T07:55:22.655Z,1,6,false
2019-07-15T07:55:31.300Z,1,7,false
2019-07-15T07:55:39.412Z,1,8,false
2019-07-15T07:55:48.687Z,1,9,false
2019-07-15T07:56:28.793Z,1,1,false
2019-07-15T07:56:39.107Z,1,2,false
2019-07-15T07:56:49.103Z,1,3,false
2019-07-15T07:57:00.101Z,1,4,false
2019-07-15T07:57:10.595Z,1,5,false
2019-07-15T07:57:21.542Z,1,6,false
2019-07-15T07:57:31.666Z,1,7,false
2019-07-15T07:57:39.808Z,1,8,false
2019-07-15T07:57:50.087Z,1,9,false
2019-07-15T07:58:30.607Z,1,1,false
2019-07-15T07:58:40.926Z,1,2,false
2019-07-15T07:58:51.140Z,1,3,false
2019-07-15T07:59:02.302Z,1,4,false
2019-07-15T07:59:14.079Z,1,5,false
2019-07-15T07:59:24.539Z,1,6,false
2019-07-15T07:59:34.789Z,1,7,false
2019-07-15T07:59:45.376Z,1,8,false
2019-07-15T07:59:53.876Z,1,9,false
2019-07-15T08:00:32.283Z,1,1,false
2019-07-15T08:00:43.068Z,1,2,false
2019-07-15T08:00:53.784Z,1,3,false
2019-07-15T08:01:05.519Z,1,4,false
2019-07-15T08:01:16.587Z,1,5,false
2019-07-15T08:01:26.703Z,1,6,false
2019-07-15T08:01:36.914Z,1,7,false
2019-07-15T08:01:46.674Z,1,8,false
2019-07-15T08:01:55.141Z,1,9,false
2019-07-15T08:02:33.493Z,1,1,false
2019-07-15T08:02:43.716Z,1,2,false
2019-07-15T08:02:53.044Z,1,3,false
2019-07-15T08:03:04.506Z,1,4,false
2019-07-15T08:03:15.713Z,1,5,false
2019-07-15T08:03:26.049Z,1,6,false
2019-07-15T08:03:37.023Z,1,7,false
2019-07-15T08:03:45.141Z,1,8,false
2019-07-15T08:03:53.593Z,1,9,false
2019-07-15T08:04:33.603Z,1,1,false
2019-07-15T08:04:44.169Z,1,2,false
2019-07-15T08:04:55.264Z,1,3,false
2019-07-15T08:05:06.661Z,1,4,false
2019-07-15T08:05:18.680Z,1,5,false
2019-07-15T08:05:29.950Z,1,6,false
2019-07-15T08:05:40.652Z,1,7,false
2019-07-15T08:05:50.536Z,1,8,false
2019-07-15T08:05:59.175Z,1,9,false
2019-07-15T08:06:39.411Z,1,1,false
2019-07-15T08:06:49.881Z,1,2,false
2019-07-15T08:07:00.709Z,1,3,false
2019-07-15T08:07:10.012Z,1,4,false
2019-07-15T08:07:20.399Z,1,5,false
2019-07-15T08:07:31.306Z,1,6,false
2019-07-15T08:07:42.266Z,1,7,false
2019-07-15T08:07:51.790Z,1,8,false
2019-07-15T08:08:00.197Z,1,9,false
2019-07-15T08:08:38.578Z,1,1,false
2019-07-15T08:08:49.521Z,1,2,false
2019-07-15T08:09:00.318Z,1,3,false
2019-07-15T08:09:11.743Z,1,4,false
2019-07-15T08:09:23.283Z,1,5,false
2019-07-15T08:09:34.304Z,1,6,false
2019-07-15T08:09:45.350Z,1,7,false
2019-07-15T08:09:53.455Z,1,8,false
2019-07-15T08:10:01.862Z,1,9,false
2019-07-15T08:10:40.241Z,1,1,false
2019-07-15T08:10:50.882Z,1,2,false
2019-07-15T08:11:00.866Z,1,3,false
2019-07-15T08:11:12.546Z,1,4,false
2019-07-15T08:11:22.508Z,1,5,false
2019-07-15T08:11:32.603Z,1,6,false
2019-07-15T08:11:43.407Z,1,7,false
2019-07-15T08:11:53.732Z,1,8,false
2019-07-15T08:12:02.627Z,1,9,false
2019-07-15T08:12:41.019Z,1,1,false
2019-07-15T08:12:51.288Z,1,2,false
2019-07-15T08:13:02.279Z,1,3,false
2019-07-15T08:13:13.673Z,1,4,false
2019-07-15T08:13:25.286Z,1,5,false
2019-07-15T08:13:35.776Z,1,6,false
2019-07-15T08:13:46.679Z,1,7,false
2019-07-15T08:13:57.566Z,1,8,false
2019-07-15T08:14:08.161Z,1,9,false
2019-07-15T08:14:48.201Z,1,1,false
2019-07-15T08:14:58.600Z,1,2,false
2019-07-15T08:15:09.413Z,1,3,false
2019-07-15T08:15:20.814Z,1,4,false
2019-07-15T08:15:33.536Z,1,5,false
2019-07-15T08:15:44.802Z,1,6,false
2019-07-15T08:15:55.658Z,1,7,false
2019-07-15T08:16:05.422Z,1,8,false
2019-07-15T08:16:15.792Z,1,9,false
2019-07-15T08:16:54.191Z,1,1,false
2019-07-15T08:17:04.276Z,1,2,false
2019-07-15T08:17:14.962Z,1,3,false
2019-07-15T08:17:26.401Z,1,4,false
2019-07-15T08:17:38.132Z,1,5,false
2019-07-15T08:17:49.909Z,1,6,false
2019-07-15T08:18:01.241Z,1,7,false
2019-07-15T08:18:14.983Z,1,8,false
2019-07-15T08:18:23.447Z,1,9,false
2019-07-15T08:19:01.789Z,1,1,false
2019-07-15T08:19:11.847Z,1,2,false
2019-07-15T08:19:22.889Z,1,3,false
2019-07-15T08:19:33.032Z,1,4,false
2019-07-15T08:19:43.567Z,1,5,false
2019-07-15T08:19:54.277Z,1,6,false
2019-07-15T08:20:05.098Z,1,7,false
2019-07-15T08:20:15.368Z,1,8,false
2019-07-15T08:20:26.547Z,1,9,false
2019-07-15T08:21:04.897Z,1,1,false
2019-07-15T08:21:15.921Z,1,2,false
2019-07-15T08:21:26.717Z,1,3,false
2019-07-15T08:21:38.492Z,1,4,false
2019-07-15T08:21:50.319Z,1,5,false
2019-07-15T08:22:01.298Z,1,6,false
2019-07-15T08:22:12.382Z,1,7,false
2019-07-15T08:22:22.103Z,1,8,false
2019-07-15T08:22:32.476Z,1,9,false
2019-07-15T08:23:10.827Z,1,1,false
2019-07-15T08:23:21.144Z,1,2,false
2019-07-15T08:23:32.893Z,1,3,false
2019-07-15T08:23:43.489Z,1,4,false
2019-07-15T08:23:54.807Z,1,5,false
2019-07-15T08:24:07.821Z,1,6,false
2019-07-15T08:24:19.855Z,1,7,false
2019-07-15T08:24:29.019Z,1,8,false
2019-07-15T08:24:40.786Z,1,9,false
2019-07-15T08:25:21.063Z,1,1,false
2019-07-15T08:25:30.713Z,1,2,false
2019-07-15T08:25:42.139Z,1,3,false
2019-07-15T08:25:54.215Z,1,4,false
2019-07-15T08:26:05.706Z,1,5,false
2019-07-15T08:26:16.206Z,1,6,false
2019-07-15T08:26:27.244Z,1,7,false
2019-07-15T08:26:38.200Z,1,8,false
2019-07-15T08:26:49.621Z,1,9,false
2019-07-15T08:27:28.019Z,1,1,false
2019-07-15T08:27:37.545Z,1,2,false
2019-07-15T08:27:46.942Z,1,3,false
2019-07-15T08:27:57.468Z,1,4,false
2019-07-15T08:28:08.358Z,1,5,false
2019-07-15T08:28:19.247Z,1,6,false
2019-07-15T08:28:29.463Z,1,7,false
2019-07-15T08:28:39.372Z,1,8,false
2019-07-15T08:28:50.057Z,1,9,false
2019-07-15T08:29:30.171Z,1,1,false
2019-07-15T08:29:40.309Z,1,2,false
2019-07-15T08:29:49.427Z,1,3,false
2019-07-15T08:30:00.566Z,1,4,false
2019-07-15T08:30:11.068Z,1,5,false
2019-07-15T08:30:21.506Z,1,6,false
2019-07-15T08:30:32.233Z,1,7,false
2019-07-15T08:30:43.156Z,1,8,false
2019-07-15T08:30:54.251Z,1,9,false
2019-07-15T08:31:35.285Z,1,1,false
2019-07-15T08:31:46.255Z,1,2,false
2019-07-15T08:31:55.859Z,1,3,false
2019-07-15T08:32:07.318Z,1,4,false
2019-07-15T08:32:18.462Z,1,5,false
2019-07-15T08:32:29.585Z,1,6,false
2019-07-15T08:32:40.915Z,1,7,false
2019-07-15T08:32:51.120Z,1,8,false
2019-07-15T08:33:02.413Z,1,9,false
2019-07-15T08:33:43.495Z,1,1,false
2019-07-15T08:33:54.530Z,1,2,false
2019-07-15T08:34:04.972Z,1,3,false
2019-07-15T08:34:16.754Z,1,4,false
2019-07-15T08:34:28.879Z,1,5,false
2019-07-15T08:34:39.956Z,1,6,false
2019-07-15T08:34:50.801Z,1,7,false
2019-07-15T08:35:01.286Z,1,8,false
2019-07-15T08:35:13.173Z,1,9,false
2019-07-15T08:35:53.936Z,1,1,false
2019-07-15T08:36:02.253Z,1,2,false
2019-07-15T08:36:11.643Z,1,3,false
2019-07-15T08:36:22.212Z,1,4,false
2019-07-15T08:36:33.651Z,1,5,false
2019-07-15T08:36:42.565Z,1,6,false
2019-07-15T08:36:53.665Z,1,7,false
2019-07-15T08:37:02.421Z,1,8,false
2019-07-15T08:37:13.466Z,1,9,false
2019-07-15T08:37:54.375Z,1,1,false
2019-07-15T08:38:02.542Z,1,2,false
2019-07-15T08:38:11.629Z,1,3,false
2019-07-15T08:38:22.390Z,1,4,false
2019-07-15T08:38:33.697Z,1,5,false
2019-07-15T08:38:44.076Z,1,6,false
2019-07-15T08:38:54.696Z,1,7,false
2019-07-15T08:39:05.508Z,1,8,false
2019-07-15T08:39:16.791Z,1,9,false
2019-07-15T08:39:56.964Z,1,1,false
2019-07-15T08:40:06.156Z,1,2,false
2019-07-15T08:40:16.577Z,1,3,false
2019-07-15T08:40:27.896Z,1,4,false
2019-07-15T08:40:38.759Z,1,5,false
2019-07-15T08:40:49.906Z,1,6,false
2019-07-15T08:41:01.013Z,1,7,false
2019-07-15T08:41:11.377Z,1,8,false
2019-07-15T08:41:22.139Z,1,9,false
2019-07-15T08:42:02.851Z,1,1,false
2019-07-15T08:42:12.392Z,1,2,false
2019-07-15T08:42:22.242Z,1,3,false
2019-07-15T08:42:33.549Z,1,4,false
2019-07-15T08:42:44.506Z,1,5,false
2019-07-15T08:42:55.619Z,1,6,false
2019-07-15T08:43:06.980Z,1,7,false
2019-07-15T08:43:17.970Z,1,8,false
2019-07-15T08:43:29.192Z,1,9,false
2019-07-15T08:44:10.309Z,1,1,false
2019-07-15T08:44:18.930Z,1,2,false
2019-07-15T08:44:28.824Z,1,3,false
2019-07-15T08:44:40.158Z,1,4,false
2019-07-15T08:44:51.760Z,1,5,false
2019-07-15T08:45:03.385Z,1,6,false
2019-07-15T08:45:13.114Z,1,7,false
2019-07-15T08:45:24.826Z,1,8,false
2019-07-15T08:45:35.609Z,1,9,false
2019-07-15T08:46:17.473Z,1,1,false
2019-07-15T08:46:25.657Z,1,2,false
2019-07-15T08:46:35.420Z,1,3,false
2019-07-15T08:46:46.323Z,1,4,false
2019-07-15T08:46:57.353Z,1,5,false
2019-07-15T08:47:07.989Z,1,6,false
2019-07-15T08:47:19.210Z,1,7,false
2019-07-15T08:47:29.781Z,1,8,false
2019-07-15T08:47:40.691Z,1,9,false
2019-07-15T08:48:21.777Z,1,1,false
2019-07-15T08:48:29.974Z,1,2,false
2019-07-15T08:48:39.690Z,1,3,false
2019-07-15T08:48:51.696Z,1,4,false
2019-07-15T08:49:03.791Z,1,5,false
2019-07-15T08:49:15.576Z,1,6,false
2019-07-15T08:49:26.691Z,1,7,false
2019-07-15T08:49:37.377Z,1,8,false
2019-07-15T08:49:48.075Z,1,9,false
2019-07-15T08:50:29.603Z,1,1,false
2019-07-15T08:50:38.071Z,1,2,false
2019-07-15T08:50:48.625Z,1,3,false
2019-07-15T08:50:59.209Z,1,4,false
2019-07-15T08:51:11.328Z,1,5,false
2019-07-15T08:51:22.521Z,1,6,false
2019-07-15T08:51:33.595Z,1,7,false
2019-07-15T08:51:45.299Z,1,8,false
2019-07-15T08:51:56.304Z,1,9,false
2019-07-15T08:52:37.503Z,1,1,false
2019-07-15T08:52:45.688Z,1,2,false
2019-07-15T08:52:56.052Z,1,3,false
2019-07-15T08:53:06.566Z,1,4,false
2019-07-15T08:53:18.607Z,1,5,false
2019-07-15T08:53:29.632Z,1,6,false
2019-07-15T08:53:41.270Z,1,7,false
2019-07-15T08:53:52.217Z,1,8,false
2019-07-15T08:54:03.920Z,1,9,false
2019-07-15T08:54:45.376Z,1,1,false
2019-07-15T08:54:55.516Z,1,2,false
2019-07-15T08:55:03.413Z,1,3,false
2019-07-15T08:55:21.281Z,1,4,false
2019-07-15T08:55:34.451Z,1,5,false
2019-07-15T08:56:03.935Z,1,6,false
2019-07-15T08:56:41.847Z,1,7,false
2019-07-15T08:56:53.042Z,1,8,false
2019-07-15T08:57:03.353Z,1,9,false
2019-07-15T08:57:51.543Z,1,1,false
2019-07-15T08:58:01.950Z,1,2,false
2019-07-15T08:58:13.215Z,1,3,false
2019-07-15T08:58:29.701Z,1,4,false
2019-07-15T08:58:41.394Z,1,5,false
2019-07-15T08:58:52.680Z,1,6,false
2019-07-15T08:59:04.670Z,1,7,false
2019-07-15T08:59:18.212Z,1,8,false
2019-07-15T08:59:54.655Z,1,9,false
2019-07-15T09:00:37.311Z,1,1,false
2019-07-15T09:01:01.825Z,1,2,false
2019-07-15T09:01:12.540Z,1,3,false
2019-07-15T09:01:45.447Z,1,4,false
2019-07-15T09:02:01.773Z,1,5,false
2019-07-15T09:02:24.401Z,1,6,false
2019-07-15T09:02:56.313Z,1,7,false
2019-07-15T09:03:13.216Z,1,8,false
2019-07-15T09:03:24.437Z,1,9,false
2019-07-15T09:04:05.541Z,1,1,false
2019-07-15T09:04:14.952Z,1,2,false
2019-07-15T09:04:23.921Z,1,3,false
2019-07-15T09:04:32.587Z,1,4,false
2019-07-15T09:04:43.205Z,1,5,false
2019-07-15T09:05:01.352Z,1,6,false
2019-07-15T09:05:13.107Z,1,7,false
2019-07-15T09:05:24.785Z,1,8,false
2019-07-15T09:05:36.731Z,1,9,false
2019-07-15T09:06:17.375Z,1,1,false
2019-07-15T09:06:27.920Z,1,2,false
2019-07-15T09:06:38.247Z,1,3,false
2019-07-15T09:06:48.679Z,1,4,false
2019-07-15T09:07:00.401Z,1,5,false
2019-07-15T09:07:11.726Z,1,6,false
2019-07-15T09:07:23.137Z,1,7,false
2019-07-15T09:07:33.994Z,1,8,false
2019-07-15T09:07:44.888Z,1,9,false
2019-07-15T09:08:26.524Z,1,1,false
2019-07-15T09:08:34.700Z,1,2,false
2019-07-15T09:08:42.901Z,1,3,false
2019-07-15T09:08:52.612Z,1,4,false
2019-07-15T09:09:04.199Z,1,5,false
2019-07-15T09:09:14.834Z,1,6,false
2019-07-15T09:09:26.752Z,1,7,false
2019-07-15T09:09:38.393Z,1,8,false
2019-07-15T09:09:49.226Z,1,9,false
2019-07-15T09:10:32.481Z,1,1,false
2019-07-15T09:10:41.582Z,1,2,false
2019-07-15T09:10:51.420Z,1,3,false
2019-07-15T09:11:01.693Z,1,4,false
2019-07-15T09:11:13.166Z,1,5,false
2019-07-15T09:11:23.600Z,1,6,false
2019-07-15T09:11:34.886Z,1,7,false
2019-07-15T09:11:45.886Z,1,8,false
2019-07-15T09:11:57.164Z,1,9,false
2019-07-15T09:12:38.340Z,1,1,false
2019-07-15T09:12:48.778Z,1,2,false
2019-07-15T09:12:58.248Z,1,3,false
2019-07-15T09:13:06.861Z,1,4,false
2019-07-15T09:13:18.967Z,1,5,false
2019-07-15T09:13:29.479Z,1,6,false
2019-07-15T09:13:40.432Z,1,7,false
2019-07-15T09:13:51.006Z,1,8,false
2019-07-15T09:14:01.472Z,1,9,false
2019-07-15T09:14:42.515Z,1,1,false
2019-07-15T09:14:51.964Z,1,2,false
2019-07-15T09:14:59.929Z,1,3,false
2019-07-15T09:15:10.200Z,1,4,false
2019-07-15T09:15:20.992Z,1,5,false
2019-07-15T09:15:31.842Z,1,6,false
2019-07-15T09:15:42.421Z,1,7,false
2019-07-15T09:15:53.389Z,1,8,false
2019-07-15T09:16:04.659Z,1,9,false
2019-07-15T09:16:45.608Z,1,1,false
2019-07-15T09:16:55.240Z,1,2,false
2019-07-15T09:17:04.207Z,1,3,false
2019-07-15T09:17:13.664Z,1,4,false
2019-07-15T09:17:25.612Z,1,5,false
2019-07-15T09:17:36.989Z,1,6,false
2019-07-15T09:17:48.801Z,1,7,false
2019-07-15T09:17:59.336Z,1,8,false
2019-07-15T09:18:10.903Z,1,9,false
2019-07-15T09:18:52.547Z,1,1,false
2019-07-15T09:19:01.966Z,1,2,false
2019-07-15T09:19:09.908Z,1,3,false
2019-07-15T09:19:18.582Z,1,4,false
2019-07-15T09:19:28.648Z,1,5,false
2019-07-15T09:19:39.190Z,1,6,false
2019-07-15T09:19:50.572Z,1,7,false
2019-07-15T09:20:02.025Z,1,8,false
2019-07-15T09:20:13.595Z,1,9,false
2019-07-15T09:20:54.381Z,1,1,false
2019-07-15T09:21:05.129Z,1,2,false
2019-07-15T09:21:13.050Z,1,3,false
2019-07-15T09:21:22.222Z,1,4,false
2019-07-15T09:21:33.018Z,1,5,false
2019-07-15T09:21:46.921Z,1,6,false
2019-07-15T09:21:58.004Z,1,7,false
2019-07-15T09:22:09.690Z,1,8,false
2019-07-15T09:22:21.141Z,1,9,false
2019-07-15T09:23:02.565Z,1,1,false
2019-07-15T09:23:13.872Z,1,2,false
2019-07-15T09:23:23.332Z,1,3,false
2019-07-15T09:23:31.968Z,1,4,false
2019-07-15T09:23:40.823Z,1,5,false
2019-07-15T09:23:52.225Z,1,6,false
2019-07-15T09:24:03.449Z,1,7,false
2019-07-15T09:24:14.821Z,1,8,false
2019-07-15T09:24:26.525Z,1,9,false
2019-07-15T09:25:07.594Z,1,1,false
2019-07-15T09:25:18.673Z,1,2,false
2019-07-15T09:25:26.607Z,1,3,false
2019-07-15T09:25:35.271Z,1,4,false
2019-07-15T09:25:44.127Z,1,5,false
2019-07-15T09:25:54.465Z,1,6,false
2019-07-15T09:26:05.151Z,1,7,false
2019-07-15T09:26:15.623Z,1,8,false
2019-07-15T09:26:26.534Z,1,9,false
2019-07-15T09:27:06.629Z,1,1,false
2019-07-15T09:27:17.109Z,1,2,false
2019-07-15T09:27:26.491Z,1,3,false
2019-07-15T09:27:35.122Z,1,4,false
2019-07-15T09:27:45.571Z,1,5,false
2019-07-15T09:27:54.305Z,1,6,false
2019-07-15T09:28:05.607Z,1,7,false
2019-07-15T09:28:15.857Z,1,8,false
2019-07-15T09:28:26.700Z,1,9,false
2019-07-15T09:29:07.849Z,1,1,false
2019-07-15T09:29:18.492Z,1,2,false
2019-07-15T09:29:29.931Z,1,3,false
2019-07-15T09:29:38.568Z,1,4,false
2019-07-15T09:29:47.598Z,1,5,false
2019-07-15T09:29:56.999Z,1,6,false
2019-07-15T09:30:06.776Z,1,7,false
2019-07-15T09:30:17.569Z,1,8,false
2019-07-15T09:30:27.930Z,1,9,false
2019-07-15T09:31:08.769Z,1,1,false
2019-07-15T09:31:19.955Z,1,2,false
2019-07-15T09:31:30.467Z,1,3,false
2019-07-15T09:31:40.076Z,1,4,false
2019-07-15T09:31:50.788Z,1,5,false
2019-07-15T09:31:59.186Z,1,6,false
2019-07-15T09:32:08.970Z,1,7,false
2019-07-15T09:32:19.613Z,1,8,false
2019-07-15T09:32:31.138Z,1,9,false
2019-07-15T09:33:12.029Z,1,1,false
2019-07-15T09:33:21.981Z,1,2,false
2019-07-15T09:33:31.469Z,1,3,false
2019-07-15T09:33:42.230Z,1,4,false
2019-07-15T09:33:52.196Z,1,5,false
2019-07-15T09:34:01.295Z,1,6,false
2019-07-15T09:34:09.784Z,1,7,false
2019-07-15T09:34:20.432Z,1,8,false
2019-07-15T09:34:31.997Z,1,9,false
2019-07-15T09:35:11.764Z,1,1,false
2019-07-15T09:35:22.789Z,1,2,false
2019-07-15T09:35:32.905Z,1,3,false
2019-07-15T09:35:44.274Z,1,4,false
2019-07-15T09:35:53.162Z,1,5,false
2019-07-15T09:36:01.572Z,1,6,false
2019-07-15T09:36:10.196Z,1,7,false
2019-07-15T09:36:18.329Z,1,8,false
2019-07-15T09:36:29.457Z,1,9,false
2019-07-15T09:37:10.156Z,1,1,false
2019-07-15T09:37:21.172Z,1,2,false
2019-07-15T09:37:32.036Z,1,3,false
2019-07-15T09:37:43.905Z,1,4,false
2019-07-15T09:37:59.748Z,1,5,false
2019-07-15T09:38:08.175Z,1,6,false
2019-07-15T09:38:16.706Z,1,7,false
2019-07-15T09:38:24.873Z,1,8,false
2019-07-15T09:38:35.375Z,1,9,false
2019-07-15T09:39:15.729Z,1,1,false
2019-07-15T09:39:25.946Z,1,2,false
2019-07-15T09:39:35.284Z,1,3,false
2019-07-15T09:39:46.051Z,1,4,false
2019-07-15T09:39:58.194Z,1,5,false
2019-07-15T09:40:06.946Z,1,6,false
2019-07-15T09:40:16.830Z,1,7,false
2019-07-15T09:40:24.984Z,1,8,false
2019-07-15T09:40:33.391Z,1,9,false
2019-07-15T09:41:14.585Z,1,1,false
2019-07-15T09:41:25.592Z,1,2,false
2019-07-15T09:41:36.401Z,1,3,false
2019-07-15T09:41:47.803Z,1,4,false
2019-07-15T09:41:59.504Z,1,5,false
2019-07-15T09:42:11.980Z,1,6,false
2019-07-15T09:42:20.576Z,1,7,false
2019-07-15T09:42:30.321Z,1,8,false
2019-07-15T09:42:40.364Z,1,9,false
2019-07-15T09:43:21.053Z,1,1,false
2019-07-15T09:43:32.087Z,1,2,false
2019-07-15T09:43:42.201Z,1,3,false
2019-07-15T09:43:53.662Z,1,4,false
2019-07-15T09:44:05.644Z,1,5,false
2019-07-15T09:44:16.634Z,1,6,false
2019-07-15T09:44:26.948Z,1,7,false
2019-07-15T09:44:35.077Z,1,8,false
2019-07-15T09:44:43.462Z,1,9,false
2019-07-15T09:45:24.201Z,1,1,false
2019-07-15T09:45:34.606Z,1,2,false
2019-07-15T09:45:44.488Z,1,3,false
2019-07-15T09:45:56.461Z,1,4,false
2019-07-15T09:46:07.810Z,1,5,false
2019-07-15T09:46:18.352Z,1,6,false
2019-07-15T09:46:29.339Z,1,7,false
2019-07-15T09:46:37.476Z,1,8,false
2019-07-15T09:46:47.917Z,1,9,false
2019-07-15T09:47:28.457Z,1,1,false
2019-07-15T09:47:36.639Z,1,2,false
2019-07-15T09:48:31.346Z,1,3,false
2019-07-15T09:48:41.797Z,1,4,false
2019-07-15T09:48:54.052Z,1,5,false
2019-07-15T09:49:04.716Z,1,6,false
2019-07-15T09:49:16.092Z,1,7,false
2019-07-15T09:49:25.198Z,1,8,false
2019-07-15T09:49:34.003Z,1,9,false
2019-07-15T09:50:12.375Z,1,1,false
2019-07-15T09:50:20.560Z,1,2,false
2019-07-15T09:54:28.508Z,1,3,false
2019-07-15T09:54:38.406Z,1,4,false
2019-07-15T09:54:49.786Z,1,5,false
2019-07-15T09:55:00.107Z,1,6,false
2019-07-15T09:55:09.606Z,1,7,false
2019-07-15T09:55:17.715Z,1,8,false
2019-07-15T09:55:26.157Z,1,9,false
2019-07-15T09:56:04.472Z,1,1,false
2019-07-15T09:56:12.956Z,1,2,false
2019-07-15T09:57:13.100Z,1,3,false
2019-07-15T09:57:23.509Z,1,4,false
2019-07-15T09:57:34.607Z,1,5,false
2019-07-15T09:57:44.558Z,1,6,false
2019-07-15T09:57:54.943Z,1,7,false
2019-07-15T09:58:03.071Z,1,8,false
2019-07-15T09:58:13.158Z,1,9,false
2019-07-15T09:58:51.534Z,1,1,false
2019-07-15T09:59:02.543Z,1,2,false
2019-07-15T09:59:13.176Z,1,3,false
2019-07-15T09:59:25.454Z,1,4,false
2019-07-15T09:59:37.699Z,1,5,false
2019-07-15T09:59:48.900Z,1,6,false
2019-07-15T10:00:00.355Z,1,7,false
2019-07-15T10:00:10.247Z,1,8,false
2019-07-15T10:00:20.306Z,1,9,false
2019-07-15T10:01:00.286Z,1,1,false
2019-07-15T10:01:11.085Z,1,2,false
2019-07-15T10:01:22.004Z,1,3,false
2019-07-15T10:01:33.819Z,1,4,false
2019-07-15T10:01:45.993Z,1,5,false
2019-07-15T10:01:58.152Z,1,6,false
2019-07-15T10:02:08.586Z,1,7,false
2019-07-15T10:02:18.377Z,1,8,false
2019-07-15T10:02:28.386Z,1,9,false
2019-07-15T10:03:08.649Z,1,1,false
2019-07-15T10:03:18.955Z,1,2,false
2019-07-15T10:03:29.492Z,1,3,false
2019-07-15T10:03:40.246Z,1,4,false
2019-07-15T10:03:51.869Z,1,5,false
2019-07-15T10:04:03.409Z,1,6,false
2019-07-15T10:04:11.974Z,1,7,false
2019-07-15T10:04:20.065Z,1,8,false
2019-07-15T10:04:30.405Z,1,9,false
2019-07-15T10:05:09.015Z,1,1,false
2019-07-15T10:05:19.101Z,1,2,false
2019-07-15T10:05:31.016Z,1,3,false
2019-07-15T10:05:42.044Z,1,4,false
2019-07-15T10:05:57.683Z,1,5,false
2019-07-15T10:06:11.389Z,1,6,false
2019-07-15T10:06:20.138Z,1,7,false
2019-07-15T10:06:29.905Z,1,8,false
2019-07-15T10:06:47.648Z,1,9,false
2019-07-15T10:07:32.264Z,1,1,false
2019-07-15T10:07:42.962Z,1,2,false
2019-07-15T10:07:54.430Z,1,3,false
2019-07-15T10:08:13.592Z,1,4,false
2019-07-15T10:08:26.269Z,1,5,false
2019-07-15T10:08:35.966Z,1,6,false
2019-07-15T10:08:46.580Z,1,7,false
2019-07-15T10:08:54.678Z,1,8,false
2019-07-15T10:09:04.315Z,1,9,false
2019-07-15T10:09:43.587Z,1,1,false
2019-07-15T10:09:54.473Z,1,2,false
2019-07-15T10:10:04.458Z,1,3,false
2019-07-15T10:10:16.169Z,1,4,false
2019-07-15T10:10:34.683Z,1,5,false
2019-07-15T10:10:59.285Z,1,6,false
2019-07-15T10:11:09.981Z,1,7,false
2019-07-15T10:11:20.220Z,1,8,false
2019-07-15T10:11:30.717Z,1,9,false
2019-07-15T10:12:14.375Z,1,1,false
2019-07-15T10:12:25.536Z,1,2,false
2019-07-15T10:12:35.963Z,1,3,false
2019-07-15T10:12:47.897Z,1,4,false
2019-07-15T10:13:01.176Z,1,5,false
2019-07-15T10:13:29.883Z,1,6,false
2019-07-15T10:13:48.328Z,1,7,false
2019-07-15T10:14:07.913Z,1,8,false
2019-07-15T10:14:41.792Z,1,9,false
2019-07-15T10:15:56.889Z,1,1,false
2019-07-15T10:16:08.360Z,1,2,false
2019-07-15T10:16:20.522Z,1,3,false
2019-07-15T10:16:32.103Z,1,4,false
2019-07-15T10:16:45.897Z,1,5,false
2019-07-15T10:17:02.373Z,1,6,false
2019-07-15T10:17:15.369Z,1,7,false
2019-07-15T10:17:26.841Z,1,8,false
2019-07-15T10:17:35.396Z,1,9,false
2019-07-15T10:18:18.499Z,1,1,false
2019-07-15T10:18:30.160Z,1,2,false
2019-07-15T10:18:40.167Z,1,3,false
2019-07-15T10:18:50.960Z,1,4,false
2019-07-15T10:19:03.003Z,1,5,false
2019-07-15T10:19:15.413Z,1,6,false
2019-07-15T10:19:46.936Z,1,7,false
2019-07-15T10:20:19.692Z,1,8,false
2019-07-15T10:20:28.235Z,1,9,false
2019-07-15T10:21:06.603Z,1,1,false
2019-07-15T10:21:17.510Z,1,2,false
2019-07-15T10:21:28.528Z,1,3,false
2019-07-15T10:21:39.859Z,1,4,false
2019-07-15T10:21:55.975Z,1,5,false
2019-07-15T10:22:25.855Z,1,6,false
2019-07-15T10:22:37.817Z,1,7,false
2019-07-15T10:23:11.960Z,1,8,false
2019-07-15T10:23:41.716Z,1,9,false
2019-07-15T10:24:23.070Z,1,1,false
2019-07-15T10:24:33.888Z,1,2,false
2019-07-15T10:24:49.652Z,1,3,false
2019-07-15T10:25:14.307Z,1,4,false
2019-07-15T10:25:30.130Z,1,5,false
2019-07-15T10:26:04.466Z,1,6,false
2019-07-15T10:26:40.376Z,1,7,false
2019-07-15T10:26:51.549Z,1,8,false
2019-07-15T10:27:26.968Z,1,9,false
2019-07-15T10:28:14.079Z,1,1,false
2019-07-15T10:28:25.052Z,1,2,false
2019-07-15T10:28:35.698Z,1,3,false
2019-07-15T10:28:47.697Z,1,4,false
2019-07-15T10:29:01.429Z,1,5,false
2019-07-15T10:29:20.574Z,1,6,false
2019-07-15T10:29:48.212Z,1,7,false
2019-07-15T10:29:59.770Z,1,8,false
2019-07-15T10:30:31.866Z,1,9,false
2019-07-15T10:31:42.977Z,1,1,false
2019-07-15T10:31:55.920Z,1,2,false
2019-07-15T10:32:17.968Z,1,3,false
2019-07-15T10:32:46.273Z,1,4,false
2019-07-15T10:32:58.200Z,1,5,false
2019-07-15T10:33:33.119Z,1,6,false
2019-07-15T10:33:55.399Z,1,7,false
2019-07-15T10:34:04.110Z,1,8,false
2019-07-15T10:34:15.439Z,1,9,false
2019-07-15T10:35:18.878Z,1,1,false
2019-07-15T10:35:29.953Z,1,2,false
2019-07-15T10:35:40.743Z,1,3,false
2019-07-15T10:35:58.290Z,1,4,false
2019-07-15T10:36:33.530Z,1,5,false
2019-07-15T10:36:46.899Z,1,6,false
2019-07-15T10:37:17.237Z,1,7,false
2019-07-15T10:37:58.314Z,1,8,false
2019-07-15T10:38:06.876Z,1,9,false
2019-07-15T10:38:47.981Z,1,1,false
2019-07-15T10:38:59.313Z,1,2,false
2019-07-15T10:39:15.367Z,1,3,false
2019-07-15T10:39:33.430Z,1,4,false
2019-07-15T10:39:43.974Z,1,5,false
2019-07-15T10:39:53.650Z,1,6,false
2019-07-15T10:40:03.801Z,1,7,false
2019-07-15T10:40:14.854Z,1,8,false
2019-07-15T10:40:33.270Z,1,9,false
2019-07-15T10:41:31.847Z,1,1,false
2019-07-15T10:41:44.834Z,1,2,false
2019-07-15T10:41:59.706Z,1,3,false
2019-07-15T10:42:27.210Z,1,4,false
2019-07-15T10:42:58.096Z,1,5,false
2019-07-15T10:43:08.185Z,1,6,false
2019-07-15T10:43:18.719Z,1,7,false
2019-07-15T10:43:36.012Z,1,8,false
2019-07-15T10:43:47.171Z,1,9,false
2019-07-15T10:44:28.402Z,1,1,false
2019-07-15T10:44:53.657Z,1,2,false
2019-07-15T10:45:06.160Z,1,3,false
2019-07-15T10:45:17.658Z,1,4,false
2019-07-15T10:45:44.689Z,1,5,false
2019-07-15T10:46:10.280Z,1,6,false
2019-07-15T10:46:38.629Z,1,7,false
2019-07-15T10:46:50.233Z,1,8,false
2019-07-15T10:47:22.440Z,1,9,false
2019-07-15T10:48:36.534Z,1,1,false
2019-07-15T10:48:46.597Z,1,2,false
2019-07-15T10:49:33.773Z,1,3,false
2019-07-15T10:49:43.140Z,1,4,false
2019-07-15T10:50:01.039Z,1,5,false
2019-07-15T10:50:12.520Z,1,6,false
2019-07-15T10:50:23.113Z,1,7,false
2019-07-15T10:50:31.293Z,1,8,false
2019-07-15T10:50:42.559Z,1,9,false
2019-07-15T10:51:24.639Z,1,1,false
2019-07-15T10:51:37.016Z,1,2,false
2019-07-15T10:52:06.321Z,1,3,false
2019-07-15T10:52:20.670Z,1,4,false
2019-07-15T10:52:29.529Z,1,5,false
2019-07-15T10:52:39.547Z,1,6,false
2019-07-15T10:52:55.517Z,1,7,false
2019-07-15T10:53:13.544Z,1,8,false
2019-07-15T10:53:22.620Z,1,9,false
2019-07-15T10:54:04.280Z,1,1,false
2019-07-15T10:54:14.354Z,1,2,false
2019-07-15T10:55:12.794Z,1,3,false
2019-07-15T10:55:23.656Z,1,4,false
2019-07-15T10:55:34.408Z,1,5,false
2019-07-15T10:55:42.804Z,1,6,false
2019-07-15T10:55:54.011Z,1,7,false
2019-07-15T10:56:02.117Z,1,8,false
2019-07-15T10:56:10.562Z,1,9,false
2019-07-15T10:56:50.981Z,1,1,false
2019-07-15T10:57:00.787Z,1,2,false
2019-07-15T10:57:44.365Z,1,3,false
2019-07-15T10:57:55.918Z,1,4,false
2019-07-15T10:58:08.448Z,1,5,false
2019-07-15T10:58:19.595Z,1,6,false
2019-07-15T10:58:31.019Z,1,7,false
2019-07-15T10:58:41.317Z,1,8,false
2019-07-15T10:58:51.626Z,1,9,false
2019-07-15T10:59:32.233Z,1,1,false
2019-07-15T10:59:43.128Z,1,2,false
2019-07-15T10:59:54.202Z,1,3,false
2019-07-15T11:00:05.580Z,1,4,false
2019-07-15T11:00:17.144Z,1,5,false
2019-07-15T11:00:28.422Z,1,6,false
2019-07-15T11:00:40.179Z,1,7,false
2019-07-15T11:00:51.073Z,1,8,false
2019-07-15T11:01:02.639Z,1,9,false
2019-07-15T11:01:44.139Z,1,1,false
2019-07-15T11:01:55.902Z,1,2,false
2019-07-15T11:04:24.828Z,1,3,false
2019-07-15T11:04:40.549Z,1,4,false
2019-07-15T11:04:54.520Z,1,5,false
2019-07-15T11:05:07.932Z,1,6,false
2019-07-15T11:05:22.609Z,1,7,false
2019-07-15T11:05:33.919Z,1,8,false
2019-07-15T11:05:44.750Z,1,9,false
2019-07-15T11:06:24.589Z,1,1,false
2019-07-15T11:06:34.180Z,1,2,false
2019-07-15T11:08:52.955Z,1,3,false
2019-07-15T11:09:03.842Z,1,4,false
2019-07-15T11:09:15.241Z,1,5,false
2019-07-15T11:09:29.404Z,1,6,false
2019-07-15T11:09:42.790Z,1,7,false
2019-07-15T11:09:53.740Z,1,8,false
2019-07-15T11:10:05.983Z,1,9,false
2019-07-15T11:10:47.786Z,1,1,false
2019-07-15T11:10:57.580Z,1,2,false
2019-07-15T11:11:08.508Z,1,3,false
2019-07-15T11:11:20.021Z,1,4,false
2019-07-15T11:11:31.796Z,1,5,false
2019-07-15T11:11:43.198Z,1,6,false
2019-07-15T11:11:56.572Z,1,7,false
2019-07-15T11:12:07.090Z,1,8,false
2019-07-15T11:12:20.294Z,1,9,false
2019-07-15T11:13:02.459Z,1,1,false
2019-07-15T11:13:10.951Z,1,2,false
2019-07-15T11:13:20.549Z,1,3,false
2019-07-15T11:13:30.826Z,1,4,false
2019-07-15T11:13:43.657Z,1,5,false
2019-07-15T11:13:53.686Z,1,6,false
2019-07-15T11:14:04.300Z,1,7,false
2019-07-15T11:14:19.563Z,1,8,false
2019-07-15T11:14:37.119Z,1,9,false
2019-07-15T11:15:31.911Z,1,1,false
2019-07-15T11:15:46.604Z,1,2,false
2019-07-15T11:16:03.660Z,1,3,false
2019-07-15T11:16:13.020Z,1,4,false
2019-07-15T11:16:22.344Z,1,5,false
2019-07-15T11:16:54.031Z,1,6,false
2019-07-15T11:17:33.610Z,1,7,false
2019-07-15T11:17:45.738Z,1,8,false
2019-07-15T11:18:11.865Z,1,9,false
2019-07-15T11:19:26.423Z,1,1,false
2019-07-15T11:19:37.603Z,1,2,false
2019-07-15T11:20:05.215Z,1,3,false
2019-07-15T11:20:16.806Z,1,4,false
2019-07-15T11:20:41.491Z,1,5,false
2019-07-15T11:21:02.330Z,1,6,false
2019-07-15T11:21:23.651Z,1,7,false
2019-07-15T11:21:45.273Z,1,8,false
2019-07-15T11:22:17.471Z,1,9,false
2019-07-15T11:23:14.088Z,1,1,false
2019-07-15T11:23:28.718Z,1,2,false
2019-07-15T11:23:45.390Z,1,3,false
2019-07-15T11:24:10.866Z,1,4,false
2019-07-15T11:24:42.492Z,1,5,false
2019-07-15T11:24:55.056Z,1,6,false
2019-07-15T11:25:25.385Z,1,7,false
2019-07-15T11:25:58.242Z,1,8,false
2019-07-15T11:26:42.779Z,1,9,false
2019-07-15T11:27:56.693Z,1,1,false
2019-07-15T11:28:19.454Z,1,2,false
2019-07-15T11:28:31.317Z,1,3,false
2019-07-15T11:28:44.366Z,1,4,false
2019-07-15T11:29:14.545Z,1,5,false
2019-07-15T11:29:53.863Z,1,6,false
2019-07-15T11:30:04.787Z,1,7,false
2019-07-15T11:30:27.726Z,1,8,false
2019-07-15T11:30:39.164Z,1,9,false
2019-07-15T11:31:20.009Z,1,1,false
2019-07-15T11:31:40.392Z,1,2,false
2019-07-15T11:31:49.520Z,1,3,false
2019-07-15T11:32:05.567Z,1,4,false
2019-07-15T11:32:17.734Z,1,5,false
2019-07-15T11:32:34.139Z,1,6,false
2019-07-15T11:32:46.006Z,1,7,false
2019-07-15T11:33:19.676Z,1,8,false
2019-07-15T11:33:51.122Z,1,9,false
2019-07-15T11:35:05.532Z,1,1,false
2019-07-15T11:35:14.263Z,1,2,false
2019-07-15T11:35:22.228Z,1,3,false
2019-07-15T11:35:31.062Z,1,4,false
2019-07-15T11:35:42.747Z,1,5,false
2019-07-15T11:35:54.220Z,1,6,false
2019-07-15T11:36:06.029Z,1,7,false
2019-07-15T11:36:18.037Z,1,8,false
2019-07-15T11:36:29.136Z,1,9,false
2019-07-15T11:37:09.703Z,1,1,false
2019-07-15T11:37:19.836Z,1,2,false
2019-07-15T11:37:27.770Z,1,3,false
2019-07-15T11:37:38.029Z,1,4,false
2019-07-15T11:37:47.340Z,1,5,false
2019-07-15T11:37:57.780Z,1,6,false
2019-07-15T11:38:08.250Z,1,7,false
2019-07-15T11:38:18.715Z,1,8,false
2019-07-15T11:38:29.661Z,1,9,false
2019-07-15T11:39:10.912Z,1,1,false
2019-07-15T11:39:23.275Z,1,2,false
2019-07-15T11:39:31.267Z,1,3,false
2019-07-15T11:39:41.664Z,1,4,false
2019-07-15T11:39:52.172Z,1,5,false
2019-07-15T11:40:02.437Z,1,6,false
2019-07-15T11:40:12.837Z,1,7,false
2019-07-15T11:40:24.473Z,1,8,false
2019-07-15T11:40:35.618Z,1,9,false
2019-07-15T11:41:16.102Z,1,1,false
2019-07-15T11:41:27.879Z,1,2,false
2019-07-15T11:41:37.198Z,1,3,false
2019-07-15T11:41:48.132Z,1,4,false
2019-07-15T11:41:57.825Z,1,5,false
2019-07-15T11:42:08.550Z,1,6,false
2019-07-15T11:42:18.988Z,1,7,false
2019-07-15T11:42:30.141Z,1,8,false
2019-07-15T11:42:47.778Z,1,9,false
2019-07-15T11:43:28.905Z,1,1,false
2019-07-15T11:43:43.123Z,1,2,false
2019-07-15T11:43:58.110Z,1,3,false
2019-07-15T11:44:13.869Z,1,4,false
2019-07-15T11:44:25.830Z,1,5,false
2019-07-15T11:44:36.621Z,1,6,false
2019-07-15T11:44:57.567Z,1,7,false
2019-07-15T11:45:09.801Z,1,8,false
2019-07-15T11:45:40.977Z,1,9,false
2019-07-15T11:46:27.352Z,1,1,false
2019-07-15T11:46:52.540Z,1,2,false
2019-07-15T11:47:31.666Z,1,3,false
2019-07-15T11:48:13.386Z,1,4,false
2019-07-15T11:48:24.281Z,1,5,false
2019-07-15T11:48:34.558Z,1,6,false
2019-07-15T11:48:46.176Z,1,7,false
2019-07-15T11:48:58.971Z,1,8,false
2019-07-15T11:49:18.085Z,1,9,false
2019-07-15T11:50:26.507Z,1,1,false
2019-07-15T11:50:41.230Z,1,2,false
2019-07-15T11:51:42.799Z,1,3,false
2019-07-15T11:51:59.414Z,1,4,false
2019-07-15T11:52:25.866Z,1,5,false
2019-07-15T11:52:50.738Z,1,6,false
2019-07-15T11:53:09.977Z,1,7,false
2019-07-15T11:53:32.319Z,1,8,false
2019-07-15T11:54:02.591Z,1,9,false
2019-07-15T11:55:16.168Z,1,1,false
2019-07-15T11:55:27.706Z,1,2,false
2019-07-15T11:57:55.232Z,1,3,false
2019-07-15T11:58:07.208Z,1,4,false
2019-07-15T11:58:29.319Z,1,5,false
2019-07-15T11:58:45.286Z,1,6,false
2019-07-15T11:59:18.380Z,1,7,false
2019-07-15T11:59:56.448Z,1,8,false
2019-07-15T12:00:06.524Z,1,9,false
2019-07-15T12:01:01.677Z,1,1,false
2019-07-15T12:01:19.901Z,1,2,false
2019-07-15T12:03:54.776Z,1,3,false
2019-07-15T12:04:05.144Z,1,4,false
2019-07-15T12:04:13.960Z,1,5,false
2019-07-15T12:04:22.701Z,1,6,false
2019-07-15T12:04:31.172Z,1,7,false
2019-07-15T12:04:39.308Z,1,8,false
2019-07-15T12:04:50.339Z,1,9,false
2019-07-15T12:05:30.367Z,1,1,false
2019-07-15T12:05:38.541Z,1,2,false
2019-07-15T12:08:01.094Z,1,3,false
2019-07-15T12:08:09.723Z,1,4,false
2019-07-15T12:08:19.498Z,1,5,false
2019-07-15T12:08:27.916Z,1,6,false
2019-07-15T12:08:36.458Z,1,7,false
2019-07-15T12:08:44.601Z,1,8,false
2019-07-15T12:08:53.141Z,1,9,false
2019-07-15T12:09:31.532Z,1,1,false
2019-07-15T12:09:39.727Z,1,2,false
2019-07-15T12:12:03.380Z,1,3,false
2019-07-15T12:12:12.038Z,1,4,false
2019-07-15T12:12:20.874Z,1,5,false
2019-07-15T12:12:29.260Z,1,6,false
2019-07-15T12:12:37.789Z,1,7,false
2019-07-15T12:12:47.870Z,1,8,false
2019-07-15T12:12:57.406Z,1,9,false
2019-07-15T12:13:37.338Z,1,1,false
2019-07-15T12:13:45.525Z,1,2,false
2019-07-15T12:16:07.008Z,1,3,false
2019-07-15T12:16:17.347Z,1,4,false
2019-07-15T12:16:27.870Z,1,5,false
2019-07-15T12:16:37.265Z,1,6,false
2019-07-15T12:16:45.786Z,1,7,false
2019-07-15T12:16:53.928Z,1,8,false
2019-07-15T12:17:02.378Z,1,9,false
2019-07-15T12:17:40.822Z,1,1,false
2019-07-15T12:17:50.811Z,1,2,false
2019-07-15T12:18:00.699Z,1,3,false
2019-07-15T12:18:34.885Z,1,4,false
2019-07-15T12:18:47.846Z,1,5,false
2019-07-15T12:19:19.790Z,1,6,false
2019-07-15T12:20:05.056Z,1,7,false
2019-07-15T12:20:41.367Z,1,8,false
2019-07-15T12:20:52.952Z,1,9,false
2019-07-15T12:21:57.485Z,1,1,false
2019-07-15T12:22:41.082Z,1,2,false
2019-07-15T12:22:51.271Z,1,3,false
2019-07-15T12:23:01.562Z,1,4,false
2019-07-15T12:23:17.926Z,1,5,false
2019-07-15T12:23:53.635Z,1,6,false
2019-07-15T12:24:36.851Z,1,7,false
2019-07-15T12:24:47.389Z,1,8,false
2019-07-15T12:24:58.112Z,1,9,false
2019-07-15T12:25:44.675Z,1,1,false
2019-07-15T12:26:21.693Z,1,2,false
2019-07-15T12:27:04.212Z,1,3,false
2019-07-15T12:27:43.378Z,1,4,false
2019-07-15T12:27:55.312Z,1,5,false
2019-07-15T12:28:22.148Z,1,6,false
2019-07-15T12:29:03.469Z,1,7,false
2019-07-15T12:29:35.888Z,1,8,false
2019-07-15T12:29:53.306Z,1,9,false
2019-07-15T12:30:39.552Z,1,1,false
2019-07-15T12:31:16.446Z,1,2,false
2019-07-15T12:31:48.996Z,1,3,false
2019-07-15T12:32:00.492Z,1,4,false
2019-07-15T12:32:34.451Z,1,5,false
2019-07-15T12:33:17.133Z,1,6,false
2019-07-15T12:33:28.784Z,1,7,false
2019-07-15T12:33:45.613Z,1,8,false
2019-07-15T12:34:11.800Z,1,9,false
2019-07-15T12:34:54.887Z,1,1,false
2019-07-15T12:35:29.951Z,1,2,false
2019-07-15T12:35:50.191Z,1,3,false
2019-07-15T12:36:02.136Z,1,4,false
2019-07-15T12:36:42.713Z,1,5,false
2019-07-15T12:36:54.356Z,1,6,false
2019-07-15T12:37:21.443Z,1,7,false
2019-07-15T12:37:54.899Z,1,8,false
2019-07-15T12:38:39.228Z,1,9,false
2019-07-15T12:39:52.241Z,1,1,false
2019-07-15T12:40:34.991Z,1,2,false
2019-07-15T12:40:45.561Z,1,3,false
2019-07-15T12:41:08.971Z,1,4,false
2019-07-15T12:41:52.082Z,1,5,false
2019-07-15T12:42:33.398Z,1,6,false
2019-07-15T12:42:45.794Z,1,7,false
2019-07-15T12:43:04.101Z,1,8,false
2019-07-15T12:43:47.796Z,1,9,false
2019-07-15T12:45:02.747Z,1,1,false
2019-07-15T12:45:41.550Z,1,2,false
2019-07-15T12:45:52.369Z,1,3,false
2019-07-15T12:46:12.126Z,1,4,false
2019-07-15T12:46:55.716Z,1,5,false
2019-07-15T12:47:36.245Z,1,6,false
2019-07-15T12:47:48.545Z,1,7,false
2019-07-15T12:47:59.853Z,1,8,false
2019-07-15T12:48:21.166Z,1,9,false
2019-07-15T12:49:24.282Z,1,1,false
2019-07-15T12:52:17.413Z,1,2,false
2019-07-15T12:52:28.077Z,1,3,false
2019-07-15T12:52:40.120Z,1,4,false
2019-07-15T12:52:50.966Z,1,5,false
2019-07-15T12:53:01.886Z,1,6,false
2019-07-15T12:53:46.219Z,1,7,false
2019-07-15T12:54:27.435Z,1,8,false
2019-07-15T12:54:39.207Z,1,9,false
2019-07-15T12:55:42.467Z,1,1,false
2019-07-15T12:58:37.048Z,1,2,false
2019-07-15T12:58:58.623Z,1,3,false
2019-07-15T12:59:16.201Z,1,4,false
2019-07-15T13:00:01.086Z,1,5,false
2019-07-15T13:00:33.638Z,1,6,false
2019-07-15T13:00:45.760Z,1,7,false
2019-07-15T13:01:18.947Z,1,8,false
2019-07-15T13:02:03.450Z,1,9,false
2019-07-15T13:03:13.116Z,1,1,false
2019-07-15T13:06:06.528Z,1,2,false
2019-07-15T13:06:17.482Z,1,3,false
2019-07-15T13:06:42.336Z,1,4,false
2019-07-15T13:06:59.414Z,1,5,false
2019-07-15T13:07:14.364Z,1,6,false
2019-07-15T13:07:28.717Z,1,7,false
2019-07-15T13:07:45.357Z,1,8,false
2019-07-15T13:07:57.388Z,1,9,false
2019-07-15T13:09:03.211Z,1,1,false
2019-07-15T13:12:00.069Z,1,2,false
2019-07-15T13:12:11.051Z,1,3,false
2019-07-15T13:12:23.356Z,1,4,false
2019-07-15T13:12:35.697Z,1,5,false
2019-07-15T13:12:46.914Z,1,6,false
2019-07-15T13:13:10.145Z,1,7,false
2019-07-15T13:13:23.481Z,1,8,false
2019-07-15T13:13:35.888Z,1,9,false
2019-07-15T13:14:18.242Z,1,1,false
2019-07-15T13:16:42.368Z,1,2,false
2019-07-15T13:17:19.338Z,1,3,false
2019-07-15T13:17:42.282Z,1,4,false
2019-07-15T13:17:56.973Z,1,5,false
2019-07-15T13:18:34.197Z,1,6,false
2019-07-15T13:19:18.519Z,1,7,false
2019-07-15T13:19:59.644Z,1,8,false
2019-07-15T13:20:44.031Z,1,9,false
2019-07-15T13:21:56.469Z,1,1,false
2019-07-15T13:22:38.013Z,1,2,false
2019-07-15T13:22:49.310Z,1,3,false
2019-07-15T13:23:18.061Z,1,4,false
2019-07-15T13:24:03.174Z,1,5,false
2019-07-15T13:24:45.947Z,1,6,false
2019-07-15T13:24:58.320Z,1,7,false
2019-07-15T13:25:19.820Z,1,8,false
2019-07-15T13:26:03.686Z,1,9,false
2019-07-15T13:27:15.539Z,1,1,false
2019-07-15T13:27:31.913Z,1,2,false
2019-07-15T13:27:42.707Z,1,3,false
2019-07-15T13:27:54.375Z,1,4,false
2019-07-15T13:28:28.411Z,1,5,false
2019-07-15T13:28:49.050Z,1,6,false
2019-07-15T13:29:00.523Z,1,7,false
2019-07-15T13:29:36.947Z,1,8,false
2019-07-15T13:30:20.138Z,1,9,false
2019-07-15T13:31:01.228Z,1,1,false
2019-07-15T13:31:29.752Z,1,2,false
2019-07-15T13:32:12.429Z,1,3,false
2019-07-15T13:32:57.092Z,1,4,false
2019-07-15T13:33:40.480Z,1,5,false
2019-07-15T13:33:52.021Z,1,6,false
2019-07-15T13:34:20.387Z,1,7,false
2019-07-15T13:35:04.386Z,1,8,false
2019-07-15T13:35:48.844Z,1,9,false
2019-07-15T13:37:02.994Z,1,1,false
2019-07-15T13:40:00.297Z,1,2,false
2019-07-15T13:40:33.109Z,1,3,false
2019-07-15T13:41:09.773Z,1,4,false
2019-07-15T13:41:54.625Z,1,5,false
2019-07-15T13:42:34.944Z,1,6,false
2019-07-15T13:42:47.196Z,1,7,false
2019-07-15T13:43:18.585Z,1,8,false
2019-07-15T13:44:02.960Z,1,9,false
2019-07-15T13:45:16.298Z,1,1,false
2019-07-15T13:46:00.035Z,1,2,false
2019-07-15T13:46:42.211Z,1,3,false
2019-07-15T13:47:26.584Z,1,4,false
2019-07-15T13:48:11.252Z,1,5,false
2019-07-15T13:48:29.306Z,1,6,false
2019-07-15T13:48:41.160Z,1,7,false
2019-07-15T13:48:52.081Z,1,8,false
2019-07-15T13:49:28.779Z,1,9,false
2019-07-15T13:50:32.368Z,1,1,false
2019-07-15T13:50:43.689Z,1,2,false
2019-07-15T13:51:15.243Z,1,3,false
2019-07-15T13:51:27.123Z,1,4,false
2019-07-15T13:51:56.680Z,1,5,false
2019-07-15T13:52:36.043Z,1,6,false
2019-07-15T13:53:19.518Z,1,7,false
2019-07-15T13:53:30.477Z,1,8,false
2019-07-15T13:53:54.555Z,1,9,false
2019-07-15T13:55:08.935Z,1,1,false
2019-07-15T13:55:49.680Z,1,2,false
2019-07-15T13:56:00.662Z,1,3,false
2019-07-15T13:56:28.642Z,1,4,false
2019-07-15T13:57:13.086Z,1,5,false
2019-07-15T13:57:50.048Z,1,6,false
2019-07-15T13:58:34.609Z,1,7,false
2019-07-15T13:59:15.917Z,1,8,false
2019-07-15T14:00:00.289Z,1,9,false
2019-07-15T14:01:14.443Z,1,1,false
2019-07-15T14:01:37.198Z,1,2,false
2019-07-15T14:01:47.862Z,1,3,false
2019-07-15T14:01:59.664Z,1,4,false
2019-07-15T14:02:29.708Z,1,5,false
2019-07-15T14:03:11.485Z,1,6,false
2019-07-15T14:03:38.794Z,1,7,false
2019-07-15T14:03:49.754Z,1,8,false
2019-07-15T14:04:00.227Z,1,9,false
2019-07-15T14:05:07.047Z,1,1,false
2019-07-15T14:05:47.494Z,1,2,false
2019-07-15T14:05:58.072Z,1,3,false
2019-07-15T14:06:26.553Z,1,4,false
2019-07-15T14:07:08.723Z,1,5,false
2019-07-15T14:07:19.859Z,1,6,false
2019-07-15T14:07:32.970Z,1,7,false
2019-07-15T14:07:48.913Z,1,8,false
2019-07-15T14:08:12.901Z,1,9,false
2019-07-15T14:08:59.870Z,1,1,false
2019-07-15T14:09:30.403Z,1,2,false
2019-07-15T14:09:41.799Z,1,3,false
2019-07-15T14:10:09.754Z,1,4,false
2019-07-15T14:10:54.747Z,1,5,false
2019-07-15T14:11:25.603Z,1,6,false
2019-07-15T14:12:09.843Z,1,7,false
2019-07-15T14:12:53.239Z,1,8,false
2019-07-15T14:13:35.834Z,1,9,false
2019-07-15T14:14:17.379Z,1,1,false
2019-07-15T14:14:46.063Z,1,2,false
2019-07-15T14:15:29.121Z,1,3,false
2019-07-15T14:15:40.464Z,1,4,false
2019-07-15T14:16:05.327Z,1,5,false
2019-07-15T14:16:49.599Z,1,6,false
2019-07-15T14:17:33.971Z,1,7,false
2019-07-15T14:17:44.503Z,1,8,false
2019-07-15T14:17:59.989Z,1,9,false
2019-07-15T14:19:01.573Z,1,1,false
2019-07-15T14:19:14.638Z,1,2,false
2019-07-15T14:19:33.425Z,1,3,false
2019-07-15T14:19:45.567Z,1,4,false
2019-07-15T14:19:58.757Z,1,5,false
2019-07-15T14:20:24.206Z,1,6,false
2019-07-15T14:20:54.020Z,1,7,false
2019-07-15T14:21:36.041Z,1,8,false
2019-07-15T14:22:20.841Z,1,9,false
2019-07-15T14:23:35.159Z,1,1,false
2019-07-15T14:24:15.759Z,1,2,false
2019-07-15T14:24:26.273Z,1,3,false
2019-07-15T14:24:36.835Z,1,4,false
2019-07-15T14:24:52.440Z,1,5,false
2019-07-15T14:25:28.565Z,1,6,false
2019-07-15T14:25:45.325Z,1,7,false
2019-07-15T14:25:56.326Z,1,8,false
2019-07-15T14:26:20.375Z,1,9,false
2019-07-15T14:27:35.108Z,1,1,false
2019-07-15T14:28:13.131Z,1,2,false
2019-07-15T14:28:24.609Z,1,3,false
2019-07-15T14:28:49.224Z,1,4,false
2019-07-15T14:29:30.463Z,1,5,false
2019-07-15T14:30:15.346Z,1,6,false
2019-07-15T14:30:59.986Z,1,7,false
2019-07-15T14:31:44.399Z,1,8,false
2019-07-15T14:32:28.038Z,1,9,false
2019-07-15T14:33:39.447Z,1,1,false
2019-07-15T14:34:12.992Z,1,2,false
2019-07-15T14:34:24.127Z,1,3,false
2019-07-15T14:34:36.246Z,1,4,false
2019-07-15T14:35:04.114Z,1,5,false
2019-07-15T14:35:47.929Z,1,6,false
2019-07-15T14:36:30.356Z,1,7,false
2019-07-15T14:37:14.971Z,1,8,false
2019-07-15T14:37:56.397Z,1,9,false
2019-07-15T14:39:07.699Z,1,1,false
2019-07-15T14:39:50.790Z,1,2,false
2019-07-15T14:40:34.515Z,1,3,false
2019-07-15T14:41:18.881Z,1,4,false
2019-07-15T14:42:04.459Z,1,5,false
2019-07-15T14:42:48.498Z,1,6,false
2019-07-15T14:43:32.037Z,1,7,false
2019-07-15T14:44:15.612Z,1,8,false
2019-07-15T14:45:00.608Z,1,9,false
2019-07-15T14:46:14.873Z,1,1,false
2019-07-15T14:46:57.815Z,1,2,false
2019-07-15T14:47:42.024Z,1,3,false
2019-07-15T14:48:26.719Z,1,4,false
2019-07-15T14:49:11.193Z,1,5,false
2019-07-15T14:49:52.306Z,1,6,false
2019-07-15T14:50:36.291Z,1,7,false
2019-07-15T14:50:47.594Z,1,8,false
2019-07-15T14:51:16.580Z,1,9,false
2019-07-15T14:52:31.278Z,1,1,false
2019-07-15T14:53:14.647Z,1,2,false
2019-07-15T14:53:25.780Z,1,3,false
2019-07-15T14:53:49.172Z,1,4,false
2019-07-15T14:54:28.507Z,1,5,false
2019-07-15T14:55:12.333Z,1,6,false
2019-07-15T14:55:57.241Z,1,7,false
2019-07-15T14:56:40.191Z,1,8,false
2019-07-15T14:57:21.482Z,1,9,false
2019-07-15T14:58:36.297Z,1,1,false
2019-07-15T14:59:20.496Z,1,2,false
2019-07-15T14:59:32.034Z,1,3,false
2019-07-15T14:59:44.088Z,1,4,false
2019-07-15T15:00:00.691Z,1,5,false
2019-07-15T15:00:35.442Z,1,6,false
2019-07-15T15:00:54.073Z,1,7,false
2019-07-15T15:01:12.806Z,1,8,false
2019-07-15T15:01:57.660Z,1,9,false
2019-07-15T15:03:11.230Z,1,1,false
2019-07-15T15:03:55.279Z,1,2,false
2019-07-15T15:04:38.032Z,1,3,false
2019-07-15T15:05:22.206Z,1,4,false
2019-07-15T15:05:43.869Z,1,5,false
2019-07-15T15:06:01.209Z,1,6,false
2019-07-15T15:06:38.737Z,1,7,false
2019-07-15T15:07:22.859Z,1,8,false
2019-07-15T15:08:07.140Z,1,9,false
2019-07-15T15:09:20.095Z,1,1,false
2019-07-15T15:10:04.352Z,1,2,false
2019-07-15T15:10:47.485Z,1,3,false
2019-07-15T15:11:33.019Z,1,4,false
2019-07-15T15:12:18.253Z,1,5,false
2019-07-15T15:13:02.606Z,1,6,false
2019-07-15T15:13:47.529Z,1,7,false
2019-07-15T15:14:31.779Z,1,8,false
2019-07-15T15:15:15.655Z,1,9,false
2019-07-15T15:16:30.340Z,1,1,false
2019-07-15T15:17:14.585Z,1,2,false
2019-07-15T15:17:57.309Z,1,3,false
2019-07-15T15:18:42.255Z,1,4,false
2019-07-15T15:19:27.588Z,1,5,false
2019-07-15T15:20:12.639Z,1,6,false
2019-07-15T15:20:57.455Z,1,7,false
2019-07-15T15:21:40.443Z,1,8,false
2019-07-15T15:22:25.181Z,1,9,false
2019-07-15T15:23:39.759Z,1,1,false
2019-07-15T15:24:23.885Z,1,2,false
2019-07-15T15:25:08.218Z,1,3,false
2019-07-15T15:25:51.356Z,1,4,false
2019-07-15T15:26:36.292Z,1,5,false
2019-07-15T15:27:21.005Z,1,6,false
2019-07-15T15:28:05.677Z,1,7,false
2019-07-15T15:28:49.809Z,1,8,false
2019-07-15T15:29:34.518Z,1,9,false
2019-07-15T15:30:48.534Z,1,1,false
2019-07-15T15:31:32.725Z,1,2,false
2019-07-15T15:32:16.759Z,1,3,false
2019-07-15T15:33:01.912Z,1,4,false
2019-07-15T15:33:51.500Z,1,5,false
2019-07-15T15:34:36.557Z,1,6,false
2019-07-15T15:35:21.717Z,1,7,false
2019-07-15T15:36:04.604Z,1,8,false
2019-07-15T15:36:49.463Z,1,9,false
2019-07-15T15:38:03.934Z,1,1,false
2019-07-15T15:38:47.353Z,1,2,false
2019-07-15T15:39:28.482Z,1,3,false
2019-07-15T15:40:13.727Z,1,4,false
2019-07-15T15:40:58.307Z,1,5,false
2019-07-15T15:41:42.923Z,1,6,false
2019-07-15T15:42:26.412Z,1,7,false
2019-07-15T15:43:10.428Z,1,8,false
2019-07-15T15:43:54.730Z,1,9,false
2019-07-15T15:45:09.132Z,1,1,false
2019-07-15T15:45:53.347Z,1,2,false
2019-07-15T15:46:37.694Z,1,3,false
2019-07-15T15:47:22.187Z,1,4,false
2019-07-15T15:48:07.708Z,1,5,false
2019-07-15T15:48:52.128Z,1,6,false
2019-07-15T15:49:36.455Z,1,7,false
2019-07-15T15:50:20.878Z,1,8,false
2019-07-15T15:51:05.151Z,1,9,false
2019-07-15T15:52:19.961Z,1,1,false
2019-07-15T15:53:04.282Z,1,2,false
2019-07-15T15:53:47.106Z,1,3,false
2019-07-15T15:54:32.057Z,1,4,false
2019-07-15T15:55:17.830Z,1,5,false
2019-07-15T15:56:02.831Z,1,6,false
2019-07-15T15:56:47.840Z,1,7,false
2019-07-15T15:57:32.130Z,1,8,false
2019-07-15T15:58:16.121Z,1,9,false
2019-07-15T15:59:31.130Z,1,1,false
2019-07-15T16:00:15.565Z,1,2,false
2019-07-15T16:00:58.687Z,1,3,false
2019-07-15T16:01:43.617Z,1,4,false
2019-07-15T16:02:28.512Z,1,5,false
2019-07-15T16:03:10.449Z,1,6,false
2019-07-15T16:03:54.989Z,1,7,false
2019-07-15T16:04:39.063Z,1,8,false
2019-07-15T16:05:23.833Z,1,9,false
2019-07-15T16:06:38.822Z,1,1,false
2019-07-15T16:07:22.390Z,1,2,false
2019-07-15T16:08:06.626Z,1,3,false
2019-07-15T16:08:51.532Z,1,4,false
2019-07-15T16:09:35.885Z,1,5,false
2019-07-15T16:10:21.111Z,1,6,false
2019-07-15T16:11:05.580Z,1,7,false
2019-07-15T16:11:51.100Z,1,8,false
2019-07-15T16:12:36.202Z,1,9,false
2019-07-15T16:13:50.868Z,1,1,false
2019-07-15T16:14:33.710Z,1,2,false
2019-07-15T16:15:18.055Z,1,3,false
2019-07-15T16:16:03.127Z,1,4,false
2019-07-15T16:16:46.656Z,1,5,false
2019-07-15T16:17:31.585Z,1,6,false
2019-07-15T16:18:16.030Z,1,7,false
2019-07-15T16:19:00.221Z,1,8,false
2019-07-15T16:19:45.078Z,1,9,false
2019-07-15T16:20:59.749Z,1,1,false
2019-07-15T16:21:43.983Z,1,2,false
2019-07-15T16:22:27.155Z,1,3,false
2019-07-15T16:23:12.339Z,1,4,false
2019-07-15T16:23:57.367Z,1,5,false
2019-07-15T16:24:40.740Z,1,6,false
2019-07-15T16:25:22.365Z,1,7,false
2019-07-15T16:26:06.318Z,1,8,false
2019-07-15T16:26:50.042Z,1,9,false
2019-07-15T16:28:04.966Z,1,1,false
2019-07-15T16:28:46.589Z,1,2,false
2019-07-15T16:28:57.157Z,1,3,false
2019-07-15T16:29:23.690Z,1,4,false
2019-07-15T16:30:08.467Z,1,5,false
2019-07-15T16:30:53.177Z,1,6,false
2019-07-15T16:31:37.845Z,1,7,false
2019-07-15T16:32:22.198Z,1,8,false
2019-07-15T16:33:07.049Z,1,9,false
2019-07-15T16:34:19.424Z,1,1,false
2019-07-15T16:35:03.693Z,1,2,false
2019-07-15T16:35:46.549Z,1,3,false
2019-07-15T16:36:31.102Z,1,4,false
2019-07-15T16:37:16.577Z,1,5,false
2019-07-15T16:38:01.215Z,1,6,false
2019-07-15T16:38:44.003Z,1,7,false
2019-07-15T16:39:28.341Z,1,8,false
2019-07-15T16:40:12.874Z,1,9,false
2019-07-15T16:41:26.905Z,1,1,false
2019-07-15T16:42:11.218Z,1,2,false
2019-07-15T16:42:53.816Z,1,3,false
2019-07-15T16:43:36.446Z,1,4,false
2019-07-15T16:44:21.613Z,1,5,false
2019-07-15T16:45:06.228Z,1,6,false
2019-07-15T16:45:47.092Z,1,7,false
2019-07-15T16:46:30.601Z,1,8,false
2019-07-15T16:47:15.421Z,1,9,false
2019-07-15T16:48:27.922Z,1,1,false
2019-07-15T16:49:11.171Z,1,2,false
2019-07-15T16:49:38.041Z,1,3,false
2019-07-15T16:50:23.318Z,1,4,false
2019-07-15T16:51:08.807Z,1,5,false
2019-07-15T16:51:53.665Z,1,6,false
2019-07-15T16:52:38.170Z,1,7,false
2019-07-15T16:53:21.034Z,1,8,false
2019-07-15T16:54:05.627Z,1,9,false
2019-07-15T16:55:19.520Z,1,1,false
2019-07-15T16:56:03.073Z,1,2,false
2019-07-15T16:56:44.030Z,1,3,false
2019-07-15T16:57:24.980Z,1,4,false
2019-07-15T16:58:10.119Z,1,5,false
2019-07-15T16:58:48.721Z,1,6,false
2019-07-15T16:59:33.423Z,1,7,false
2019-07-15T17:00:17.645Z,1,8,false
2019-07-15T17:00:47.164Z,1,9,false
2019-07-15T17:01:28.839Z,1,1,false
2019-07-15T17:02:04.723Z,1,2,false
2019-07-15T17:02:47.922Z,1,3,false
2019-07-15T17:02:59.837Z,1,4,false
2019-07-15T17:03:28.484Z,1,5,false
2019-07-15T17:04:13.098Z,1,6,false
2019-07-15T17:04:49.746Z,1,7,false
2019-07-15T17:05:33.748Z,1,8,false
2019-07-15T17:06:17.657Z,1,9,false
2019-07-15T17:07:32.182Z,1,1,false
2019-07-15T17:08:16.083Z,1,2,false
2019-07-15T17:08:59.078Z,1,3,false
2019-07-15T17:09:43.705Z,1,4,false
2019-07-15T17:10:28.730Z,1,5,false
2019-07-15T17:11:13.349Z,1,6,false
2019-07-15T17:11:57.362Z,1,7,false
2019-07-15T17:12:41.983Z,1,8,false
2019-07-15T17:13:25.901Z,1,9,false
2019-07-15T17:14:40.581Z,1,1,false
2019-07-15T17:15:24.606Z,1,2,false
2019-07-15T17:16:08.813Z,1,3,false
2019-07-15T17:16:54.141Z,1,4,false
2019-07-15T17:17:39.366Z,1,5,false
2019-07-15T17:18:23.233Z,1,6,false
2019-07-15T17:19:08.025Z,1,7,false
2019-07-15T17:19:51.844Z,1,8,false
2019-07-15T17:20:35.977Z,1,9,false
2019-07-15T17:21:50.651Z,1,1,false
2019-07-15T17:22:34.035Z,1,2,false
2019-07-15T17:22:45.569Z,1,3,false
2019-07-15T17:23:10.875Z,1,4,false
2019-07-15T17:23:55.491Z,1,5,false
2019-07-15T17:24:27.853Z,1,6,false
2019-07-15T17:24:39.717Z,1,7,false
2019-07-15T17:24:50.771Z,1,8,false
2019-07-15T17:25:02.399Z,1,9,false
2019-07-15T17:25:55.989Z,1,1,false
2019-07-15T17:26:35.229Z,1,2,false
2019-07-15T17:27:19.599Z,1,3,false
2019-07-15T17:28:04.976Z,1,4,false
2019-07-15T17:28:48.923Z,1,5,false
2019-07-15T17:29:31.844Z,1,6,false
2019-07-15T17:30:17.193Z,1,7,false
2019-07-15T17:30:58.246Z,1,8,false
2019-07-15T17:31:43.392Z,1,9,false
2019-07-15T17:32:56.881Z,1,1,false
2019-07-15T17:33:41.272Z,1,2,false
2019-07-15T17:34:25.226Z,1,3,false
2019-07-15T17:35:10.391Z,1,4,false
2019-07-15T17:35:51.300Z,1,5,false
2019-07-15T17:36:36.045Z,1,6,false
2019-07-15T17:37:21.193Z,1,7,false
2019-07-15T17:37:54.792Z,1,8,false
2019-07-15T17:38:39.637Z,1,9,false
2019-07-15T17:39:54.228Z,1,1,false
2019-07-15T17:40:38.032Z,1,2,false
2019-07-15T17:41:21.809Z,1,3,false
2019-07-15T17:42:06.948Z,1,4,false
2019-07-15T17:42:52.068Z,1,5,false
2019-07-15T17:43:35.435Z,1,6,false
2019-07-15T17:44:20.437Z,1,7,false
2019-07-15T17:45:05.225Z,1,8,false
2019-07-15T17:45:48.165Z,1,9,false
2019-07-15T17:46:59.964Z,1,1,false
2019-07-15T17:47:43.699Z,1,2,false
2019-07-15T17:48:28.326Z,1,3,false
2019-07-15T17:49:11.681Z,1,4,false
2019-07-15T17:49:56.671Z,1,5,false
2019-07-15T17:50:41.521Z,1,6,false
2019-07-15T17:51:24.387Z,1,7,false
2019-07-15T17:52:08.823Z,1,8,false
2019-07-15T17:52:53.090Z,1,9,false
2019-07-15T17:54:07.544Z,1,1,false
2019-07-15T17:54:49.604Z,1,2,false
2019-07-15T17:55:29.149Z,1,3,false
2019-07-15T17:56:14.206Z,1,4,false
2019-07-15T17:56:58.534Z,1,5,false
2019-07-15T17:57:42.566Z,1,6,false
2019-07-15T17:58:26.360Z,1,7,false
2019-07-15T17:59:10.849Z,1,8,false
2019-07-15T17:59:55.766Z,1,9,false
2019-07-15T18:01:09.726Z,1,1,false
2019-07-15T18:01:54.269Z,1,2,false
2019-07-15T18:02:37.495Z,1,3,false
2019-07-15T18:03:19.975Z,1,4,false
2019-07-15T18:04:05.361Z,1,5,false
2019-07-15T18:04:49.419Z,1,6,false
2019-07-15T18:05:34.173Z,1,7,false
2019-07-15T18:06:18.662Z,1,8,false
2019-07-15T18:07:02.824Z,1,9,false
2019-07-15T18:08:10.957Z,1,1,false
2019-07-15T18:08:54.338Z,1,2,false
2019-07-15T18:09:38.326Z,1,3,false
2019-07-15T18:10:23.537Z,1,4,false
2019-07-15T18:11:05.854Z,1,5,false
2019-07-15T18:11:50.640Z,1,6,false
2019-07-15T18:12:35.490Z,1,7,false
2019-07-15T18:12:46.348Z,1,8,false
2019-07-15T18:13:07.786Z,1,9,false
2019-07-15T18:14:19.094Z,1,1,false
2019-07-15T18:15:03.171Z,1,2,false
2019-07-15T18:15:36.815Z,1,3,false
2019-07-15T18:16:20.196Z,1,4,false
2019-07-15T18:17:01.741Z,1,5,false
2019-07-15T18:17:46.657Z,1,6,false
2019-07-15T18:18:29.585Z,1,7,false
2019-07-15T18:19:14.426Z,1,8,false
2019-07-15T18:19:58.477Z,1,9,false
2019-07-15T18:21:08.859Z,1,1,false
2019-07-15T18:21:52.589Z,1,2,false
2019-07-15T18:22:34.133Z,1,3,false
2019-07-15T18:23:19.539Z,1,4,false
2019-07-15T18:24:04.582Z,1,5,false
2019-07-15T18:24:47.144Z,1,6,false
2019-07-15T18:25:32.471Z,1,7,false
2019-07-15T18:26:16.991Z,1,8,false
2019-07-15T18:27:01.939Z,1,9,false
2019-07-15T18:28:16.347Z,1,1,false
2019-07-15T18:29:00.075Z,1,2,false
2019-07-15T18:29:10.716Z,1,3,false
2019-07-15T18:29:27.807Z,1,4,false
2019-07-15T18:29:57.391Z,1,5,false
2019-07-15T18:30:09.921Z,1,6,false
2019-07-15T18:30:35.472Z,1,7,false
2019-07-15T18:31:05.457Z,1,8,false
2019-07-15T18:31:49.838Z,1,9,false
2019-07-15T18:33:04.267Z,1,1,false
2019-07-15T18:33:48.310Z,1,2,false
2019-07-15T18:34:31.806Z,1,3,false
2019-07-15T18:35:16.624Z,1,4,false
2019-07-15T18:36:02.110Z,1,5,false
2019-07-15T18:36:46.580Z,1,6,false
2019-07-15T18:37:31.208Z,1,7,false
2019-07-15T18:38:15.829Z,1,8,false
2019-07-15T18:38:59.735Z,1,9,false
2019-07-15T18:40:12.983Z,1,1,false
2019-07-15T18:40:56.922Z,1,2,false
2019-07-15T18:41:35.238Z,1,3,false
2019-07-15T18:42:18.976Z,1,4,false
2019-07-15T18:43:00.056Z,1,5,false
2019-07-15T18:43:44.633Z,1,6,false
2019-07-15T18:44:29.211Z,1,7,false
2019-07-15T18:45:12.265Z,1,8,false
2019-07-15T18:45:56.886Z,1,9,false
2019-07-15T18:47:11.488Z,1,1,false
2019-07-15T18:47:55.185Z,1,2,false
2019-07-15T18:48:06.186Z,1,3,false
2019-07-15T18:48:23.467Z,1,4,false
2019-07-15T18:48:52.443Z,1,5,false
2019-07-15T18:49:18.545Z,1,6,false
2019-07-15T18:49:30.753Z,1,7,false
2019-07-15T18:50:07.521Z,1,8,false
2019-07-15T18:50:35.788Z,1,9,false
2019-07-15T18:51:17.131Z,1,1,false
2019-07-15T18:51:54.950Z,1,2,false
2019-07-15T18:52:09.751Z,1,3,false
2019-07-15T18:52:34.526Z,1,4,false
2019-07-15T18:53:05.737Z,1,5,false
2019-07-15T18:53:16.565Z,1,6,false
2019-07-15T18:53:52.246Z,1,7,false
2019-07-15T18:54:35.958Z,1,8,false
2019-07-15T18:55:18.968Z,1,9,false
2019-07-15T18:56:33.778Z,1,1,false
2019-07-15T18:57:17.934Z,1,2,false
2019-07-15T18:58:01.972Z,1,3,false
2019-07-15T18:58:46.764Z,1,4,false
2019-07-15T18:59:30.860Z,1,5,false
2019-07-15T19:00:15.893Z,1,6,false
2019-07-15T19:01:00.511Z,1,7,false
2019-07-15T19:01:45.195Z,1,8,false
2019-07-15T19:02:30.612Z,1,9,false
2019-07-15T19:03:45.584Z,1,1,false
2019-07-15T19:04:27.794Z,1,2,false
2019-07-15T19:04:39.881Z,1,3,false
2019-07-15T19:05:07.358Z,1,4,false
2019-07-15T19:05:56.727Z,1,5,false
2019-07-15T19:06:42.870Z,1,6,false
2019-07-15T19:07:28.942Z,1,7,false
2019-07-15T19:08:12.101Z,1,8,false
2019-07-15T19:08:57.553Z,1,9,false
2019-07-15T19:10:12.883Z,1,1,false
2019-07-15T19:10:56.191Z,1,2,false
2019-07-15T19:11:40.313Z,1,3,false
2019-07-15T19:12:24.567Z,1,4,false
2019-07-15T19:13:10.243Z,1,5,false
2019-07-15T19:13:55.194Z,1,6,false
2019-07-15T19:14:40.431Z,1,7,false
2019-07-15T19:15:24.570Z,1,8,false
2019-07-15T19:16:10.011Z,1,9,false
2019-07-15T19:17:24.681Z,1,1,false
2019-07-15T19:18:08.455Z,1,2,false
2019-07-15T19:18:52.579Z,1,3,false
2019-07-15T19:19:37.306Z,1,4,false
2019-07-15T19:20:22.443Z,1,5,false
2019-07-15T19:21:06.000Z,1,6,false
2019-07-15T19:21:50.679Z,1,7,false
2019-07-15T19:22:34.391Z,1,8,false
2019-07-15T19:22:45.951Z,1,9,false
2019-07-15T19:23:40.691Z,1,1,false
2019-07-15T19:24:22.787Z,1,2,false
2019-07-15T19:25:07.785Z,1,3,false
2019-07-15T19:25:52.810Z,1,4,false
2019-07-15T19:26:37.867Z,1,5,false
2019-07-15T19:27:21.943Z,1,6,false
2019-07-15T19:28:07.035Z,1,7,false
2019-07-15T19:28:49.945Z,1,8,false
2019-07-15T19:29:35.674Z,1,9,false
2019-07-15T19:30:50.469Z,1,1,false
2019-07-15T19:31:34.517Z,1,2,false
2019-07-15T19:32:17.688Z,1,3,false
2019-07-15T19:33:03.052Z,1,4,false
2019-07-15T19:33:47.739Z,1,5,false
2019-07-15T19:34:32.766Z,1,6,false
2019-07-15T19:35:17.455Z,1,7,false
2019-07-15T19:36:01.846Z,1,8,false
2019-07-15T19:36:46.064Z,1,9,false
2019-07-15T19:38:00.380Z,1,1,false
2019-07-15T19:38:44.382Z,1,2,false
2019-07-15T19:39:22.722Z,1,3,false
2019-07-15T19:40:06.862Z,1,4,false
2019-07-15T19:40:50.857Z,1,5,false
2019-07-15T19:41:35.653Z,1,6,false
2019-07-15T19:42:20.649Z,1,7,false
2019-07-15T19:43:03.608Z,1,8,false
2019-07-15T19:43:48.530Z,1,9,false
2019-07-15T19:45:03.254Z,1,1,false
2019-07-15T19:45:47.113Z,1,2,false
2019-07-15T19:46:31.041Z,1,3,false
2019-07-15T19:47:16.265Z,1,4,false
2019-07-15T19:48:00.967Z,1,5,false
2019-07-15T19:48:45.685Z,1,6,false
2019-07-15T19:49:30.811Z,1,7,false
2019-07-15T19:50:14.315Z,1,8,false
2019-07-15T19:50:58.673Z,1,9,false
2019-07-15T19:52:12.968Z,1,1,false
2019-07-15T19:52:57.353Z,1,2,false
2019-07-15T19:53:41.432Z,1,3,false
2019-07-15T19:54:25.639Z,1,4,false
2019-07-15T19:55:09.704Z,1,5,false
2019-07-15T19:55:54.641Z,1,6,false
2019-07-15T19:56:38.054Z,1,7,false
2019-07-15T19:56:48.398Z,1,8,false
2019-07-15T19:57:06.849Z,1,9,false
2019-07-15T19:58:16.362Z,1,1,false
2019-07-15T19:59:01.417Z,1,2,false
2019-07-15T19:59:40.229Z,1,3,false
2019-07-15T20:00:24.607Z,1,4,false
2019-07-15T20:01:09.499Z,1,5,false
2019-07-15T20:01:53.572Z,1,6,false
2019-07-15T20:02:38.066Z,1,7,false
2019-07-15T20:03:19.206Z,1,8,false
2019-07-15T20:04:03.782Z,1,9,false
2019-07-15T20:05:18.479Z,1,1,false
2019-07-15T20:06:01.282Z,1,2,false
2019-07-15T20:06:45.312Z,1,3,false
2019-07-15T20:07:30.387Z,1,4,false
2019-07-15T20:08:14.726Z,1,5,false
2019-07-15T20:08:56.339Z,1,6,false
2019-07-15T20:09:41.104Z,1,7,false
2019-07-15T20:10:23.021Z,1,8,false
2019-07-15T20:11:08.114Z,1,9,false
2019-07-15T20:12:23.414Z,1,1,false
2019-07-15T20:13:07.441Z,1,2,false
2019-07-15T20:13:50.299Z,1,3,false
2019-07-15T20:14:35.015Z,1,4,false
2019-07-15T20:15:20.033Z,1,5,false
2019-07-15T20:16:04.390Z,1,6,false
2019-07-15T20:16:49.921Z,1,7,false
2019-07-15T20:17:34.573Z,1,8,false
2019-07-15T20:18:18.535Z,1,9,false
2019-07-15T20:19:33.571Z,1,1,false
2019-07-15T20:20:17.873Z,1,2,false
2019-07-15T20:20:59.989Z,1,3,false
2019-07-15T20:21:45.397Z,1,4,false
2019-07-15T20:22:30.797Z,1,5,false
2019-07-15T20:23:15.451Z,1,6,false
2019-07-15T20:24:00.411Z,1,7,false
2019-07-15T20:24:41.025Z,1,8,false
2019-07-15T20:25:21.318Z,1,9,false
2019-07-15T20:26:35.898Z,1,1,false
2019-07-15T20:27:20.268Z,1,2,false
2019-07-15T20:28:03.354Z,1,3,false
2019-07-15T20:28:47.758Z,1,4,false
2019-07-15T20:29:33.335Z,1,5,false
2019-07-15T20:30:17.718Z,1,6,false
2019-07-15T20:31:02.595Z,1,7,false
2019-07-15T20:31:45.418Z,1,8,false
2019-07-15T20:32:30.317Z,1,9,false
2019-07-15T20:33:44.850Z,1,1,false
2019-07-15T20:34:29.353Z,1,2,false
2019-07-15T20:35:12.913Z,1,3,false
2019-07-15T20:35:57.161Z,1,4,false
2019-07-15T20:36:42.433Z,1,5,false
2019-07-15T20:37:27.521Z,1,6,false
2019-07-15T20:38:12.006Z,1,7,false
2019-07-15T20:38:53.814Z,1,8,false
2019-07-15T20:39:38.800Z,1,9,false
2019-07-15T20:40:53.424Z,1,1,false
2019-07-15T20:41:36.883Z,1,2,false
2019-07-15T20:42:20.734Z,1,3,false
2019-07-15T20:43:05.567Z,1,4,false
2019-07-15T20:43:50.995Z,1,5,false
2019-07-15T20:44:33.674Z,1,6,false
2019-07-15T20:45:18.482Z,1,7,false
2019-07-15T20:46:02.486Z,1,8,false
2019-07-15T20:46:45.949Z,1,9,false
2019-07-15T20:48:00.766Z,1,1,false
2019-07-15T20:48:44.815Z,1,2,false
2019-07-15T20:49:23.290Z,1,3,false
2019-07-15T20:50:08.320Z,1,4,false
2019-07-15T20:50:53.493Z,1,5,false
2019-07-15T20:51:38.340Z,1,6,false
2019-07-15T20:52:23.507Z,1,7,false
2019-07-15T20:53:07.245Z,1,8,false
2019-07-15T20:53:52.019Z,1,9,false
2019-07-15T20:55:06.845Z,1,1,false
2019-07-15T20:55:51.427Z,1,2,false
2019-07-15T20:56:35.288Z,1,3,false
2019-07-15T20:57:20.286Z,1,4,false
2019-07-15T20:58:04.664Z,1,5,false
2019-07-15T20:58:49.073Z,1,6,false
2019-07-15T20:59:33.913Z,1,7,false
2019-07-15T21:00:17.811Z,1,8,false
2019-07-15T21:01:02.629Z,1,9,false
2019-07-15T21:02:17.523Z,1,1,false
2019-07-15T21:03:01.408Z,1,2,false
2019-07-15T21:03:44.967Z,1,3,false
2019-07-15T21:04:29.740Z,1,4,false
2019-07-15T21:05:12.233Z,1,5,false
2019-07-15T21:05:56.907Z,1,6,false
2019-07-15T21:06:41.590Z,1,7,false
2019-07-15T21:07:25.109Z,1,8,false
2019-07-15T21:07:45.658Z,1,9,false
2019-07-15T21:08:27.335Z,1,1,false
2019-07-15T21:09:04.597Z,1,2,false
2019-07-15T21:09:48.087Z,1,3,false
2019-07-15T21:10:33.228Z,1,4,false
2019-07-15T21:11:16.602Z,1,5,false
2019-07-15T21:12:01.259Z,1,6,false
2019-07-15T21:12:46.116Z,1,7,false
2019-07-15T21:13:31.073Z,1,8,false
2019-07-15T21:14:16.124Z,1,9,false
2019-07-15T21:15:30.629Z,1,1,false
2019-07-15T21:16:14.825Z,1,2,false
2019-07-15T21:16:58.182Z,1,3,false
2019-07-15T21:17:43.446Z,1,4,false
2019-07-15T21:18:27.105Z,1,5,false
2019-07-15T21:19:11.737Z,1,6,false
2019-07-15T21:19:56.184Z,1,7,false
2019-07-15T21:20:35.960Z,1,8,false
2019-07-15T21:21:16.130Z,1,9,false
2019-07-15T21:22:31.155Z,1,1,false
2019-07-15T21:23:15.333Z,1,2,false
2019-07-15T21:23:59.344Z,1,3,false
2019-07-15T21:24:43.935Z,1,4,false
2019-07-15T21:25:27.723Z,1,5,false
2019-07-15T21:26:12.346Z,1,6,false
2019-07-15T21:26:57.522Z,1,7,false
2019-07-15T21:27:41.969Z,1,8,false
2019-07-15T21:28:26.931Z,1,9,false
2019-07-15T21:29:42.307Z,1,1,false
2019-07-15T21:30:26.785Z,1,2,false
2019-07-15T21:31:09.707Z,1,3,false
2019-07-15T21:31:54.939Z,1,4,false
2019-07-15T21:32:39.088Z,1,5,false
2019-07-15T21:33:01.227Z,1,6,false
2019-07-15T21:33:44.712Z,1,7,false
2019-07-15T21:34:26.303Z,1,8,false
2019-07-15T21:35:11.052Z,1,9,false
2019-07-15T21:36:25.434Z,1,1,false
2019-07-15T21:37:10.059Z,1,2,false
2019-07-15T21:37:54.646Z,1,3,false
2019-07-15T21:38:39.967Z,1,4,false
2019-07-15T21:39:24.861Z,1,5,false
2019-07-15T21:40:09.216Z,1,6,false
2019-07-15T21:40:54.136Z,1,7,false
2019-07-15T21:41:38.625Z,1,8,false
2019-07-15T21:42:22.213Z,1,9,false
2019-07-15T21:43:37.300Z,1,1,false
2019-07-15T21:44:21.422Z,1,2,false
2019-07-15T21:45:03.637Z,1,3,false
2019-07-15T21:45:48.297Z,1,4,false
2019-07-15T21:46:33.269Z,1,5,false
2019-07-15T21:47:16.000Z,1,6,false
2019-07-15T21:48:00.463Z,1,7,false
2019-07-15T21:48:42.973Z,1,8,false
2019-07-15T21:49:27.881Z,1,9,false
2019-07-15T21:50:42.465Z,1,1,false
2019-07-15T21:51:24.818Z,1,2,false
2019-07-15T21:52:09.143Z,1,3,false
2019-07-15T21:52:49.330Z,1,4,false
2019-07-15T21:53:28.109Z,1,5,false
2019-07-15T21:54:12.843Z,1,6,false
2019-07-15T21:54:57.551Z,1,7,false
2019-07-15T21:55:41.624Z,1,8,false
2019-07-15T21:56:26.814Z,1,9,false
2019-07-15T21:57:40.542Z,1,1,false
2019-07-15T21:58:24.960Z,1,2,false
2019-07-15T21:59:06.763Z,1,3,false
2019-07-15T21:59:51.691Z,1,4,false
2019-07-15T22:00:37.309Z,1,5,false
2019-07-15T22:01:21.995Z,1,6,false
2019-07-15T22:02:06.938Z,1,7,false
2019-07-15T22:02:51.454Z,1,8,false
2019-07-15T22:03:35.128Z,1,9,false
2019-07-15T22:04:49.695Z,1,1,false
2019-07-15T22:05:34.135Z,1,2,false
2019-07-15T22:06:17.642Z,1,3,false
2019-07-15T22:07:05.825Z,1,4,false
2019-07-15T22:07:54.391Z,1,5,false
2019-07-15T22:08:37.304Z,1,6,false
2019-07-15T22:09:23.281Z,1,7,false
2019-07-15T22:10:07.940Z,1,8,false
2019-07-15T22:10:52.024Z,1,9,false
2019-07-15T22:12:07.374Z,1,1,false
2019-07-15T22:12:51.964Z,1,2,false
2019-07-15T22:13:35.350Z,1,3,false
2019-07-15T22:14:20.491Z,1,4,false
2019-07-15T22:15:05.994Z,1,5,false
2019-07-15T22:15:50.011Z,1,6,false
2019-07-15T22:16:35.195Z,1,7,false
2019-07-15T22:17:19.737Z,1,8,false
2019-07-15T22:18:04.759Z,1,9,false
2019-07-15T22:19:19.856Z,1,1,false
2019-07-15T22:20:04.270Z,1,2,false
2019-07-15T22:20:46.384Z,1,3,false
2019-07-15T22:21:32.619Z,1,4,false
2019-07-15T22:22:17.921Z,1,5,false
2019-07-15T22:23:02.646Z,1,6,false
2019-07-15T22:23:47.754Z,1,7,false
2019-07-15T22:24:31.934Z,1,8,false
2019-07-15T22:25:17.319Z,1,9,false
2019-07-15T22:26:32.261Z,1,1,false
2019-07-15T22:27:16.403Z,1,2,false
2019-07-15T22:28:00.254Z,1,3,false
2019-07-15T22:28:44.999Z,1,4,false
2019-07-15T22:29:30.159Z,1,5,false
2019-07-15T22:30:14.917Z,1,6,false
2019-07-15T22:30:59.704Z,1,7,false
2019-07-15T22:31:43.885Z,1,8,false
2019-07-15T22:32:27.166Z,1,9,false
2019-07-15T22:33:42.009Z,1,1,false
2019-07-15T22:34:26.344Z,1,2,false
2019-07-15T22:35:10.090Z,1,3,false
2019-07-15T22:35:55.086Z,1,4,false
2019-07-15T22:36:40.115Z,1,5,false
2019-07-15T22:37:24.504Z,1,6,false
2019-07-15T22:38:09.306Z,1,7,false
2019-07-15T22:38:53.811Z,1,8,false
2019-07-15T22:39:38.347Z,1,9,false
2019-07-15T22:40:53.003Z,1,1,false
2019-07-15T22:41:37.410Z,1,2,false
2019-07-15T22:42:20.977Z,1,3,false
2019-07-15T22:43:02.707Z,1,4,false
2019-07-15T22:43:47.752Z,1,5,false
2019-07-15T22:44:32.573Z,1,6,false
2019-07-15T22:45:15.953Z,1,7,false
2019-07-15T22:46:00.557Z,1,8,false
2019-07-15T22:46:45.247Z,1,9,false
2019-07-15T22:47:59.822Z,1,1,false
2019-07-15T22:48:44.353Z,1,2,false
2019-07-15T22:49:28.876Z,1,3,false
2019-07-15T22:50:14.001Z,1,4,false
2019-07-15T22:50:59.269Z,1,5,false
2019-07-15T22:51:42.582Z,1,6,false
2019-07-15T22:52:27.643Z,1,7,false
2019-07-15T22:53:12.257Z,1,8,false
2019-07-15T22:53:57.077Z,1,9,false
2019-07-15T22:55:09.155Z,1,1,false
2019-07-15T22:55:53.445Z,1,2,false
2019-07-15T22:56:37.501Z,1,3,false
2019-07-15T22:57:22.379Z,1,4,false
2019-07-15T22:58:07.455Z,1,5,false
2019-07-15T22:58:52.588Z,1,6,false
2019-07-15T22:59:37.230Z,1,7,false
2019-07-15T23:00:21.827Z,1,8,false
2019-07-15T23:01:06.443Z,1,9,false
2019-07-15T23:02:20.977Z,1,1,false
2019-07-15T23:03:06.292Z,1,2,false
2019-07-15T23:03:51.008Z,1,3,false
2019-07-15T23:04:35.784Z,1,4,false
2019-07-15T23:05:20.873Z,1,5,false
2019-07-15T23:06:05.740Z,1,6,false
2019-07-15T23:06:50.656Z,1,7,false
2019-07-15T23:07:35.036Z,1,8,false
2019-07-15T23:08:20.018Z,1,9,false
2019-07-15T23:09:34.838Z,1,1,false
2019-07-15T23:10:19.200Z,1,2,false
2019-07-15T23:11:02.502Z,1,3,false
2019-07-15T23:11:47.10Z,1,4,false
2019-07-15T23:12:32.687Z,1,5,false
2019-07-15T23:13:15.678Z,1,6,false
2019-07-15T23:14:00.093Z,1,7,false
2019-07-15T23:14:44.595Z,1,8,false
2019-07-15T23:15:29.260Z,1,9,false
2019-07-15T23:16:44.117Z,1,1,false
2019-07-15T23:17:28.233Z,1,2,false
2019-07-15T23:18:11.813Z,1,3,false
2019-07-15T23:18:57.460Z,1,4,false
2019-07-15T23:19:42.918Z,1,5,false
2019-07-15T23:20:25.638Z,1,6,false
2019-07-15T23:21:10.743Z,1,7,false
2019-07-15T23:21:55.184Z,1,8,false
2019-07-15T23:22:39.515Z,1,9,false
2019-07-15T23:23:54.134Z,1,1,false
2019-07-15T23:24:38.404Z,1,2,false
2019-07-15T23:24:49.266Z,1,3,false
2019-07-15T23:25:06.161Z,1,4,false
2019-07-15T23:25:42.028Z,1,5,false
2019-07-15T23:26:26.172Z,1,6,false
2019-07-15T23:27:11.616Z,1,7,false
2019-07-15T23:27:55.977Z,1,8,false
2019-07-15T23:28:39.951Z,1,9,false
2019-07-15T23:29:54.595Z,1,1,false
2019-07-15T23:30:39.125Z,1,2,false
2019-07-15T23:31:23.557Z,1,3,false
2019-07-15T23:32:09.067Z,1,4,false
2019-07-15T23:32:51.384Z,1,5,false
2019-07-15T23:33:36.401Z,1,6,false
2019-07-15T23:34:21.425Z,1,7,false
2019-07-15T23:35:04.879Z,1,8,false
2019-07-15T23:35:46.232Z,1,9,false
2019-07-15T23:37:00.908Z,1,1,false
2019-07-15T23:37:44.895Z,1,2,false
2019-07-15T23:38:25.920Z,1,3,false
2019-07-15T23:39:10.999Z,1,4,false
2019-07-15T23:39:55.588Z,1,5,false
2019-07-15T23:40:39.593Z,1,6,false
2019-07-15T23:41:24.030Z,1,7,false
2019-07-15T23:42:05.612Z,1,8,false
2019-07-15T23:42:50.155Z,1,9,false
2019-07-15T23:44:04.564Z,1,1,false
2019-07-15T23:44:45.894Z,1,2,false
2019-07-15T23:45:29.896Z,1,3,false
2019-07-15T23:46:15.164Z,1,4,false
2019-07-15T23:47:00.218Z,1,5,false
2019-07-15T23:47:44.751Z,1,6,false
2019-07-15T23:48:30.078Z,1,7,false
2019-07-15T23:49:14.413Z,1,8,false
2019-07-15T23:49:59.193Z,1,9,false
2019-07-15T23:51:14.129Z,1,1,false
2019-07-15T23:51:57.491Z,1,2,false
2019-07-15T23:52:41.840Z,1,3,false
2019-07-15T23:53:26.746Z,1,4,false
2019-07-15T23:54:12.091Z,1,5,false
2019-07-15T23:54:56.048Z,1,6,false
2019-07-15T23:55:40.484Z,1,7,false
2019-07-15T23:56:24.688Z,1,8,false
2019-07-15T23:57:09.661Z,1,9,false
2019-07-15T23:58:24.185Z,1,1,false
2019-07-15T23:59:08.047Z,1,2,false
2019-07-15T23:59:19.176Z,1,3,false
2019-07-15T23:59:46.499Z,1,4,false
2019-07-16T00:00:28.980Z,1,5,false
2019-07-16T00:00:59.795Z,1,6,false
2019-07-16T00:01:29.565Z,1,7,false
2019-07-16T00:02:15.411Z,1,8,false
2019-07-16T00:03:01.345Z,1,9,false
2019-07-16T00:04:16.593Z,1,1,false
2019-07-16T00:04:31.441Z,1,2,false
2019-07-16T00:04:53.748Z,1,3,false
2019-07-16T00:05:15.398Z,1,4,false
2019-07-16T00:05:40.515Z,1,5,false
2019-07-16T00:06:03.451Z,1,6,false
2019-07-16T00:06:25.519Z,1,7,false
2019-07-16T00:06:43.474Z,1,8,false
2019-07-16T00:07:16.479Z,1,9,false
2019-07-16T00:08:31.003Z,1,1,false
2019-07-16T00:08:45.131Z,1,2,false
2019-07-16T00:09:06.012Z,1,3,false
2019-07-16T00:09:22.979Z,1,4,false
2019-07-16T00:09:59.539Z,1,5,false
2019-07-16T00:10:45.100Z,1,6,false
2019-07-16T00:11:29.281Z,1,7,false
2019-07-16T00:11:53.608Z,1,8,false
2019-07-16T00:12:16.849Z,1,9,false
2019-07-16T00:13:13.680Z,1,1,false
2019-07-16T00:15:43.401Z,1,2,false
2019-07-16T00:16:09.235Z,1,3,false
2019-07-16T00:16:24.912Z,1,4,false
2019-07-16T00:16:51.729Z,1,5,false
2019-07-16T00:17:16.700Z,1,6,false
2019-07-16T00:17:38.356Z,1,7,false
2019-07-16T00:18:03.512Z,1,8,false
2019-07-16T00:18:31.866Z,1,9,false
2019-07-16T00:19:38.151Z,1,1,false
2019-07-16T00:19:52.136Z,1,2,false
2019-07-16T00:20:15.452Z,1,3,false
2019-07-16T00:20:37.499Z,1,4,false
2019-07-16T00:20:58.819Z,1,5,false
2019-07-16T00:21:24.346Z,1,6,false
2019-07-16T00:21:44.340Z,1,7,false
2019-07-16T00:22:07.574Z,1,8,false
2019-07-16T00:22:35.837Z,1,9,false
2019-07-16T00:23:25.024Z,1,1,false
2019-07-16T00:23:47.194Z,1,2,false
2019-07-16T00:24:21.954Z,1,3,false
2019-07-16T00:25:08.061Z,1,4,false
2019-07-16T00:25:52.148Z,1,5,false
2019-07-16T00:26:22.436Z,1,6,false
2019-07-16T00:27:08.437Z,1,7,false
2019-07-16T00:27:53.781Z,1,8,false
2019-07-16T00:28:39.430Z,1,9,false
2019-07-16T00:29:55.520Z,1,1,false
2019-07-16T00:30:21.334Z,1,2,false
2019-07-16T00:30:41.187Z,1,3,false
2019-07-16T00:30:58.363Z,1,4,false
2019-07-16T00:31:27.547Z,1,5,false
2019-07-16T00:31:50.702Z,1,6,false
2019-07-16T00:32:08.200Z,1,7,false
2019-07-16T00:32:41.732Z,1,8,false
2019-07-16T00:33:27.520Z,1,9,false
2019-07-16T00:34:43.942Z,1,1,false
2019-07-16T00:34:58.077Z,1,2,false
2019-07-16T00:35:17.488Z,1,3,false
2019-07-16T00:35:40.458Z,1,4,false
2019-07-16T00:36:06.735Z,1,5,false
2019-07-16T00:36:24.424Z,1,6,false
2019-07-16T00:36:50.729Z,1,7,false
2019-07-16T00:37:31.001Z,1,8,false
2019-07-16T00:38:16.916Z,1,9,false
2019-07-16T00:39:32.799Z,1,1,false
2019-07-16T00:40:06.486Z,1,2,false
2019-07-16T00:40:32.418Z,1,3,false
2019-07-16T00:40:48.703Z,1,4,false
2019-07-16T00:41:20.975Z,1,5,false
2019-07-16T00:41:59.772Z,1,6,false
2019-07-16T00:42:21.953Z,1,7,false
2019-07-16T00:42:45.633Z,1,8,false
2019-07-16T00:43:08.706Z,1,9,false
2019-07-16T00:43:52.890Z,1,1,false
2019-07-16T00:44:38.603Z,1,2,false
2019-07-16T00:45:23.590Z,1,3,false
2019-07-16T00:46:09.585Z,1,4,false
2019-07-16T00:46:50.427Z,1,5,false
2019-07-16T00:47:13.327Z,1,6,false
2019-07-16T00:47:41.832Z,1,7,false
2019-07-16T00:48:08.763Z,1,8,false
2019-07-16T00:48:54.583Z,1,9,false
2019-07-16T00:50:10.549Z,1,1,false
2019-07-16T00:50:39.337Z,1,2,false
2019-07-16T00:51:05.808Z,1,3,false
2019-07-16T00:51:21.037Z,1,4,false
2019-07-16T00:51:51.287Z,1,5,false
2019-07-16T00:52:18.037Z,1,6,false
2019-07-16T00:52:37.745Z,1,7,false
2019-07-16T00:53:00.776Z,1,8,false
2019-07-16T00:53:33.194Z,1,9,false
2019-07-16T00:54:49.412Z,1,1,false
2019-07-16T00:55:04.293Z,1,2,false
2019-07-16T00:55:32.887Z,1,3,false
2019-07-16T00:55:48.668Z,1,4,false
2019-07-16T00:56:18.437Z,1,5,false
2019-07-16T00:56:30.199Z,1,6,false
2019-07-16T00:56:59.096Z,1,7,false
2019-07-16T00:57:32.606Z,1,8,false
2019-07-16T00:58:18.721Z,1,9,false
2019-07-16T00:59:34.737Z,1,1,false
2019-07-16T00:59:49.505Z,1,2,false
2019-07-16T01:00:17.242Z,1,3,false
2019-07-16T01:00:31.262Z,1,4,false
2019-07-16T01:01:06.241Z,1,5,false
2019-07-16T01:01:32.499Z,1,6,false
2019-07-16T01:01:43.545Z,1,7,false
2019-07-16T01:02:14.052Z,1,8,false
2019-07-16T01:02:59.748Z,1,9,false
2019-07-16T01:04:15.240Z,1,1,false
2019-07-16T01:04:29.458Z,1,2,false
2019-07-16T01:04:48.721Z,1,3,false
2019-07-16T01:05:11.477Z,1,4,false
2019-07-16T01:05:37.843Z,1,5,false
2019-07-16T01:05:57.248Z,1,6,false
2019-07-16T01:06:25.292Z,1,7,false
2019-07-16T01:06:37.055Z,1,8,false
2019-07-16T01:07:08.487Z,1,9,false
2019-07-16T01:08:23.907Z,1,1,false
2019-07-16T01:08:38.407Z,1,2,false
2019-07-16T01:09:00.816Z,1,3,false
2019-07-16T01:09:22.453Z,1,4,false
2019-07-16T01:09:45.533Z,1,5,false
2019-07-16T01:10:14.093Z,1,6,false
2019-07-16T01:10:58.519Z,1,7,false
2019-07-16T01:11:42.327Z,1,8,false
2019-07-16T01:11:59.308Z,1,9,false
2019-07-16T01:12:59.564Z,1,1,false
2019-07-16T01:13:14.677Z,1,2,false
2019-07-16T01:13:33.222Z,1,3,false
2019-07-16T01:13:52.664Z,1,4,false
2019-07-16T01:14:25.351Z,1,5,false
2019-07-16T01:14:48.157Z,1,6,false
2019-07-16T01:15:04.485Z,1,7,false
2019-07-16T01:15:39.664Z,1,8,false
2019-07-16T01:16:08.970Z,1,9,false
2019-07-16T01:17:06.696Z,1,1,false
2019-07-16T01:17:22.967Z,1,2,false
2019-07-16T01:17:47.512Z,1,3,false
2019-07-16T01:18:05.945Z,1,4,false
2019-07-16T01:18:28.988Z,1,5,false
2019-07-16T01:18:57.737Z,1,6,false
2019-07-16T01:19:41.019Z,1,7,false
2019-07-16T01:20:10.662Z,1,8,false
2019-07-16T01:20:23.508Z,1,9,false
2019-07-16T01:21:04.821Z,1,1,false
2019-07-16T01:21:19.712Z,1,2,false
2019-07-16T01:21:32.252Z,1,3,false
2019-07-16T01:22:04.062Z,1,4,false
2019-07-16T01:22:39.437Z,1,5,false
2019-07-16T01:23:25.000Z,1,6,false
2019-07-16T01:24:09.606Z,1,7,false
2019-07-16T01:24:21.312Z,1,8,false
2019-07-16T01:24:41.281Z,1,9,false
2019-07-16T01:25:26.344Z,1,1,false
2019-07-16T01:26:11.910Z,1,2,false
2019-07-16T01:26:57.355Z,1,3,false
2019-07-16T01:27:43.674Z,1,4,false
2019-07-16T01:28:30.285Z,1,5,false
2019-07-16T01:29:16.133Z,1,6,false
2019-07-16T01:29:59.866Z,1,7,false
2019-07-16T01:30:13.816Z,1,8,false
2019-07-16T01:30:43.210Z,1,9,false
2019-07-16T01:31:59.037Z,1,1,false
2019-07-16T01:32:13.469Z,1,2,false
2019-07-16T01:32:33.731Z,1,3,false
2019-07-16T01:32:57.321Z,1,4,false
2019-07-16T01:33:22.763Z,1,5,false
2019-07-16T01:33:43.883Z,1,6,false
2019-07-16T01:34:12.823Z,1,7,false
2019-07-16T01:34:28.432Z,1,8,false
2019-07-16T01:34:50.524Z,1,9,false
2019-07-16T01:35:41.751Z,1,1,false
2019-07-16T01:35:55.732Z,1,2,false
2019-07-16T01:36:25.815Z,1,3,false
2019-07-16T01:37:12.056Z,1,4,false
2019-07-16T01:37:58.234Z,1,5,false
2019-07-16T01:38:43.836Z,1,6,false
2019-07-16T01:39:30.301Z,1,7,false
2019-07-16T01:40:16.029Z,1,8,false
2019-07-16T01:41:02.155Z,1,9,false
2019-07-16T01:42:15.670Z,1,1,false
2019-07-16T01:42:28.628Z,1,2,false
2019-07-16T01:43:13.744Z,1,3,false
2019-07-16T01:43:59.979Z,1,4,false
2019-07-16T01:44:46.050Z,1,5,false
2019-07-16T01:45:31.922Z,1,6,false
2019-07-16T01:46:17.970Z,1,7,false
2019-07-16T01:47:03.304Z,1,8,false
2019-07-16T01:47:46.651Z,1,9,false
2019-07-16T01:48:39.809Z,1,1,false
2019-07-16T01:49:01.439Z,1,2,false
2019-07-16T01:49:44.989Z,1,3,false
2019-07-16T01:50:31.130Z,1,4,false
2019-07-16T01:51:17.700Z,1,5,false
2019-07-16T01:52:03.564Z,1,6,false
2019-07-16T01:52:41.049Z,1,7,false
2019-07-16T01:53:24.382Z,1,8,false
2019-07-16T01:53:52.550Z,1,9,false
2019-07-16T01:54:36.766Z,1,1,false
2019-07-16T01:55:22.528Z,1,2,false
2019-07-16T01:56:07.946Z,1,3,false
2019-07-16T01:56:54.069Z,1,4,false
2019-07-16T01:57:40.631Z,1,5,false
2019-07-16T01:58:26.416Z,1,6,false
2019-07-16T01:59:10.207Z,1,7,false
2019-07-16T01:59:22.753Z,1,8,false
2019-07-16T01:59:42.627Z,1,9,false
2019-07-16T02:00:28.171Z,1,1,false
2019-07-16T02:01:13.893Z,1,2,false
2019-07-16T02:01:59.375Z,1,3,false
2019-07-16T02:02:45.366Z,1,4,false
2019-07-16T02:03:31.855Z,1,5,false
2019-07-16T02:04:17.916Z,1,6,false
2019-07-16T02:05:01.346Z,1,7,false
2019-07-16T02:05:19.062Z,1,8,false
2019-07-16T02:05:46.612Z,1,9,false
2019-07-16T02:07:02.372Z,1,1,false
2019-07-16T02:07:16.572Z,1,2,false
2019-07-16T02:07:36.423Z,1,3,false
2019-07-16T02:07:54.836Z,1,4,false
2019-07-16T02:08:31.639Z,1,5,false
2019-07-16T02:09:17.675Z,1,6,false
2019-07-16T02:10:01.879Z,1,7,false
2019-07-16T02:10:13.570Z,1,8,false
2019-07-16T02:10:33.198Z,1,9,false
2019-07-16T02:11:18.891Z,1,1,false
2019-07-16T02:12:04.729Z,1,2,false
2019-07-16T02:12:50.908Z,1,3,false
2019-07-16T02:13:37.377Z,1,4,false
2019-07-16T02:14:23.780Z,1,5,false
2019-07-16T02:15:10.193Z,1,6,false
2019-07-16T02:15:54.229Z,1,7,false
2019-07-16T02:16:13.666Z,1,8,false
2019-07-16T02:16:40.307Z,1,9,false
2019-07-16T02:17:55.535Z,1,1,false
2019-07-16T02:18:10.141Z,1,2,false
2019-07-16T02:18:27.043Z,1,3,false
2019-07-16T02:18:54.100Z,1,4,false
2019-07-16T02:19:23.313Z,1,5,false
2019-07-16T02:20:08.718Z,1,6,false
2019-07-16T02:20:52.982Z,1,7,false
2019-07-16T02:21:20.935Z,1,8,false
2019-07-16T02:21:35.103Z,1,9,false
2019-07-16T02:22:39.492Z,1,1,false
2019-07-16T02:22:53.456Z,1,2,false
2019-07-16T02:23:14.540Z,1,3,false
2019-07-16T02:23:28.654Z,1,4,false
2019-07-16T02:24:05.484Z,1,5,false
2019-07-16T02:24:51.523Z,1,6,false
2019-07-16T02:25:34.968Z,1,7,false
2019-07-16T02:26:02.107Z,1,8,false
2019-07-16T02:26:17.830Z,1,9,false
2019-07-16T02:27:20.455Z,1,1,false
2019-07-16T02:28:01.285Z,1,2,false
2019-07-16T02:28:46.294Z,1,3,false
2019-07-16T02:29:32.647Z,1,4,false
2019-07-16T02:30:16.775Z,1,5,false
2019-07-16T02:30:32.553Z,1,6,false
2019-07-16T02:31:01.838Z,1,7,false
2019-07-16T02:31:47.199Z,1,8,false
2019-07-16T02:32:33.072Z,1,9,false
2019-07-16T02:33:49.375Z,1,1,false
2019-07-16T02:34:16.322Z,1,2,false
2019-07-16T02:34:44.748Z,1,3,false
2019-07-16T02:34:58.670Z,1,4,false
2019-07-16T02:35:25.411Z,1,5,false
2019-07-16T02:35:47.554Z,1,6,false
2019-07-16T02:36:17.476Z,1,7,false
2019-07-16T02:37:02.777Z,1,8,false
2019-07-16T02:37:48.961Z,1,9,false
2019-07-16T02:39:04.788Z,1,1,false
2019-07-16T02:39:18.596Z,1,2,false
2019-07-16T02:39:41.903Z,1,3,false
2019-07-16T02:40:23.778Z,1,4,false
2019-07-16T02:40:42.580Z,1,5,false
2019-07-16T02:41:11.270Z,1,6,false
2019-07-16T02:41:55.057Z,1,7,false
2019-07-16T02:42:40.275Z,1,8,false
2019-07-16T02:43:26.400Z,1,9,false
2019-07-16T02:44:42.107Z,1,1,false
2019-07-16T02:45:14.503Z,1,2,false
2019-07-16T02:45:40.091Z,1,3,false
2019-07-16T02:45:51.727Z,1,4,false
2019-07-16T02:46:28.297Z,1,5,false
2019-07-16T02:47:14.335Z,1,6,false
2019-07-16T02:48:00.516Z,1,7,false
2019-07-16T02:48:46.120Z,1,8,false
2019-07-16T02:49:31.958Z,1,9,false
2019-07-16T02:50:47.717Z,1,1,false
2019-07-16T02:51:02.955Z,1,2,false
2019-07-16T02:51:30.657Z,1,3,false
2019-07-16T02:51:44.248Z,1,4,false
2019-07-16T02:52:17.139Z,1,5,false
2019-07-16T02:52:41.659Z,1,6,false
2019-07-16T02:53:01.234Z,1,7,false
2019-07-16T02:53:28.666Z,1,8,false
2019-07-16T02:53:59.960Z,1,9,false
2019-07-16T02:55:14.713Z,1,1,false
2019-07-16T02:55:30.201Z,1,2,false
2019-07-16T02:56:00.416Z,1,3,false
2019-07-16T02:56:46.485Z,1,4,false
2019-07-16T02:57:30.913Z,1,5,false
2019-07-16T02:57:59.335Z,1,6,false
2019-07-16T02:58:15.303Z,1,7,false
2019-07-16T02:58:46.525Z,1,8,false
2019-07-16T02:59:16.356Z,1,9,false
2019-07-16T03:00:31.822Z,1,1,false
2019-07-16T03:00:46.400Z,1,2,false
2019-07-16T03:01:14.171Z,1,3,false
2019-07-16T03:01:28.915Z,1,4,false
2019-07-16T03:02:00.421Z,1,5,false
2019-07-16T03:02:11.882Z,1,6,false
2019-07-16T03:02:23.970Z,1,7,false
2019-07-16T03:02:50.158Z,1,8,false
2019-07-16T03:03:05.704Z,1,9,false
2019-07-16T03:04:00.099Z,1,1,false
2019-07-16T03:04:11.800Z,1,2,false
2019-07-16T03:04:30.913Z,1,3,false
2019-07-16T03:05:11.617Z,1,4,false
2019-07-16T03:05:57.826Z,1,5,false
2019-07-16T03:06:42.219Z,1,6,false
2019-07-16T03:07:10.773Z,1,7,false
2019-07-16T03:07:23.988Z,1,8,false
2019-07-16T03:07:51.204Z,1,9,false
2019-07-16T03:08:56.285Z,1,1,false
2019-07-16T03:09:10.529Z,1,2,false
2019-07-16T03:09:30.056Z,1,3,false
2019-07-16T03:09:53.254Z,1,4,false
2019-07-16T03:10:21.560Z,1,5,false
2019-07-16T03:10:37.670Z,1,6,false
2019-07-16T03:11:03.802Z,1,7,false
2019-07-16T03:11:30.045Z,1,8,false
2019-07-16T03:12:15.945Z,1,9,false
2019-07-16T03:13:31.631Z,1,1,false
2019-07-16T03:13:45.976Z,1,2,false
2019-07-16T03:14:15.420Z,1,3,false
2019-07-16T03:14:56.900Z,1,4,false
2019-07-16T03:15:43.881Z,1,5,false
2019-07-16T03:16:29.944Z,1,6,false
2019-07-16T03:17:14.176Z,1,7,false
2019-07-16T03:17:39.511Z,1,8,false
2019-07-16T03:17:54.484Z,1,9,false
2019-07-16T03:18:59.887Z,1,1,false
2019-07-16T03:19:14.248Z,1,2,false
2019-07-16T03:19:30.415Z,1,3,false
2019-07-16T03:19:47.897Z,1,4,false
2019-07-16T03:20:25.605Z,1,5,false
2019-07-16T03:21:11.705Z,1,6,false
2019-07-16T03:21:52.728Z,1,7,false
2019-07-16T03:22:11.982Z,1,8,false
2019-07-16T03:22:37.844Z,1,9,false
2019-07-16T03:23:31.579Z,1,1,false
2019-07-16T03:23:50.035Z,1,2,false
2019-07-16T03:24:29.729Z,1,3,false
2019-07-16T03:25:14.214Z,1,4,false
2019-07-16T03:26:00.654Z,1,5,false
2019-07-16T03:26:44.220Z,1,6,false
2019-07-16T03:27:07.577Z,1,7,false
2019-07-16T03:27:30.814Z,1,8,false
2019-07-16T03:27:59.760Z,1,9,false
2019-07-16T03:28:44.953Z,1,1,false
2019-07-16T03:29:27.244Z,1,2,false
2019-07-16T03:30:11.391Z,1,3,false
2019-07-16T03:30:57.650Z,1,4,false
2019-07-16T03:31:41.753Z,1,5,false
2019-07-16T03:32:00.852Z,1,6,false
2019-07-16T03:32:29.264Z,1,7,false
2019-07-16T03:33:14.150Z,1,8,false
2019-07-16T03:34:01.106Z,1,9,false
2019-07-16T03:35:17.462Z,1,1,false
2019-07-16T03:35:52.342Z,1,2,false
2019-07-16T03:36:20.556Z,1,3,false
2019-07-16T03:37:04.523Z,1,4,false
2019-07-16T03:37:37.260Z,1,5,false
2019-07-16T03:38:23.230Z,1,6,false
2019-07-16T03:39:08.940Z,1,7,false
2019-07-16T03:39:54.463Z,1,8,false
2019-07-16T03:40:40.295Z,1,9,false
2019-07-16T03:41:56.229Z,1,1,false
2019-07-16T03:42:24.159Z,1,2,false
2019-07-16T03:42:44.180Z,1,3,false
2019-07-16T03:43:00.303Z,1,4,false
2019-07-16T03:43:18.900Z,1,5,false
2019-07-16T03:44:05.324Z,1,6,false
2019-07-16T03:44:51.468Z,1,7,false
2019-07-16T03:45:37.093Z,1,8,false
2019-07-16T03:46:23.251Z,1,9,false
2019-07-16T03:47:39.019Z,1,1,false
2019-07-16T03:48:11.885Z,1,2,false
2019-07-16T03:48:42.862Z,1,3,false
2019-07-16T03:49:27.235Z,1,4,false
2019-07-16T03:49:53.258Z,1,5,false
2019-07-16T03:50:08.387Z,1,6,false
2019-07-16T03:50:43.560Z,1,7,false
2019-07-16T03:51:29.385Z,1,8,false
2019-07-16T03:52:15.577Z,1,9,false
2019-07-16T03:53:31.439Z,1,1,false
2019-07-16T03:54:06.094Z,1,2,false
2019-07-16T03:54:31.912Z,1,3,false
2019-07-16T03:54:44.539Z,1,4,false
2019-07-16T03:55:11.609Z,1,5,false
2019-07-16T03:55:56.994Z,1,6,false
2019-07-16T03:56:42.992Z,1,7,false
2019-07-16T03:57:29.091Z,1,8,false
2019-07-16T03:58:15.146Z,1,9,false
2019-07-16T03:59:30.891Z,1,1,false
2019-07-16T04:00:07.573Z,1,2,false
2019-07-16T04:00:49.472Z,1,3,false
2019-07-16T04:01:12.850Z,1,4,false
2019-07-16T04:01:38.908Z,1,5,false
2019-07-16T04:02:00.231Z,1,6,false
2019-07-16T04:02:20.933Z,1,7,false
2019-07-16T04:02:54.205Z,1,8,false
2019-07-16T04:03:39.842Z,1,9,false
2019-07-16T04:04:56.189Z,1,1,false
2019-07-16T04:05:18.036Z,1,2,false
2019-07-16T04:05:33.877Z,1,3,false
2019-07-16T04:05:45.476Z,1,4,false
2019-07-16T04:06:14.263Z,1,5,false
2019-07-16T04:06:40.903Z,1,6,false
2019-07-16T04:06:59.997Z,1,7,false
2019-07-16T04:07:23.967Z,1,8,false
2019-07-16T04:07:56.757Z,1,9,false
2019-07-16T04:09:12.686Z,1,1,false
2019-07-16T04:09:27.814Z,1,2,false
2019-07-16T04:09:47.314Z,1,3,false
2019-07-16T04:10:06.383Z,1,4,false
2019-07-16T04:10:34.539Z,1,5,false
2019-07-16T04:11:11.231Z,1,6,false
2019-07-16T04:11:57.353Z,1,7,false
2019-07-16T04:12:42.732Z,1,8,false
2019-07-16T04:13:29.260Z,1,9,false
2019-07-16T04:14:44.927Z,1,1,false
2019-07-16T04:15:17.966Z,1,2,false
2019-07-16T04:15:44.400Z,1,3,false
2019-07-16T04:15:59.161Z,1,4,false
2019-07-16T04:16:30.687Z,1,5,false
2019-07-16T04:16:55.046Z,1,6,false
2019-07-16T04:17:16.130Z,1,7,false
2019-07-16T04:17:39.091Z,1,8,false
2019-07-16T04:18:10.447Z,1,9,false
2019-07-16T04:19:26.342Z,1,1,false
2019-07-16T04:19:40.550Z,1,2,false
2019-07-16T04:20:10.428Z,1,3,false
2019-07-16T04:20:56.570Z,1,4,false
2019-07-16T04:21:40.686Z,1,5,false
2019-07-16T04:22:07.250Z,1,6,false
2019-07-16T04:22:21.356Z,1,7,false
2019-07-16T04:22:55.501Z,1,8,false
2019-07-16T04:23:41.111Z,1,9,false
2019-07-16T04:24:56.913Z,1,1,false
2019-07-16T04:25:30.388Z,1,2,false
2019-07-16T04:25:57.008Z,1,3,false
2019-07-16T04:26:40.880Z,1,4,false
2019-07-16T04:27:11.207Z,1,5,false
2019-07-16T04:27:56.905Z,1,6,false
2019-07-16T04:28:42.824Z,1,7,false
2019-07-16T04:29:28.510Z,1,8,false
2019-07-16T04:30:14.532Z,1,9,false
2019-07-16T04:31:30.733Z,1,1,false
2019-07-16T04:31:54.295Z,1,2,false
2019-07-16T04:32:17.211Z,1,3,false
2019-07-16T04:32:31.162Z,1,4,false
2019-07-16T04:33:04.022Z,1,5,false
2019-07-16T04:33:30.516Z,1,6,false
2019-07-16T04:33:51.442Z,1,7,false
2019-07-16T04:34:13.812Z,1,8,false
2019-07-16T04:34:44.756Z,1,9,false
2019-07-16T04:36:00.846Z,1,1,false
2019-07-16T04:36:20.368Z,1,2,false
2019-07-16T04:36:48.167Z,1,3,false
2019-07-16T04:37:01.579Z,1,4,false
2019-07-16T04:37:31.790Z,1,5,false
2019-07-16T04:37:43.230Z,1,6,false
2019-07-16T04:38:13.259Z,1,7,false
2019-07-16T04:38:59.324Z,1,8,false
2019-07-16T04:39:47.805Z,1,9,false
2019-07-16T04:41:06.033Z,1,1,false
2019-07-16T04:41:39.336Z,1,2,false
2019-07-16T04:42:07.657Z,1,3,false
2019-07-16T04:42:23.639Z,1,4,false
2019-07-16T04:42:51.645Z,1,5,false
2019-07-16T04:43:07.835Z,1,6,false
2019-07-16T04:43:49.438Z,1,7,false
2019-07-16T04:44:35.297Z,1,8,false
2019-07-16T04:45:21.608Z,1,9,false
2019-07-16T04:46:37.965Z,1,1,false
2019-07-16T04:47:06.501Z,1,2,false
2019-07-16T04:47:31.829Z,1,3,false
2019-07-16T04:47:46.475Z,1,4,false
2019-07-16T04:48:20.053Z,1,5,false
2019-07-16T04:48:35.430Z,1,6,false
2019-07-16T04:48:55.161Z,1,7,false
2019-07-16T04:49:29.886Z,1,8,false
2019-07-16T04:50:16.067Z,1,9,false
2019-07-16T04:51:32.375Z,1,1,false
2019-07-16T04:51:52.289Z,1,2,false
2019-07-16T04:52:18.977Z,1,3,false
2019-07-16T04:52:34.779Z,1,4,false
2019-07-16T04:53:05.395Z,1,5,false
2019-07-16T04:53:32.158Z,1,6,false
2019-07-16T04:53:43.414Z,1,7,false
2019-07-16T04:54:11.397Z,1,8,false
2019-07-16T04:54:45.369Z,1,9,false
2019-07-16T04:56:01.741Z,1,1,false
2019-07-16T04:56:16.497Z,1,2,false
2019-07-16T04:56:42.093Z,1,3,false
2019-07-16T04:57:01.492Z,1,4,false
2019-07-16T04:57:21.410Z,1,5,false
2019-07-16T04:57:52.796Z,1,6,false
2019-07-16T04:58:36.491Z,1,7,false
2019-07-16T04:59:02.722Z,1,8,false
2019-07-16T04:59:16.809Z,1,9,false
2019-07-16T05:00:21.562Z,1,1,false
2019-07-16T05:00:35.555Z,1,2,false
2019-07-16T05:00:52.545Z,1,3,false
2019-07-16T05:01:23.361Z,1,4,false
2019-07-16T05:02:09.747Z,1,5,false
2019-07-16T05:02:55.622Z,1,6,false
2019-07-16T05:03:40.062Z,1,7,false
2019-07-16T05:04:05.601Z,1,8,false
2019-07-16T05:04:20.051Z,1,9,false
2019-07-16T05:05:24.775Z,1,1,false
2019-07-16T05:05:39.120Z,1,2,false
2019-07-16T05:05:58.968Z,1,3,false
2019-07-16T05:06:19.578Z,1,4,false
2019-07-16T05:06:53.077Z,1,5,false
2019-07-16T05:07:39.116Z,1,6,false
2019-07-16T05:08:23.753Z,1,7,false
2019-07-16T05:08:51.406Z,1,8,false
2019-07-16T05:09:07.629Z,1,9,false
2019-07-16T05:10:09.456Z,1,1,false
2019-07-16T05:10:49.967Z,1,2,false
2019-07-16T05:11:35.171Z,1,3,false
2019-07-16T05:12:21.625Z,1,4,false
2019-07-16T05:13:08.457Z,1,5,false
2019-07-16T05:13:52.048Z,1,6,false
2019-07-16T05:14:12.548Z,1,7,false
2019-07-16T05:14:36.042Z,1,8,false
2019-07-16T05:15:00.925Z,1,9,false
2019-07-16T05:15:50.499Z,1,1,false
2019-07-16T05:16:34.918Z,1,2,false
2019-07-16T05:17:20.325Z,1,3,false
2019-07-16T05:18:06.425Z,1,4,false
2019-07-16T05:18:50.063Z,1,5,false
2019-07-16T05:19:10.149Z,1,6,false
2019-07-16T05:19:34.285Z,1,7,false
2019-07-16T05:19:47.484Z,1,8,false
2019-07-16T05:20:24.772Z,1,9,false
2019-07-16T05:21:39.312Z,1,1,false
2019-07-16T05:21:52.977Z,1,2,false
2019-07-16T05:22:10.692Z,1,3,false
2019-07-16T05:22:36.639Z,1,4,false
2019-07-16T05:23:01.400Z,1,5,false
2019-07-16T05:23:16.653Z,1,6,false
2019-07-16T05:23:30.682Z,1,7,false
2019-07-16T05:23:44.400Z,1,8,false
2019-07-16T05:24:09.001Z,1,9,false
2019-07-16T05:24:57.653Z,1,1,false
2019-07-16T05:25:16.493Z,1,2,false
2019-07-16T05:25:38.10Z,1,3,false
2019-07-16T05:25:52.897Z,1,4,false
2019-07-16T05:26:25.260Z,1,5,false
2019-07-16T05:27:07.004Z,1,6,false
2019-07-16T05:27:21.928Z,1,7,false
2019-07-16T05:27:50.622Z,1,8,false
2019-07-16T05:28:36.624Z,1,9,false
2019-07-16T05:29:53.405Z,1,1,false
2019-07-16T05:30:10.048Z,1,2,false
2019-07-16T05:30:39.989Z,1,3,false
2019-07-16T05:30:54.669Z,1,4,false
2019-07-16T05:31:28.113Z,1,5,false
2019-07-16T05:32:00.109Z,1,6,false
2019-07-16T05:32:43.832Z,1,7,false
2019-07-16T05:33:12.655Z,1,8,false
2019-07-16T05:33:58.727Z,1,9,false
2019-07-16T05:35:13.582Z,1,1,false
2019-07-16T05:35:38.552Z,1,2,false
2019-07-16T05:35:59.677Z,1,3,false
2019-07-16T05:36:15.532Z,1,4,false
2019-07-16T05:36:47.123Z,1,5,false
2019-07-16T05:37:33.247Z,1,6,false
2019-07-16T05:38:17.399Z,1,7,false
2019-07-16T05:38:38.067Z,1,8,false
2019-07-16T05:39:12.687Z,1,9,false
2019-07-16T05:40:28.617Z,1,1,false
2019-07-16T05:41:14.103Z,1,2,false
2019-07-16T05:41:59.376Z,1,3,false
2019-07-16T05:42:33.118Z,1,4,false
2019-07-16T05:43:19.670Z,1,5,false
2019-07-16T05:44:03.657Z,1,6,false
2019-07-16T05:44:15.390Z,1,7,false
2019-07-16T05:44:35.060Z,1,8,false
2019-07-16T05:44:51.229Z,1,9,false
2019-07-16T05:45:52.462Z,1,1,false
2019-07-16T05:46:06.935Z,1,2,false
2019-07-16T05:46:30.139Z,1,3,false
2019-07-16T05:46:45.519Z,1,4,false
2019-07-16T05:47:23.115Z,1,5,false
2019-07-16T05:48:09.182Z,1,6,false
2019-07-16T05:48:52.938Z,1,7,false
2019-07-16T05:49:06.269Z,1,8,false
2019-07-16T05:49:38.278Z,1,9,false
2019-07-16T05:50:54.133Z,1,1,false
2019-07-16T05:51:09.272Z,1,2,false
2019-07-16T05:51:31.573Z,1,3,false
2019-07-16T05:51:53.087Z,1,4,false
2019-07-16T05:52:18.894Z,1,5,false
2019-07-16T05:52:44.408Z,1,6,false
2019-07-16T05:53:06.168Z,1,7,false
2019-07-16T05:53:25.590Z,1,8,false
2019-07-16T05:53:54.508Z,1,9,false
2019-07-16T05:55:03.803Z,1,1,false
2019-07-16T05:55:15.426Z,1,2,false
2019-07-16T05:55:39.968Z,1,3,false
2019-07-16T05:56:02.027Z,1,4,false
2019-07-16T05:56:25.470Z,1,5,false
2019-07-16T05:56:51.217Z,1,6,false
2019-07-16T05:57:12.482Z,1,7,false
2019-07-16T05:57:32.215Z,1,8,false
2019-07-16T05:57:40.966Z,1,9,false
2019-07-16T05:58:21.747Z,1,1,false
2019-07-16T05:58:35.356Z,1,2,false
2019-07-16T05:59:00.863Z,1,3,false
2019-07-16T05:59:17.635Z,1,4,false
2019-07-16T05:59:48.123Z,1,5,false
2019-07-16T06:00:14.663Z,1,6,false
2019-07-16T06:00:28.581Z,1,7,false
2019-07-16T06:01:04.151Z,1,8,false
2019-07-16T06:01:44.457Z,1,9,false
2019-07-16T06:02:39.751Z,1,1,false
2019-07-16T06:02:55.347Z,1,2,false
2019-07-16T06:03:17.656Z,1,3,false
2019-07-16T06:03:51.972Z,1,4,false
2019-07-16T06:04:38.769Z,1,5,false
2019-07-16T06:05:24.677Z,1,6,false
2019-07-16T06:06:11.170Z,1,7,false
2019-07-16T06:06:54.591Z,1,8,false
2019-07-16T06:07:11.404Z,1,9,false
2019-07-16T06:08:09.952Z,1,1,false
2019-07-16T06:08:25.256Z,1,2,false
2019-07-16T06:08:47.888Z,1,3,false
2019-07-16T06:09:07.253Z,1,4,false
2019-07-16T06:09:31.712Z,1,5,false
2019-07-16T06:10:01.226Z,1,6,false
2019-07-16T06:10:44.616Z,1,7,false
2019-07-16T06:11:30.336Z,1,8,false
2019-07-16T06:12:13.890Z,1,9,false
2019-07-16T06:13:11.184Z,1,1,false
2019-07-16T06:13:26.763Z,1,2,false
2019-07-16T06:13:52.489Z,1,3,false
2019-07-16T06:14:10.860Z,1,4,false
2019-07-16T06:14:36.680Z,1,5,false
2019-07-16T06:15:07.078Z,1,6,false
2019-07-16T06:15:52.796Z,1,7,false
2019-07-16T06:16:35.865Z,1,8,false
2019-07-16T06:16:58.435Z,1,9,false
2019-07-16T06:17:46.234Z,1,1,false
2019-07-16T06:18:32.484Z,1,2,false
2019-07-16T06:19:18.225Z,1,3,false
2019-07-16T06:20:04.510Z,1,4,false
2019-07-16T06:20:50.804Z,1,5,false
2019-07-16T06:21:36.780Z,1,6,false
2019-07-16T06:22:20.093Z,1,7,false
2019-07-16T06:22:38.963Z,1,8,false
2019-07-16T06:23:02.525Z,1,9,false
2019-07-16T06:24:01.251Z,1,1,false
2019-07-16T06:24:15.379Z,1,2,false
2019-07-16T06:24:38.692Z,1,3,false
2019-07-16T06:25:01.079Z,1,4,false
2019-07-16T06:25:26.017Z,1,5,false
2019-07-16T06:25:48.760Z,1,6,false
2019-07-16T06:26:10.948Z,1,7,false
2019-07-16T06:26:29.512Z,1,8,false
2019-07-16T06:27:01.948Z,1,9,false
2019-07-16T06:28:17.921Z,1,1,false
2019-07-16T06:28:32.682Z,1,2,false
2019-07-16T06:28:55.396Z,1,3,false
2019-07-16T06:29:10.744Z,1,4,false
2019-07-16T06:29:46.954Z,1,5,false
2019-07-16T06:30:32.907Z,1,6,false
2019-07-16T06:31:16.988Z,1,7,false
2019-07-16T06:31:42.349Z,1,8,false
2019-07-16T06:32:00.510Z,1,9,false
2019-07-16T06:33:03.654Z,1,1,false
2019-07-16T06:33:17.640Z,1,2,false
2019-07-16T06:33:36.888Z,1,3,false
2019-07-16T06:34:02.954Z,1,4,false
2019-07-16T06:34:27.908Z,1,5,false
2019-07-16T06:34:46.396Z,1,6,false
2019-07-16T06:35:18.674Z,1,7,false
2019-07-16T06:35:46.579Z,1,8,false
2019-07-16T06:36:12.507Z,1,9,false
2019-07-16T06:37:03.406Z,1,1,false
2019-07-16T06:37:25.820Z,1,2,false
2019-07-16T06:38:07.457Z,1,3,false
2019-07-16T06:38:53.459Z,1,4,false
2019-07-16T06:39:39.819Z,1,5,false
2019-07-16T06:40:23.408Z,1,6,false
2019-07-16T06:40:49.749Z,1,7,false
2019-07-16T06:41:06.175Z,1,8,false
2019-07-16T06:41:38.997Z,1,9,false
2019-07-16T06:42:55.099Z,1,1,false
2019-07-16T06:43:10.455Z,1,2,false
2019-07-16T06:43:38.728Z,1,3,false
2019-07-16T06:44:25.057Z,1,4,false
2019-07-16T06:45:11.637Z,1,5,false
2019-07-16T06:45:48.284Z,1,6,false
2019-07-16T06:46:11.918Z,1,7,false
2019-07-16T06:46:42.441Z,1,8,false
2019-07-16T06:47:28.495Z,1,9,false
2019-07-16T06:48:44.276Z,1,1,false
2019-07-16T06:48:59.046Z,1,2,false
2019-07-16T06:49:13.749Z,1,3,false
2019-07-16T06:49:39.763Z,1,4,false
2019-07-16T06:50:14.892Z,1,5,false
2019-07-16T06:50:58.470Z,1,6,false
2019-07-16T06:51:30.493Z,1,7,false
2019-07-16T06:52:15.824Z,1,8,false
2019-07-16T06:53:01.734Z,1,9,false
2019-07-16T06:54:17.508Z,1,1,false
2019-07-16T06:54:32.924Z,1,2,false
2019-07-16T06:54:58.470Z,1,3,false
2019-07-16T06:55:12.716Z,1,4,false
2019-07-16T06:55:47.811Z,1,5,false
2019-07-16T06:56:29.690Z,1,6,false
2019-07-16T06:56:45.208Z,1,7,false
2019-07-16T06:57:17.318Z,1,8,false
2019-07-16T06:58:03.281Z,1,9,false
2019-07-16T06:59:19.068Z,1,1,false
2019-07-16T06:59:54.728Z,1,2,false
2019-07-16T07:00:24.760Z,1,3,false
2019-07-16T07:01:10.562Z,1,4,false
2019-07-16T07:01:54.586Z,1,5,false
2019-07-16T07:02:12.313Z,1,6,false
2019-07-16T07:02:40.610Z,1,7,false
2019-07-16T07:03:24.452Z,1,8,false
2019-07-16T07:04:10.288Z,1,9,false
2019-07-16T07:05:26.051Z,1,1,false
2019-07-16T07:05:53.275Z,1,2,false
2019-07-16T07:06:22.819Z,1,3,false
2019-07-16T07:06:53.869Z,1,4,false
2019-07-16T07:07:24.841Z,1,5,false
2019-07-16T07:07:50.673Z,1,6,false
2019-07-16T07:08:04.830Z,1,7,false
2019-07-16T07:08:36.937Z,1,8,false
2019-07-16T07:09:22.771Z,1,9,false
2019-07-16T07:10:39.001Z,1,1,false
2019-07-16T07:11:09.322Z,1,2,false
2019-07-16T07:11:32.724Z,1,3,false
2019-07-16T07:11:47.034Z,1,4,false
2019-07-16T07:12:03.225Z,1,5,false
2019-07-16T07:12:25.105Z,1,6,false
2019-07-16T07:13:07.045Z,1,7,false
2019-07-16T07:13:52.727Z,1,8,false
2019-07-16T07:14:38.604Z,1,9,false
2019-07-16T07:15:54.905Z,1,1,false
2019-07-16T07:16:30.440Z,1,2,false
2019-07-16T07:16:59.519Z,1,3,false
2019-07-16T07:17:42.942Z,1,4,false
2019-07-16T07:18:17.354Z,1,5,false
2019-07-16T07:19:02.970Z,1,6,false
2019-07-16T07:19:49.038Z,1,7,false
2019-07-16T07:20:34.530Z,1,8,false
2019-07-16T07:21:20.721Z,1,9,false
2019-07-16T07:22:37.273Z,1,1,false
2019-07-16T07:23:10.730Z,1,2,false
2019-07-16T07:23:36.371Z,1,3,false
2019-07-16T07:23:51.248Z,1,4,false
2019-07-16T07:24:13.933Z,1,5,false
2019-07-16T07:24:47.523Z,1,6,false
2019-07-16T07:25:35.275Z,1,7,false
2019-07-16T07:26:21.587Z,1,8,false
2019-07-16T07:27:08.876Z,1,9,false
2019-07-16T07:28:24.977Z,1,1,false
2019-07-16T07:28:55.305Z,1,2,false
2019-07-16T07:29:18.955Z,1,3,false
2019-07-16T07:29:35.439Z,1,4,false
2019-07-16T07:29:50.087Z,1,5,false
2019-07-16T07:30:22.429Z,1,6,false
2019-07-16T07:31:08.596Z,1,7,false
2019-07-16T07:31:54.099Z,1,8,false
2019-07-16T07:32:40.586Z,1,9,false
2019-07-16T07:33:56.781Z,1,1,false
2019-07-16T07:34:31.875Z,1,2,false
2019-07-16T07:34:54.070Z,1,3,false
2019-07-16T07:35:10.610Z,1,4,false
2019-07-16T07:35:29.012Z,1,5,false
2019-07-16T07:35:53.517Z,1,6,false
2019-07-16T07:36:19.950Z,1,7,false
2019-07-16T07:36:37.524Z,1,8,false
2019-07-16T07:37:11.421Z,1,9,false
2019-07-16T07:38:27.358Z,1,1,false
2019-07-16T07:38:52.420Z,1,2,false
2019-07-16T07:39:14.923Z,1,3,false
2019-07-16T07:39:28.981Z,1,4,false
2019-07-16T07:39:59.527Z,1,5,false
2019-07-16T07:40:24.780Z,1,6,false
2019-07-16T07:40:45.812Z,1,7,false
2019-07-16T07:41:07.500Z,1,8,false
2019-07-16T07:41:38.081Z,1,9,false
2019-07-16T07:42:54.068Z,1,1,false
2019-07-16T07:43:08.112Z,1,2,false
2019-07-16T07:43:28.048Z,1,3,false
2019-07-16T07:43:54.950Z,1,4,false
2019-07-16T07:44:17.891Z,1,5,false
2019-07-16T07:44:35.583Z,1,6,false
2019-07-16T07:44:59.301Z,1,7,false
2019-07-16T07:45:18.904Z,1,8,false
2019-07-16T07:45:53.809Z,1,9,false
2019-07-16T07:46:39.371Z,1,1,false
2019-07-16T07:47:06.289Z,1,2,false
2019-07-16T07:47:48.286Z,1,3,false
2019-07-16T07:48:34.527Z,1,4,false
2019-07-16T07:49:04.430Z,1,5,false
2019-07-16T07:49:19.646Z,1,6,false
2019-07-16T07:49:42.703Z,1,7,false
2019-07-16T07:50:17.073Z,1,8,false
2019-07-16T07:51:03.397Z,1,9,false
2019-07-16T07:52:19.603Z,1,1,false
2019-07-16T07:52:40.841Z,1,2,false
2019-07-16T07:53:06.179Z,1,3,false
2019-07-16T07:53:22.360Z,1,4,false
2019-07-16T07:53:51.092Z,1,5,false
2019-07-16T07:54:18.082Z,1,6,false
2019-07-16T07:54:30.237Z,1,7,false
2019-07-16T07:54:53.522Z,1,8,false
2019-07-16T07:55:26.699Z,1,9,false
2019-07-16T07:56:43.323Z,1,1,false
2019-07-16T07:56:57.921Z,1,2,false
2019-07-16T07:57:18.701Z,1,3,false
2019-07-16T07:57:40.542Z,1,4,false
2019-07-16T07:58:06.825Z,1,5,false
2019-07-16T07:58:27.474Z,1,6,false
2019-07-16T07:58:50.793Z,1,7,false
2019-07-16T07:59:00.930Z,1,8,false
2019-07-16T07:59:32.117Z,1,9,false
2019-07-16T08:00:27.192Z,1,1,false
2019-07-16T08:00:43.854Z,1,2,false
2019-07-16T08:01:05.062Z,1,3,false
2019-07-16T08:01:28.597Z,1,4,false
2019-07-16T08:01:52.941Z,1,5,false
2019-07-16T08:02:16.031Z,1,6,false
2019-07-16T08:02:40.162Z,1,7,false
2019-07-16T08:02:51.220Z,1,8,false
2019-07-16T08:03:25.769Z,1,9,false
2019-07-16T08:04:40.948Z,1,1,false
2019-07-16T08:04:55.725Z,1,2,false
2019-07-16T08:05:20.237Z,1,3,false
2019-07-16T08:05:39.657Z,1,4,false
2019-07-16T08:06:00.137Z,1,5,false
2019-07-16T08:06:34.965Z,1,6,false
2019-07-16T08:07:18.710Z,1,7,false
2019-07-16T08:08:02.098Z,1,8,false
2019-07-16T08:08:29.861Z,1,9,false
2019-07-16T08:09:12.771Z,1,1,false
2019-07-16T08:09:58.492Z,1,2,false
2019-07-16T08:10:43.375Z,1,3,false
2019-07-16T08:11:29.876Z,1,4,false
2019-07-16T08:12:16.618Z,1,5,false
2019-07-16T08:13:02.451Z,1,6,false
2019-07-16T08:13:44.599Z,1,7,false
2019-07-16T08:13:57.979Z,1,8,false
2019-07-16T08:14:32.395Z,1,9,false
2019-07-16T08:15:48.645Z,1,1,false
2019-07-16T08:16:11.824Z,1,2,false
2019-07-16T08:16:38.303Z,1,3,false
2019-07-16T08:17:24.836Z,1,4,false
2019-07-16T08:18:10.925Z,1,5,false
2019-07-16T08:18:56.868Z,1,6,false
2019-07-16T08:19:43.185Z,1,7,false
2019-07-16T08:20:23.185Z,1,8,false
2019-07-16T08:20:35.469Z,1,9,false
2019-07-16T08:21:39.946Z,1,1,false
2019-07-16T08:21:54.867Z,1,2,false
2019-07-16T08:22:18.434Z,1,3,false
2019-07-16T08:22:54.895Z,1,4,false
2019-07-16T08:23:41.571Z,1,5,false
2019-07-16T08:24:27.732Z,1,6,false
2019-07-16T08:25:14.012Z,1,7,false
2019-07-16T08:25:59.861Z,1,8,false
2019-07-16T08:26:43.545Z,1,9,false
2019-07-16T08:27:30.379Z,1,1,false
2019-07-16T08:27:47.020Z,1,2,false
2019-07-16T08:28:14.921Z,1,3,false
2019-07-16T08:28:59.427Z,1,4,false
2019-07-16T08:29:45.739Z,1,5,false
2019-07-16T08:30:31.819Z,1,6,false
2019-07-16T08:31:17.939Z,1,7,false
2019-07-16T08:32:04.013Z,1,8,false
2019-07-16T08:32:47.388Z,1,9,false
2019-07-16T08:33:31.045Z,1,1,false
2019-07-16T08:33:45.969Z,1,2,false
2019-07-16T08:34:23.663Z,1,3,false
2019-07-16T08:35:09.612Z,1,4,false
2019-07-16T08:35:55.875Z,1,5,false
2019-07-16T08:36:42.040Z,1,6,false
2019-07-16T08:37:28.382Z,1,7,false
2019-07-16T08:38:14.289Z,1,8,false
2019-07-16T08:38:58.209Z,1,9,false
2019-07-16T08:39:56.409Z,1,1,false
2019-07-16T08:40:13.037Z,1,2,false
2019-07-16T08:40:37.628Z,1,3,false
2019-07-16T08:41:18.701Z,1,4,false
2019-07-16T08:42:05.539Z,1,5,false
2019-07-16T08:42:51.246Z,1,6,false
2019-07-16T08:43:38.111Z,1,7,false
2019-07-16T08:44:18.723Z,1,8,false
2019-07-16T08:44:33.266Z,1,9,false
2019-07-16T08:45:44.808Z,1,1,false
2019-07-16T08:45:59.665Z,1,2,false
2019-07-16T08:46:24.927Z,1,3,false
2019-07-16T08:46:43.461Z,1,4,false
2019-07-16T08:47:09.438Z,1,5,false
2019-07-16T08:47:40.886Z,1,6,false
2019-07-16T08:48:26.311Z,1,7,false
2019-07-16T08:49:11.923Z,1,8,false
2019-07-16T08:49:56.005Z,1,9,false
2019-07-16T08:50:38.544Z,1,1,false
2019-07-16T08:51:21.307Z,1,2,false
2019-07-16T08:52:06.953Z,1,3,false
2019-07-16T08:52:53.123Z,1,4,false
2019-07-16T08:53:39.712Z,1,5,false
2019-07-16T08:54:25.811Z,1,6,false
2019-07-16T08:55:12.331Z,1,7,false
2019-07-16T08:55:57.529Z,1,8,false
2019-07-16T08:56:18.910Z,1,9,false
2019-07-16T08:57:15.293Z,1,1,false
2019-07-16T08:57:49.355Z,1,2,false
2019-07-16T08:58:31.683Z,1,3,false
2019-07-16T08:59:17.866Z,1,4,false
2019-07-16T09:00:04.816Z,1,5,false
2019-07-16T09:00:49.197Z,1,6,false
2019-07-16T09:01:04.392Z,1,7,false
2019-07-16T09:01:33.912Z,1,8,false
2019-07-16T09:02:20.207Z,1,9,false
2019-07-16T09:03:36.411Z,1,1,false
2019-07-16T09:04:04.047Z,1,2,false
2019-07-16T09:04:29.581Z,1,3,false
2019-07-16T09:04:45.591Z,1,4,false
2019-07-16T09:05:19.104Z,1,5,false
2019-07-16T09:06:02.611Z,1,6,false
2019-07-16T09:06:26.181Z,1,7,false
2019-07-16T09:06:42.948Z,1,8,false
2019-07-16T09:07:15.699Z,1,9,false
2019-07-16T09:08:31.272Z,1,1,false
2019-07-16T09:08:45.724Z,1,2,false
2019-07-16T09:09:15.599Z,1,3,false
2019-07-16T09:09:51.936Z,1,4,false
2019-07-16T09:10:38.609Z,1,5,false
2019-07-16T09:11:21.852Z,1,6,false
2019-07-16T09:11:46.654Z,1,7,false
2019-07-16T09:12:14.104Z,1,8,false
2019-07-16T09:13:00.058Z,1,9,false
2019-07-16T09:14:15.899Z,1,1,false
2019-07-16T09:14:30.768Z,1,2,false
2019-07-16T09:14:49.494Z,1,3,false
2019-07-16T09:15:18.187Z,1,4,false
2019-07-16T09:15:41.120Z,1,5,false
2019-07-16T09:15:56.112Z,1,6,false
2019-07-16T09:16:31.526Z,1,7,false
2019-07-16T09:17:14.123Z,1,8,false
2019-07-16T09:18:00.350Z,1,9,false
2019-07-16T09:19:16.218Z,1,1,false
2019-07-16T09:19:30.903Z,1,2,false
2019-07-16T09:19:50.978Z,1,3,false
2019-07-16T09:20:13.767Z,1,4,false
2019-07-16T09:20:40.727Z,1,5,false
2019-07-16T09:21:00.984Z,1,6,false
2019-07-16T09:21:26.585Z,1,7,false
2019-07-16T09:21:35.520Z,1,8,false
2019-07-16T09:22:08.379Z,1,9,false
2019-07-16T09:23:23.917Z,1,1,false
2019-07-16T09:23:38.843Z,1,2,false
2019-07-16T09:23:59.138Z,1,3,false
2019-07-16T09:24:19.802Z,1,4,false
2019-07-16T09:24:46.084Z,1,5,false
2019-07-16T09:25:10.454Z,1,6,false
2019-07-16T09:25:31.162Z,1,7,false
2019-07-16T09:25:53.391Z,1,8,false
2019-07-16T09:26:04.282Z,1,9,false
2019-07-16T09:27:00.439Z,1,1,false
2019-07-16T09:27:20.118Z,1,2,false
2019-07-16T09:27:46.506Z,1,3,false
2019-07-16T09:28:24.669Z,1,4,false
2019-07-16T09:29:11.158Z,1,5,false
2019-07-16T09:29:57.007Z,1,6,false
2019-07-16T09:30:43.311Z,1,7,false
2019-07-16T09:31:29.122Z,1,8,false
2019-07-16T09:32:13.227Z,1,9,false
2019-07-16T09:32:55.049Z,1,1,false
2019-07-16T09:33:29.552Z,1,2,false
2019-07-16T09:34:15.158Z,1,3,false
2019-07-16T09:35:01.378Z,1,4,false
2019-07-16T09:35:47.923Z,1,5,false
2019-07-16T09:36:34.255Z,1,6,false
2019-07-16T09:37:20.403Z,1,7,false
2019-07-16T09:37:59.997Z,1,8,false
2019-07-16T09:38:21.927Z,1,9,false
2019-07-16T09:39:38.141Z,1,1,false
2019-07-16T09:39:53.215Z,1,2,false
2019-07-16T09:40:18.871Z,1,3,false
2019-07-16T09:40:37.097Z,1,4,false
2019-07-16T09:41:03.584Z,1,5,false
2019-07-16T09:41:35.306Z,1,6,false
2019-07-16T09:42:20.289Z,1,7,false
2019-07-16T09:43:05.791Z,1,8,false
2019-07-16T09:43:49.590Z,1,9,false
2019-07-16T09:44:39.328Z,1,1,false
2019-07-16T09:45:22.017Z,1,2,false
2019-07-16T09:46:07.883Z,1,3,false
2019-07-16T09:46:54.130Z,1,4,false
2019-07-16T09:47:40.340Z,1,5,false
2019-07-16T09:48:26.572Z,1,6,false
2019-07-16T09:49:13.031Z,1,7,false
2019-07-16T09:49:51.791Z,1,8,false
2019-07-16T09:50:06.149Z,1,9,false
2019-07-16T09:51:22.029Z,1,1,false
2019-07-16T09:51:36.491Z,1,2,false
2019-07-16T09:51:58.852Z,1,3,false
2019-07-16T09:52:20.017Z,1,4,false
2019-07-16T09:52:46.371Z,1,5,false
2019-07-16T09:53:12.312Z,1,6,false
2019-07-16T09:53:32.723Z,1,7,false
2019-07-16T09:53:55.235Z,1,8,false
2019-07-16T09:54:13.262Z,1,9,false
2019-07-16T09:55:16.096Z,1,1,false
2019-07-16T09:55:32.886Z,1,2,false
2019-07-16T09:56:00.415Z,1,3,false
2019-07-16T09:56:23.403Z,1,4,false
2019-07-16T09:56:44.265Z,1,5,false
2019-07-16T09:57:15.207Z,1,6,false
2019-07-16T09:58:03.536Z,1,7,false
2019-07-16T09:58:49.041Z,1,8,false
2019-07-16T09:59:33.465Z,1,9,false
2019-07-16T10:00:31.482Z,1,1,false
2019-07-16T10:00:46.865Z,1,2,false
2019-07-16T10:01:12.508Z,1,3,false
2019-07-16T10:01:31.352Z,1,4,false
2019-07-16T10:01:58.297Z,1,5,false
2019-07-16T10:02:28.925Z,1,6,false
2019-07-16T10:03:15.568Z,1,7,false
2019-07-16T10:03:58.739Z,1,8,false
2019-07-16T10:04:12.677Z,1,9,false
2019-07-16T10:05:03.506Z,1,1,false
2019-07-16T10:05:20.507Z,1,2,false
2019-07-16T10:05:43.941Z,1,3,false
2019-07-16T10:06:00.615Z,1,4,false
2019-07-16T10:06:32.163Z,1,5,false
2019-07-16T10:07:13.972Z,1,6,false
2019-07-16T10:07:55.465Z,1,7,false
2019-07-16T10:08:38.040Z,1,8,false
2019-07-16T10:09:08.224Z,1,9,false
2019-07-16T10:10:21.620Z,1,1,false
2019-07-16T10:10:37.283Z,1,2,false
2019-07-16T10:11:00.866Z,1,3,false
2019-07-16T10:11:21.191Z,1,4,false
2019-07-16T10:11:44.922Z,1,5,false
2019-07-16T10:12:15.103Z,1,6,false
2019-07-16T10:13:00.309Z,1,7,false
2019-07-16T10:13:43.589Z,1,8,false
2019-07-16T10:14:05.405Z,1,9,false
2019-07-16T10:15:00.389Z,1,1,false
2019-07-16T10:15:14.680Z,1,2,false
2019-07-16T10:15:38.396Z,1,3,false
2019-07-16T10:15:55.576Z,1,4,false
2019-07-16T10:16:31.772Z,1,5,false
2019-07-16T10:16:50.095Z,1,6,false
2019-07-16T10:17:01.360Z,1,7,false
2019-07-16T10:17:43.094Z,1,8,false
2019-07-16T10:18:29.140Z,1,9,false
2019-07-16T10:19:45.632Z,1,1,false
2019-07-16T10:20:00.973Z,1,2,false
2019-07-16T10:20:20.888Z,1,3,false
2019-07-16T10:20:43.557Z,1,4,false
2019-07-16T10:21:10.434Z,1,5,false
2019-07-16T10:21:32.020Z,1,6,false
2019-07-16T10:21:58.604Z,1,7,false
2019-07-16T10:22:17.926Z,1,8,false
2019-07-16T10:22:39.394Z,1,9,false
2019-07-16T10:23:22.120Z,1,1,false
2019-07-16T10:23:36.118Z,1,2,false
2019-07-16T10:23:52.796Z,1,3,false
2019-07-16T10:24:16.107Z,1,4,false
2019-07-16T10:24:49.756Z,1,5,false
2019-07-16T10:25:36.035Z,1,6,false
2019-07-16T10:26:22.231Z,1,7,false
2019-07-16T10:27:08.026Z,1,8,false
2019-07-16T10:27:52.640Z,1,9,false
2019-07-16T10:28:41.946Z,1,1,false
2019-07-16T10:29:03.126Z,1,2,false
2019-07-16T10:29:46.612Z,1,3,false
2019-07-16T10:30:33.082Z,1,4,false
2019-07-16T10:31:20.053Z,1,5,false
2019-07-16T10:32:06.331Z,1,6,false
2019-07-16T10:32:52.363Z,1,7,false
2019-07-16T10:33:36.621Z,1,8,false
2019-07-16T10:33:51.124Z,1,9,false
2019-07-16T10:34:52.419Z,1,1,false
2019-07-16T10:35:07.474Z,1,2,false
2019-07-16T10:35:24.771Z,1,3,false
2019-07-16T10:35:38.408Z,1,4,false
2019-07-16T10:36:15.299Z,1,5,false
2019-07-16T10:36:48.520Z,1,6,false
2019-07-16T10:37:34.952Z,1,7,false
2019-07-16T10:38:20.520Z,1,8,false
2019-07-16T10:39:06.092Z,1,9,false
2019-07-16T10:39:49.378Z,1,1,false
2019-07-16T10:40:35.074Z,1,2,false
2019-07-16T10:41:20.112Z,1,3,false
2019-07-16T10:42:06.478Z,1,4,false
2019-07-16T10:42:52.670Z,1,5,false
2019-07-16T10:43:38.482Z,1,6,false
2019-07-16T10:44:25.080Z,1,7,false
2019-07-16T10:45:10.899Z,1,8,false
2019-07-16T10:45:54.406Z,1,9,false
2019-07-16T10:46:41.756Z,1,1,false
2019-07-16T10:47:27.608Z,1,2,false
2019-07-16T10:48:12.662Z,1,3,false
2019-07-16T10:48:58.821Z,1,4,false
2019-07-16T10:49:46.987Z,1,5,false
2019-07-16T10:50:32.749Z,1,6,false
2019-07-16T10:51:19.375Z,1,7,false
2019-07-16T10:52:03.025Z,1,8,false
2019-07-16T10:52:22.990Z,1,9,false
2019-07-16T10:53:28.291Z,1,1,false
2019-07-16T10:53:43.170Z,1,2,false
2019-07-16T10:54:04.903Z,1,3,false
2019-07-16T10:54:29.081Z,1,4,false
2019-07-16T10:54:52.959Z,1,5,false
2019-07-16T10:55:15.759Z,1,6,false
2019-07-16T10:55:44.099Z,1,7,false
2019-07-16T10:55:59.948Z,1,8,false
2019-07-16T10:56:27.245Z,1,9,false
2019-07-16T10:57:21.540Z,1,1,false
2019-07-16T10:57:37.296Z,1,2,false
2019-07-16T10:58:07.840Z,1,3,false
2019-07-16T10:58:54.723Z,1,4,false
2019-07-16T10:59:40.918Z,1,5,false
2019-07-16T11:00:27.108Z,1,6,false
2019-07-16T11:01:13.572Z,1,7,false
2019-07-16T11:01:56.681Z,1,8,false
2019-07-16T11:02:13.054Z,1,9,false
2019-07-16T11:03:11.566Z,1,1,false
2019-07-16T11:03:24.633Z,1,2,false
2019-07-16T11:03:47.734Z,1,3,false
2019-07-16T11:04:09.759Z,1,4,false
2019-07-16T11:04:32.373Z,1,5,false
2019-07-16T11:04:58.526Z,1,6,false
2019-07-16T11:05:22.628Z,1,7,false
2019-07-16T11:05:37.947Z,1,8,false
2019-07-16T11:06:11.152Z,1,9,false
2019-07-16T11:07:05.728Z,1,1,false
2019-07-16T11:07:17.462Z,1,2,false
2019-07-16T11:07:43.549Z,1,3,false
2019-07-16T11:08:03.297Z,1,4,false
2019-07-16T11:08:30.217Z,1,5,false
2019-07-16T11:08:54.174Z,1,6,false
2019-07-16T11:09:12.972Z,1,7,false
2019-07-16T11:09:40.220Z,1,8,false
2019-07-16T11:09:51.709Z,1,9,false
2019-07-16T11:10:51.919Z,1,1,false
2019-07-16T11:11:37.811Z,1,2,false
2019-07-16T11:12:23.068Z,1,3,false
2019-07-16T11:13:09.905Z,1,4,false
2019-07-16T11:13:56.408Z,1,5,false
2019-07-16T11:14:42.466Z,1,6,false
2019-07-16T11:15:29.120Z,1,7,false
2019-07-16T11:16:12.162Z,1,8,false
2019-07-16T11:16:32.495Z,1,9,false
2019-07-16T11:17:26.280Z,1,1,false
2019-07-16T11:17:41.841Z,1,2,false
2019-07-16T11:18:11.858Z,1,3,false
2019-07-16T11:18:57.703Z,1,4,false
2019-07-16T11:19:43.965Z,1,5,false
2019-07-16T11:20:29.635Z,1,6,false
2019-07-16T11:21:13.918Z,1,7,false
2019-07-16T11:21:30.376Z,1,8,false
2019-07-16T11:22:02.250Z,1,9,false
2019-07-16T11:23:18.107Z,1,1,false
2019-07-16T11:23:32.760Z,1,2,false
2019-07-16T11:23:52.491Z,1,3,false
2019-07-16T11:24:14.682Z,1,4,false
2019-07-16T11:24:42.670Z,1,5,false
2019-07-16T11:25:02.712Z,1,6,false
2019-07-16T11:25:28.672Z,1,7,false
2019-07-16T11:25:50.247Z,1,8,false
2019-07-16T11:26:08.144Z,1,9,false
2019-07-16T11:27:05.434Z,1,1,false
2019-07-16T11:27:17.978Z,1,2,false
2019-07-16T11:27:43.907Z,1,3,false
2019-07-16T11:27:58.635Z,1,4,false
2019-07-16T11:28:28.668Z,1,5,false
2019-07-16T11:29:02.092Z,1,6,false
2019-07-16T11:29:48.288Z,1,7,false
2019-07-16T11:30:31.350Z,1,8,false
2019-07-16T11:30:47.601Z,1,9,false
2019-07-16T11:31:47.644Z,1,1,false
2019-07-16T11:32:02.260Z,1,2,false
2019-07-16T11:32:19.321Z,1,3,false
2019-07-16T11:32:39.047Z,1,4,false
2019-07-16T11:33:11.563Z,1,5,false
2019-07-16T11:33:28.593Z,1,6,false
2019-07-16T11:33:50.088Z,1,7,false
2019-07-16T11:34:25.155Z,1,8,false
2019-07-16T11:35:07.514Z,1,9,false
2019-07-16T11:36:23.535Z,1,1,false
2019-07-16T11:36:38.135Z,1,2,false
2019-07-16T11:36:56.564Z,1,3,false
2019-07-16T11:37:17.702Z,1,4,false
2019-07-16T11:37:47.738Z,1,5,false
2019-07-16T11:38:06.880Z,1,6,false
2019-07-16T11:38:30.272Z,1,7,false
2019-07-16T11:38:59.161Z,1,8,false
2019-07-16T11:39:13.592Z,1,9,false
2019-07-16T11:40:08.389Z,1,1,false
2019-07-16T11:40:34.006Z,1,2,false
2019-07-16T11:41:03.519Z,1,3,false
2019-07-16T11:41:50.424Z,1,4,false
2019-07-16T11:42:37.185Z,1,5,false
2019-07-16T11:43:24.168Z,1,6,false
2019-07-16T11:44:10.348Z,1,7,false
2019-07-16T11:44:56.383Z,1,8,false
2019-07-16T11:45:40.781Z,1,9,false
2019-07-16T11:46:28.524Z,1,1,false
2019-07-16T11:47:13.121Z,1,2,false
2019-07-16T11:47:58.473Z,1,3,false
2019-07-16T11:48:45.013Z,1,4,false
2019-07-16T11:49:31.832Z,1,5,false
2019-07-16T11:50:17.802Z,1,6,false
2019-07-16T11:51:04.011Z,1,7,false
2019-07-16T11:51:47.216Z,1,8,false
2019-07-16T11:52:11.715Z,1,9,false
2019-07-16T11:53:01.702Z,1,1,false
2019-07-16T11:53:13.775Z,1,2,false
2019-07-16T11:53:41.155Z,1,3,false
2019-07-16T11:54:13.994Z,1,4,false
2019-07-16T11:55:00.630Z,1,5,false
2019-07-16T11:55:46.514Z,1,6,false
2019-07-16T11:56:32.694Z,1,7,false
2019-07-16T11:57:17.343Z,1,8,false
2019-07-16T11:57:35.526Z,1,9,false
2019-07-16T11:58:36.047Z,1,1,false
2019-07-16T11:58:50.619Z,1,2,false
2019-07-16T11:59:10.636Z,1,3,false
2019-07-16T11:59:30.757Z,1,4,false
2019-07-16T12:00:01.576Z,1,5,false
2019-07-16T12:00:21.716Z,1,6,false
2019-07-16T12:00:41.802Z,1,7,false
2019-07-16T12:01:13.306Z,1,8,false
2019-07-16T12:01:31.522Z,1,9,false
2019-07-16T12:02:18.935Z,1,1,false
2019-07-16T12:02:55.323Z,1,2,false
2019-07-16T12:03:40.819Z,1,3,false
2019-07-16T12:04:27.269Z,1,4,false
2019-07-16T12:05:13.666Z,1,5,false
2019-07-16T12:05:59.878Z,1,6,false
2019-07-16T12:06:46.151Z,1,7,false
2019-07-16T12:07:32.343Z,1,8,false
2019-07-16T12:08:17.214Z,1,9,false
2019-07-16T12:09:15.286Z,1,1,false
2019-07-16T12:09:32.955Z,1,2,false
2019-07-16T12:10:10.363Z,1,3,false
2019-07-16T12:10:49.924Z,1,4,false
2019-07-16T12:11:36.244Z,1,5,false
2019-07-16T12:12:22.387Z,1,6,false
2019-07-16T12:13:08.422Z,1,7,false
2019-07-16T12:13:46.606Z,1,8,false
2019-07-16T12:14:01.270Z,1,9,false
2019-07-16T12:15:13.409Z,1,1,false
2019-07-16T12:15:27.780Z,1,2,false
2019-07-16T12:15:51.067Z,1,3,false
2019-07-16T12:16:10.494Z,1,4,false
2019-07-16T12:16:37.803Z,1,5,false
2019-07-16T12:17:05.220Z,1,6,false
2019-07-16T12:17:47.058Z,1,7,false
2019-07-16T12:18:32.915Z,1,8,false
2019-07-16T12:19:16.296Z,1,9,false
2019-07-16T12:20:07.731Z,1,1,false
2019-07-16T12:20:33.322Z,1,2,false
2019-07-16T12:21:19.220Z,1,3,false
2019-07-16T12:22:05.920Z,1,4,false
2019-07-16T12:22:52.683Z,1,5,false
2019-07-16T12:23:38.725Z,1,6,false
2019-07-16T12:24:24.832Z,1,7,false
2019-07-16T12:25:09.632Z,1,8,false
2019-07-16T12:25:21.626Z,1,9,false
2019-07-16T12:26:26.782Z,1,1,false
2019-07-16T12:26:44.604Z,1,2,false
2019-07-16T12:27:11.437Z,1,3,false
2019-07-16T12:27:38.719Z,1,4,false
2019-07-16T12:28:10.457Z,1,5,false
2019-07-16T12:28:54.250Z,1,6,false
2019-07-16T12:29:40.423Z,1,7,false
2019-07-16T12:30:26.566Z,1,8,false
2019-07-16T12:31:10.056Z,1,9,false
2019-07-16T12:31:54.825Z,1,1,false
2019-07-16T12:32:09.910Z,1,2,false
2019-07-16T12:32:33.283Z,1,3,false
2019-07-16T12:33:08.825Z,1,4,false
2019-07-16T12:33:55.884Z,1,5,false
2019-07-16T12:34:42.182Z,1,6,false
2019-07-16T12:35:28.166Z,1,7,false
2019-07-16T12:36:13.253Z,1,8,false
2019-07-16T12:36:56.289Z,1,9,false
2019-07-16T12:37:37.188Z,1,1,false
2019-07-16T12:38:08.965Z,1,2,false
2019-07-16T12:38:54.337Z,1,3,false
2019-07-16T12:39:40.957Z,1,4,false
2019-07-16T12:40:27.865Z,1,5,false
2019-07-16T12:41:14.051Z,1,6,false
2019-07-16T12:42:00.678Z,1,7,false
2019-07-16T12:42:44.163Z,1,8,false
2019-07-16T12:43:05.725Z,1,9,false
2019-07-16T12:44:04.289Z,1,1,false
2019-07-16T12:44:34.200Z,1,2,false
2019-07-16T12:45:04.958Z,1,3,false
2019-07-16T12:45:51.329Z,1,4,false
2019-07-16T12:46:37.677Z,1,5,false
2019-07-16T12:47:23.698Z,1,6,false
2019-07-16T12:48:07.604Z,1,7,false
2019-07-16T12:48:21.283Z,1,8,false
2019-07-16T12:48:37.151Z,1,9,false
2019-07-16T12:49:26.792Z,1,1,false
2019-07-16T12:50:12.578Z,1,2,false
2019-07-16T12:50:59.315Z,1,3,false
2019-07-16T12:51:45.605Z,1,4,false
2019-07-16T12:52:32.219Z,1,5,false
2019-07-16T12:53:18.501Z,1,6,false
2019-07-16T12:53:59.942Z,1,7,false
2019-07-16T12:54:16.206Z,1,8,false
2019-07-16T12:54:49.722Z,1,9,false
2019-07-16T12:56:05.424Z,1,1,false
2019-07-16T12:56:21.497Z,1,2,false
2019-07-16T12:56:46.469Z,1,3,false
2019-07-16T12:57:03.965Z,1,4,false
2019-07-16T12:57:29.619Z,1,5,false
2019-07-16T12:58:01.810Z,1,6,false
2019-07-16T12:58:44.982Z,1,7,false
2019-07-16T12:59:29.973Z,1,8,false
2019-07-16T12:59:58.691Z,1,9,false
2019-07-16T13:00:43.944Z,1,1,false
2019-07-16T13:01:15.602Z,1,2,false
2019-07-16T13:02:01.145Z,1,3,false
2019-07-16T13:02:48.039Z,1,4,false
2019-07-16T13:03:34.300Z,1,5,false
2019-07-16T13:04:20.766Z,1,6,false
2019-07-16T13:05:05.650Z,1,7,false
2019-07-16T13:05:22.473Z,1,8,false
2019-07-16T13:05:47.077Z,1,9,false
2019-07-16T13:06:45.613Z,1,1,false
2019-07-16T13:07:01.200Z,1,2,false
2019-07-16T13:07:24.858Z,1,3,false
2019-07-16T13:07:41.117Z,1,4,false
2019-07-16T13:08:07.391Z,1,5,false
2019-07-16T13:08:48.575Z,1,6,false
2019-07-16T13:09:13.224Z,1,7,false
2019-07-16T13:09:39.810Z,1,8,false
2019-07-16T13:10:22.823Z,1,9,false
2019-07-16T13:11:13.094Z,1,1,false
2019-07-16T13:11:58.542Z,1,2,false
2019-07-16T13:12:43.687Z,1,3,false
2019-07-16T13:13:30.565Z,1,4,false
2019-07-16T13:14:15.283Z,1,5,false
2019-07-16T13:14:32.157Z,1,6,false
2019-07-16T13:15:00.930Z,1,7,false
2019-07-16T13:15:45.181Z,1,8,false
2019-07-16T13:16:31.344Z,1,9,false
2019-07-16T13:17:47.970Z,1,1,false
2019-07-16T13:18:16.323Z,1,2,false
2019-07-16T13:18:58.309Z,1,3,false
2019-07-16T13:19:42.601Z,1,4,false
2019-07-16T13:20:18.465Z,1,5,false
2019-07-16T13:21:04.341Z,1,6,false
2019-07-16T13:21:50.768Z,1,7,false
2019-07-16T13:22:36.691Z,1,8,false
2019-07-16T13:23:23.037Z,1,9,false
2019-07-16T13:24:39.261Z,1,1,false
2019-07-16T13:25:17.584Z,1,2,false
2019-07-16T13:25:44.340Z,1,3,false
2019-07-16T13:25:58.933Z,1,4,false
2019-07-16T13:26:27.083Z,1,5,false
2019-07-16T13:27:01.520Z,1,6,false
2019-07-16T13:27:47.921Z,1,7,false
2019-07-16T13:28:34.171Z,1,8,false
2019-07-16T13:29:20.080Z,1,9,false
2019-07-16T13:30:36.692Z,1,1,false
2019-07-16T13:31:13.456Z,1,2,false
2019-07-16T13:31:37.150Z,1,3,false
2019-07-16T13:31:51.557Z,1,4,false
2019-07-16T13:32:15.634Z,1,5,false
2019-07-16T13:32:44.522Z,1,6,false
2019-07-16T13:33:30.807Z,1,7,false
2019-07-16T13:34:16.503Z,1,8,false
2019-07-16T13:35:02.919Z,1,9,false
2019-07-16T13:36:18.853Z,1,1,false
2019-07-16T13:36:55.528Z,1,2,false
2019-07-16T13:37:38.640Z,1,3,false
2019-07-16T13:38:10.367Z,1,4,false
2019-07-16T13:38:57.282Z,1,5,false
2019-07-16T13:39:42.990Z,1,6,false
2019-07-16T13:40:29.460Z,1,7,false
2019-07-16T13:41:15.494Z,1,8,false
2019-07-16T13:42:02.577Z,1,9,false
2019-07-16T13:43:18.328Z,1,1,false
2019-07-16T13:43:39.569Z,1,2,false
2019-07-16T13:44:05.887Z,1,3,false
2019-07-16T13:44:21.841Z,1,4,false
2019-07-16T13:44:47.866Z,1,5,false
2019-07-16T13:45:11.890Z,1,6,false
2019-07-16T13:45:38.997Z,1,7,false
2019-07-16T13:46:01.101Z,1,8,false
2019-07-16T13:46:46.362Z,1,9,false
2019-07-16T13:48:02.528Z,1,1,false
2019-07-16T13:48:36.282Z,1,2,false
2019-07-16T13:49:03.269Z,1,3,false
2019-07-16T13:49:16.007Z,1,4,false
2019-07-16T13:49:47.621Z,1,5,false
2019-07-16T13:50:14.121Z,1,6,false
2019-07-16T13:50:36.078Z,1,7,false
2019-07-16T13:50:56.472Z,1,8,false
2019-07-16T13:51:29.565Z,1,9,false
2019-07-16T13:52:46.152Z,1,1,false
2019-07-16T13:53:22.783Z,1,2,false
2019-07-16T13:54:07.711Z,1,3,false
2019-07-16T13:54:51.750Z,1,4,false
2019-07-16T13:55:21.141Z,1,5,false
2019-07-16T13:55:36.030Z,1,6,false
2019-07-16T13:56:09.270Z,1,7,false
2019-07-16T13:56:38.195Z,1,8,false
2019-07-16T13:57:23.985Z,1,9,false
2019-07-16T13:58:39.906Z,1,1,false
2019-07-16T13:59:17.567Z,1,2,false
2019-07-16T14:00:00.186Z,1,3,false
2019-07-16T14:00:28.838Z,1,4,false
2019-07-16T14:01:15.488Z,1,5,false
2019-07-16T14:02:01.447Z,1,6,false
2019-07-16T14:02:47.429Z,1,7,false
2019-07-16T14:03:33.216Z,1,8,false
2019-07-16T14:04:19.366Z,1,9,false
2019-07-16T14:05:35.770Z,1,1,false
2019-07-16T14:06:07.487Z,1,2,false
2019-07-16T14:06:32.777Z,1,3,false
2019-07-16T14:06:44.386Z,1,4,false
2019-07-16T14:07:08.726Z,1,5,false
2019-07-16T14:07:34.836Z,1,6,false
2019-07-16T14:08:20.852Z,1,7,false
2019-07-16T14:09:04.296Z,1,8,false
2019-07-16T14:09:50.244Z,1,9,false
2019-07-16T14:11:06.447Z,1,1,false
2019-07-16T14:11:42.650Z,1,2,false
2019-07-16T14:12:06.330Z,1,3,false
2019-07-16T14:12:21.244Z,1,4,false
2019-07-16T14:12:40.321Z,1,5,false
2019-07-16T14:13:04.124Z,1,6,false
2019-07-16T14:13:29.545Z,1,7,false
2019-07-16T14:13:47.012Z,1,8,false
2019-07-16T14:14:19.131Z,1,9,false
2019-07-16T14:15:35.562Z,1,1,false
2019-07-16T14:15:49.530Z,1,2,false
2019-07-16T14:16:10.320Z,1,3,false
2019-07-16T14:16:22.796Z,1,4,false
2019-07-16T14:16:59.908Z,1,5,false
2019-07-16T14:17:37.990Z,1,6,false
2019-07-16T14:18:23.282Z,1,7,false
2019-07-16T14:19:07.178Z,1,8,false
2019-07-16T14:19:53.784Z,1,9,false
2019-07-16T14:21:09.640Z,1,1,false
2019-07-16T14:21:47.551Z,1,2,false
2019-07-16T14:22:31.335Z,1,3,false
2019-07-16T14:23:15.171Z,1,4,false
2019-07-16T14:23:45.519Z,1,5,false
2019-07-16T14:24:31.946Z,1,6,false
2019-07-16T14:25:18.089Z,1,7,false
2019-07-16T14:26:04.106Z,1,8,false
2019-07-16T14:26:50.273Z,1,9,false
2019-07-16T14:28:08.544Z,1,1,false
2019-07-16T14:28:39.941Z,1,2,false
2019-07-16T14:29:06.691Z,1,3,false
2019-07-16T14:29:20.912Z,1,4,false
2019-07-16T14:29:55.834Z,1,5,false
2019-07-16T14:30:41.597Z,1,6,false
2019-07-16T14:31:27.913Z,1,7,false
2019-07-16T14:32:13.578Z,1,8,false
2019-07-16T14:32:59.668Z,1,9,false
2019-07-16T14:34:15.665Z,1,1,false
2019-07-16T14:34:49.929Z,1,2,false
2019-07-16T14:35:14.177Z,1,3,false
2019-07-16T14:35:30.591Z,1,4,false
2019-07-16T14:36:05.840Z,1,5,false
2019-07-16T14:36:51.095Z,1,6,false
2019-07-16T14:37:37.293Z,1,7,false
2019-07-16T14:38:23.719Z,1,8,false
2019-07-16T14:39:09.754Z,1,9,false
2019-07-16T14:40:25.923Z,1,1,false
2019-07-16T14:41:04.027Z,1,2,false
2019-07-16T14:41:46.285Z,1,3,false
2019-07-16T14:42:21.098Z,1,4,false
2019-07-16T14:43:07.961Z,1,5,false
2019-07-16T14:43:53.965Z,1,6,false
2019-07-16T14:44:40.377Z,1,7,false
2019-07-16T14:45:26.260Z,1,8,false
2019-07-16T14:46:12.959Z,1,9,false
2019-07-16T14:47:29.159Z,1,1,false
2019-07-16T14:48:07.780Z,1,2,false
2019-07-16T14:48:49.821Z,1,3,false
2019-07-16T14:49:03.921Z,1,4,false
2019-07-16T14:49:50.114Z,1,5,false
2019-07-16T14:50:36.129Z,1,6,false
2019-07-16T14:51:22.261Z,1,7,false
2019-07-16T14:52:08.220Z,1,8,false
2019-07-16T14:52:54.317Z,1,9,false
2019-07-16T14:54:10.634Z,1,1,false
2019-07-16T14:54:48.594Z,1,2,false
2019-07-16T14:55:31.565Z,1,3,false
2019-07-16T14:56:02.772Z,1,4,false
2019-07-16T14:56:49.466Z,1,5,false
2019-07-16T14:57:35.461Z,1,6,false
2019-07-16T14:58:22.030Z,1,7,false
2019-07-16T14:59:07.698Z,1,8,false
2019-07-16T14:59:53.862Z,1,9,false
2019-07-16T15:01:10.086Z,1,1,false
2019-07-16T15:01:24.522Z,1,2,false
2019-07-16T15:01:48.815Z,1,3,false
2019-07-16T15:02:06.577Z,1,4,false
2019-07-16T15:02:37.018Z,1,5,false
2019-07-16T15:03:05.141Z,1,6,false
2019-07-16T15:03:51.361Z,1,7,false
2019-07-16T15:04:37.128Z,1,8,false
2019-07-16T15:05:23.372Z,1,9,false
2019-07-16T15:06:39.646Z,1,1,false
2019-07-16T15:07:14.738Z,1,2,false
2019-07-16T15:07:58.412Z,1,3,false
2019-07-16T15:08:41.723Z,1,4,false
2019-07-16T15:09:06.467Z,1,5,false
2019-07-16T15:09:33.183Z,1,6,false
2019-07-16T15:10:19.900Z,1,7,false
2019-07-16T15:11:05.716Z,1,8,false
2019-07-16T15:11:51.994Z,1,9,false
2019-07-16T15:13:08.440Z,1,1,false
2019-07-16T15:13:46.969Z,1,2,false
2019-07-16T15:14:29.952Z,1,3,false
2019-07-16T15:15:01.894Z,1,4,false
2019-07-16T15:15:48.165Z,1,5,false
2019-07-16T15:16:34.593Z,1,6,false
2019-07-16T15:17:21.139Z,1,7,false
2019-07-16T15:18:07.079Z,1,8,false
2019-07-16T15:18:53.209Z,1,9,false
2019-07-16T15:20:09.292Z,1,1,false
2019-07-16T15:20:37.825Z,1,2,false
2019-07-16T15:21:01.178Z,1,3,false
2019-07-16T15:21:14.224Z,1,4,false
2019-07-16T15:21:44.513Z,1,5,false
2019-07-16T15:22:30.347Z,1,6,false
2019-07-16T15:23:16.938Z,1,7,false
2019-07-16T15:24:02.394Z,1,8,false
2019-07-16T15:24:47.963Z,1,9,false
2019-07-16T15:26:04.192Z,1,1,false
2019-07-16T15:26:39.835Z,1,2,false
2019-07-16T15:27:25.061Z,1,3,false
2019-07-16T15:28:09.140Z,1,4,false
2019-07-16T15:28:36.712Z,1,5,false
2019-07-16T15:28:51.310Z,1,6,false
2019-07-16T15:29:26.223Z,1,7,false
2019-07-16T15:30:11.901Z,1,8,false
2019-07-16T15:30:52.178Z,1,9,false
2019-07-16T15:32:08.544Z,1,1,false
2019-07-16T15:32:39.187Z,1,2,false
2019-07-16T15:33:05.942Z,1,3,false
2019-07-16T15:33:20.231Z,1,4,false
2019-07-16T15:33:40.696Z,1,5,false
2019-07-16T15:34:12.080Z,1,6,false
2019-07-16T15:34:58.239Z,1,7,false
2019-07-16T15:35:48.457Z,1,8,false
2019-07-16T15:36:36.765Z,1,9,false
2019-07-16T15:37:54.949Z,1,1,false
2019-07-16T15:38:27.047Z,1,2,false
2019-07-16T15:38:52.257Z,1,3,false
2019-07-16T15:39:05.049Z,1,4,false
2019-07-16T15:39:38.622Z,1,5,false
2019-07-16T15:40:04.521Z,1,6,false
2019-07-16T15:40:22.428Z,1,7,false
2019-07-16T15:40:48.260Z,1,8,false
2019-07-16T15:41:21.006Z,1,9,false
2019-07-16T15:42:37.874Z,1,1,false
2019-07-16T15:43:13.773Z,1,2,false
2019-07-16T15:43:59.043Z,1,3,false
2019-07-16T15:44:43.096Z,1,4,false
2019-07-16T15:45:34.635Z,1,5,false
2019-07-16T15:46:02.515Z,1,6,false
2019-07-16T15:46:22.496Z,1,7,false
2019-07-16T15:46:44.414Z,1,8,false
2019-07-16T15:47:21.232Z,1,9,false
2019-07-16T15:48:37.723Z,1,1,false
2019-07-16T15:48:53.143Z,1,2,false
2019-07-16T15:49:12.631Z,1,3,false
2019-07-16T15:49:46.128Z,1,4,false
2019-07-16T15:50:33.148Z,1,5,false
2019-07-16T15:51:19.141Z,1,6,false
2019-07-16T15:52:05.905Z,1,7,false
2019-07-16T15:52:52.163Z,1,8,false
2019-07-16T15:53:39.052Z,1,9,false
2019-07-16T15:54:55.654Z,1,1,false
2019-07-16T15:55:25.736Z,1,2,false
2019-07-16T15:55:50.458Z,1,3,false
2019-07-16T15:56:02.861Z,1,4,false
2019-07-16T15:56:31.225Z,1,5,false
2019-07-16T15:57:17.063Z,1,6,false
2019-07-16T15:58:03.231Z,1,7,false
2019-07-16T15:58:48.599Z,1,8,false
2019-07-16T15:59:34.853Z,1,9,false
2019-07-16T16:00:51.088Z,1,1,false
2019-07-16T16:01:28.751Z,1,2,false
2019-07-16T16:02:13.489Z,1,3,false
2019-07-16T16:02:57.622Z,1,4,false
2019-07-16T16:03:29.482Z,1,5,false
2019-07-16T16:04:15.221Z,1,6,false
2019-07-16T16:05:01.646Z,1,7,false
2019-07-16T16:05:47.255Z,1,8,false
2019-07-16T16:06:33.704Z,1,9,false
2019-07-16T16:07:49.959Z,1,1,false
2019-07-16T16:08:11.116Z,1,2,false
2019-07-16T16:08:29.376Z,1,3,false
2019-07-16T16:08:50.411Z,1,4,false
2019-07-16T16:09:15.428Z,1,5,false
2019-07-16T16:09:29.909Z,1,6,false
2019-07-16T16:10:04.475Z,1,7,false
2019-07-16T16:10:46.739Z,1,8,false
2019-07-16T16:11:33.048Z,1,9,false
2019-07-16T16:12:49.304Z,1,1,false
2019-07-16T16:13:20.943Z,1,2,false
2019-07-16T16:13:49.411Z,1,3,false
2019-07-16T16:14:33.617Z,1,4,false
2019-07-16T16:15:00.865Z,1,5,false
2019-07-16T16:15:47.015Z,1,6,false
2019-07-16T16:16:33.559Z,1,7,false
2019-07-16T16:17:19.865Z,1,8,false
2019-07-16T16:18:05.545Z,1,9,false
2019-07-16T16:19:21.702Z,1,1,false
2019-07-16T16:20:00.282Z,1,2,false
2019-07-16T16:20:42.468Z,1,3,false
2019-07-16T16:21:05.558Z,1,4,false
2019-07-16T16:21:31.879Z,1,5,false
2019-07-16T16:21:52.544Z,1,6,false
2019-07-16T16:22:13.997Z,1,7,false
2019-07-16T16:22:47.217Z,1,8,false
2019-07-16T16:23:33.506Z,1,9,false
2019-07-16T16:24:49.599Z,1,1,false
2019-07-16T16:25:04.177Z,1,2,false
2019-07-16T16:25:18.786Z,1,3,false
2019-07-16T16:25:55.801Z,1,4,false
2019-07-16T16:26:42.297Z,1,5,false
2019-07-16T16:27:28.314Z,1,6,false
2019-07-16T16:28:14.677Z,1,7,false
2019-07-16T16:29:00.214Z,1,8,false
2019-07-16T16:29:46.337Z,1,9,false
2019-07-16T16:31:02.755Z,1,1,false
2019-07-16T16:31:46.385Z,1,2,false
2019-07-16T16:32:29.559Z,1,3,false
2019-07-16T16:32:57.606Z,1,4,false
2019-07-16T16:33:14.605Z,1,5,false
2019-07-16T16:33:47.023Z,1,6,false
2019-07-16T16:34:33.290Z,1,7,false
2019-07-16T16:35:18.915Z,1,8,false
2019-07-16T16:36:05.521Z,1,9,false
2019-07-16T16:37:21.603Z,1,1,false
2019-07-16T16:37:58.133Z,1,2,false
2019-07-16T16:38:42.343Z,1,3,false
2019-07-16T16:39:29.836Z,1,4,false
2019-07-16T16:40:16.838Z,1,5,false
2019-07-16T16:41:03.032Z,1,6,false
2019-07-16T16:41:37.775Z,1,7,false
2019-07-16T16:42:23.596Z,1,8,false
2019-07-16T16:43:09.830Z,1,9,false
2019-07-16T16:44:26.247Z,1,1,false
2019-07-16T16:44:47.064Z,1,2,false
2019-07-16T16:45:13.905Z,1,3,false
2019-07-16T16:45:39.496Z,1,4,false
2019-07-16T16:46:12.603Z,1,5,false
2019-07-16T16:46:58.553Z,1,6,false
2019-07-16T16:47:44.850Z,1,7,false
2019-07-16T16:48:30.631Z,1,8,false
2019-07-16T16:49:17.255Z,1,9,false
2019-07-16T16:50:33.489Z,1,1,false
2019-07-16T16:51:11.281Z,1,2,false
2019-07-16T16:51:53.755Z,1,3,false
2019-07-16T16:52:17.308Z,1,4,false
2019-07-16T16:52:44.321Z,1,5,false
2019-07-16T16:53:30.237Z,1,6,false
2019-07-16T16:54:16.606Z,1,7,false
2019-07-16T16:55:02.352Z,1,8,false
2019-07-16T16:55:48.585Z,1,9,false
2019-07-16T16:57:04.693Z,1,1,false
2019-07-16T16:57:34.558Z,1,2,false
2019-07-16T16:57:51.844Z,1,3,false
2019-07-16T16:58:17.783Z,1,4,false
2019-07-16T16:58:50.912Z,1,5,false
2019-07-16T16:59:36.837Z,1,6,false
2019-07-16T17:00:22.709Z,1,7,false
2019-07-16T17:01:08.550Z,1,8,false
2019-07-16T17:01:54.643Z,1,9,false
2019-07-16T17:03:10.669Z,1,1,false
2019-07-16T17:03:39.940Z,1,2,false
2019-07-16T17:04:10.951Z,1,3,false
2019-07-16T17:04:24.595Z,1,4,false
2019-07-16T17:04:55.968Z,1,5,false
2019-07-16T17:05:41.980Z,1,6,false
2019-07-16T17:06:28.600Z,1,7,false
2019-07-16T17:07:14.278Z,1,8,false
2019-07-16T17:07:55.737Z,1,9,false
2019-07-16T17:09:12.113Z,1,1,false
2019-07-16T17:09:41.845Z,1,2,false
2019-07-16T17:10:03.942Z,1,3,false
2019-07-16T17:10:21.851Z,1,4,false
2019-07-16T17:10:47.005Z,1,5,false
2019-07-16T17:11:32.052Z,1,6,false
2019-07-16T17:12:18.489Z,1,7,false
2019-07-16T17:13:03.923Z,1,8,false
2019-07-16T17:13:48.415Z,1,9,false
2019-07-16T17:15:04.934Z,1,1,false
2019-07-16T17:15:41.340Z,1,2,false
2019-07-16T17:16:26.660Z,1,3,false
2019-07-16T17:17:10.472Z,1,4,false
2019-07-16T17:17:42.575Z,1,5,false
2019-07-16T17:18:28.969Z,1,6,false
2019-07-16T17:19:14.978Z,1,7,false
2019-07-16T17:20:00.993Z,1,8,false
2019-07-16T17:20:46.916Z,1,9,false
2019-07-16T17:22:03.132Z,1,1,false
2019-07-16T17:22:32.146Z,1,2,false
2019-07-16T17:23:00.077Z,1,3,false
2019-07-16T17:23:13.855Z,1,4,false
2019-07-16T17:23:41.458Z,1,5,false
2019-07-16T17:24:12.039Z,1,6,false
2019-07-16T17:24:58.300Z,1,7,false
2019-07-16T17:25:43.944Z,1,8,false
2019-07-16T17:26:30.211Z,1,9,false
2019-07-16T17:27:46.763Z,1,1,false
2019-07-16T17:28:06.231Z,1,2,false
2019-07-16T17:28:32.621Z,1,3,false
2019-07-16T17:28:47.606Z,1,4,false
2019-07-16T17:29:12.620Z,1,5,false
2019-07-16T17:29:34.172Z,1,6,false
2019-07-16T17:29:59.886Z,1,7,false
2019-07-16T17:30:46.625Z,1,8,false
2019-07-16T17:31:32.827Z,1,9,false
2019-07-16T17:32:49.036Z,1,1,false
2019-07-16T17:33:05.205Z,1,2,false
2019-07-16T17:33:34.203Z,1,3,false
2019-07-16T17:33:49.679Z,1,4,false
2019-07-16T17:34:22.429Z,1,5,false
2019-07-16T17:34:51.719Z,1,6,false
2019-07-16T17:35:39.204Z,1,7,false
2019-07-16T17:36:25.623Z,1,8,false
2019-07-16T17:37:12.057Z,1,9,false
2019-07-16T17:38:28.676Z,1,1,false
2019-07-16T17:39:02.416Z,1,2,false
2019-07-16T17:39:28.482Z,1,3,false
2019-07-16T17:39:45.035Z,1,4,false
2019-07-16T17:40:17.533Z,1,5,false
2019-07-16T17:41:01.261Z,1,6,false
2019-07-16T17:41:35.545Z,1,7,false
2019-07-16T17:42:21.762Z,1,8,false
2019-07-16T17:43:08.445Z,1,9,false
2019-07-16T17:44:25.373Z,1,1,false
2019-07-16T17:45:01.784Z,1,2,false
2019-07-16T17:45:46.888Z,1,3,false
2019-07-16T17:46:33.406Z,1,4,false
2019-07-16T17:47:20.312Z,1,5,false
2019-07-16T17:47:36.887Z,1,6,false
2019-07-16T17:48:03.391Z,1,7,false
2019-07-16T17:48:19.669Z,1,8,false
2019-07-16T17:48:49.893Z,1,9,false
2019-07-16T17:49:48.553Z,1,1,false
2019-07-16T17:50:03.555Z,1,2,false
2019-07-16T17:50:24.886Z,1,3,false
2019-07-16T17:50:40.179Z,1,4,false
2019-07-16T17:51:17.772Z,1,5,false
2019-07-16T17:52:00.977Z,1,6,false
2019-07-16T17:52:25.056Z,1,7,false
2019-07-16T17:52:53.598Z,1,8,false
2019-07-16T17:53:39.971Z,1,9,false
2019-07-16T17:54:56.094Z,1,1,false
2019-07-16T17:55:23.416Z,1,2,false
2019-07-16T17:55:42.866Z,1,3,false
2019-07-16T17:55:59.189Z,1,4,false
2019-07-16T17:56:31.322Z,1,5,false
2019-07-16T17:56:56.496Z,1,6,false
2019-07-16T17:57:08.751Z,1,7,false
2019-07-16T17:57:37.429Z,1,8,false
2019-07-16T17:58:23.857Z,1,9,false
2019-07-16T17:59:40.336Z,1,1,false
2019-07-16T18:00:15.952Z,1,2,false
2019-07-16T18:00:43.884Z,1,3,false
2019-07-16T18:01:30.478Z,1,4,false
2019-07-16T18:02:17.149Z,1,5,false
2019-07-16T18:03:03.937Z,1,6,false
2019-07-16T18:03:31.884Z,1,7,false
2019-07-16T18:03:45.163Z,1,8,false
2019-07-16T18:04:15.433Z,1,9,false
2019-07-16T18:05:31.210Z,1,1,false
2019-07-16T18:05:52.428Z,1,2,false
2019-07-16T18:06:12.548Z,1,3,false
2019-07-16T18:06:33.410Z,1,4,false
2019-07-16T18:06:56.311Z,1,5,false
2019-07-16T18:07:23.911Z,1,6,false
2019-07-16T18:07:41.217Z,1,7,false
2019-07-16T18:08:07.717Z,1,8,false
2019-07-16T18:08:33.179Z,1,9,false
2019-07-16T18:09:17.771Z,1,1,false
2019-07-16T18:09:50.648Z,1,2,false
2019-07-16T18:10:36.156Z,1,3,false
2019-07-16T18:11:23.333Z,1,4,false
2019-07-16T18:12:09.784Z,1,5,false
2019-07-16T18:12:55.802Z,1,6,false
2019-07-16T18:13:42.193Z,1,7,false
2019-07-16T18:14:24.170Z,1,8,false
2019-07-16T18:14:37.619Z,1,9,false
2019-07-16T18:15:49.573Z,1,1,false
2019-07-16T18:16:04.077Z,1,2,false
2019-07-16T18:16:31.272Z,1,3,false
2019-07-16T18:16:51.762Z,1,4,false
2019-07-16T18:17:14.481Z,1,5,false
2019-07-16T18:17:46.161Z,1,6,false
2019-07-16T18:18:32.127Z,1,7,false
2019-07-16T18:19:18.271Z,1,8,false
2019-07-16T18:19:49.502Z,1,9,false
2019-07-16T18:20:39.782Z,1,1,false
2019-07-16T18:21:13.820Z,1,2,false
2019-07-16T18:21:51.990Z,1,3,false
2019-07-16T18:22:36.591Z,1,4,false
2019-07-16T18:23:23.309Z,1,5,false
2019-07-16T18:24:09.560Z,1,6,false
2019-07-16T18:24:55.500Z,1,7,false
2019-07-16T18:25:41.245Z,1,8,false
2019-07-16T18:26:26.717Z,1,9,false
2019-07-16T18:27:24.091Z,1,1,false
2019-07-16T18:27:41.202Z,1,2,false
2019-07-16T18:28:16.802Z,1,3,false
2019-07-16T18:28:56.788Z,1,4,false
2019-07-16T18:29:43.171Z,1,5,false
2019-07-16T18:30:29.754Z,1,6,false
2019-07-16T18:31:16.240Z,1,7,false
2019-07-16T18:31:58.254Z,1,8,false
2019-07-16T18:32:09.390Z,1,9,false
2019-07-16T18:33:16.842Z,1,1,false
2019-07-16T18:33:32.166Z,1,2,false
2019-07-16T18:33:54.849Z,1,3,false
2019-07-16T18:34:14.413Z,1,4,false
2019-07-16T18:34:42.076Z,1,5,false
2019-07-16T18:35:08.911Z,1,6,false
2019-07-16T18:35:26.183Z,1,7,false
2019-07-16T18:35:53.068Z,1,8,false
2019-07-16T18:36:21.266Z,1,9,false
2019-07-16T18:37:35.431Z,1,1,false
2019-07-16T18:37:49.567Z,1,2,false
2019-07-16T18:38:17.170Z,1,3,false
2019-07-16T18:38:31.605Z,1,4,false
2019-07-16T18:39:05.415Z,1,5,false
2019-07-16T18:39:36.788Z,1,6,false
2019-07-16T18:40:23.234Z,1,7,false
2019-07-16T18:41:09.047Z,1,8,false
2019-07-16T18:41:54.967Z,1,9,false
2019-07-16T18:43:08.983Z,1,1,false
2019-07-16T18:43:37.918Z,1,2,false
2019-07-16T18:44:23.782Z,1,3,false
2019-07-16T18:45:10.188Z,1,4,false
2019-07-16T18:45:57.341Z,1,5,false
2019-07-16T18:46:43.580Z,1,6,false
2019-07-16T18:47:30.364Z,1,7,false
2019-07-16T18:48:16.366Z,1,8,false
2019-07-16T18:49:01.194Z,1,9,false
2019-07-16T18:49:52.149Z,1,1,false
2019-07-16T18:50:12.474Z,1,2,false
2019-07-16T18:50:42.511Z,1,3,false
2019-07-16T18:51:01.804Z,1,4,false
2019-07-16T18:51:21.351Z,1,5,false
2019-07-16T18:51:57.916Z,1,6,false
2019-07-16T18:52:44.353Z,1,7,false
2019-07-16T18:53:28.436Z,1,8,false
2019-07-16T18:53:40.888Z,1,9,false
2019-07-16T18:54:48.163Z,1,1,false
2019-07-16T18:55:02.662Z,1,2,false
2019-07-16T18:55:24.439Z,1,3,false
2019-07-16T18:55:45.213Z,1,4,false
2019-07-16T18:56:12.951Z,1,5,false
2019-07-16T18:56:35.810Z,1,6,false
2019-07-16T18:56:56.581Z,1,7,false
2019-07-16T18:57:22.703Z,1,8,false
2019-07-16T18:57:45.265Z,1,9,false
2019-07-16T18:58:34.350Z,1,1,false
2019-07-16T18:58:54.681Z,1,2,false
2019-07-16T18:59:36.933Z,1,3,false
2019-07-16T19:00:23.641Z,1,4,false
2019-07-16T19:01:10.692Z,1,5,false
2019-07-16T19:01:57.022Z,1,6,false
2019-07-16T19:02:43.584Z,1,7,false
2019-07-16T19:03:29.756Z,1,8,false
2019-07-16T19:03:59.914Z,1,9,false
2019-07-16T19:04:52.129Z,1,1,false
2019-07-16T19:05:23.982Z,1,2,false
2019-07-16T19:06:02.489Z,1,3,false
2019-07-16T19:06:49.042Z,1,4,false
2019-07-16T19:07:35.789Z,1,5,false
2019-07-16T19:08:22.653Z,1,6,false
2019-07-16T19:09:09.254Z,1,7,false
2019-07-16T19:09:55.099Z,1,8,false
2019-07-16T19:10:38.820Z,1,9,false
2019-07-16T19:11:21.037Z,1,1,false
2019-07-16T19:11:55.486Z,1,2,false
2019-07-16T19:12:38.798Z,1,3,false
2019-07-16T19:13:25.187Z,1,4,false
2019-07-16T19:14:12.359Z,1,5,false
2019-07-16T19:14:58.727Z,1,6,false
2019-07-16T19:15:45.253Z,1,7,false
2019-07-16T19:16:30.235Z,1,8,false
2019-07-16T19:16:42.704Z,1,9,false
2019-07-16T19:17:40.443Z,1,1,false
2019-07-16T19:18:23.739Z,1,2,false
2019-07-16T19:19:09.606Z,1,3,false
2019-07-16T19:19:56.382Z,1,4,false
2019-07-16T19:20:43.086Z,1,5,false
2019-07-16T19:21:29.958Z,1,6,false
2019-07-16T19:22:16.451Z,1,7,false
2019-07-16T19:23:00.759Z,1,8,false
2019-07-16T19:23:14.387Z,1,9,false
2019-07-16T19:24:19.774Z,1,1,false
2019-07-16T19:24:34.937Z,1,2,false
2019-07-16T19:24:52.699Z,1,3,false
2019-07-16T19:25:10.435Z,1,4,false
2019-07-16T19:25:42.254Z,1,5,false
2019-07-16T19:26:03.036Z,1,6,false
2019-07-16T19:26:18.748Z,1,7,false
2019-07-16T19:26:54.757Z,1,8,false
2019-07-16T19:27:25.553Z,1,9,false
2019-07-16T19:28:33.750Z,1,1,false
2019-07-16T19:28:48.012Z,1,2,false
2019-07-16T19:29:19.739Z,1,3,false
2019-07-16T19:30:06.749Z,1,4,false
2019-07-16T19:30:53.456Z,1,5,false
2019-07-16T19:31:39.380Z,1,6,false
2019-07-16T19:32:26.035Z,1,7,false
2019-07-16T19:33:11.896Z,1,8,false
2019-07-16T19:33:58.093Z,1,9,false
2019-07-16T19:35:12.471Z,1,1,false
2019-07-16T19:35:26.611Z,1,2,false
2019-07-16T19:36:12.403Z,1,3,false
2019-07-16T19:36:58.681Z,1,4,false
2019-07-16T19:37:45.265Z,1,5,false
2019-07-16T19:38:31.545Z,1,6,false
2019-07-16T19:39:17.668Z,1,7,false
2019-07-16T19:40:03.964Z,1,8,false
2019-07-16T19:40:47.097Z,1,9,false
2019-07-16T19:41:29.681Z,1,1,false
2019-07-16T19:41:44.217Z,1,2,false
2019-07-16T19:42:03.580Z,1,3,false
2019-07-16T19:42:44.927Z,1,4,false
2019-07-16T19:43:31.708Z,1,5,false
2019-07-16T19:44:20.040Z,1,6,false
2019-07-16T19:45:10.527Z,1,7,false
2019-07-16T19:45:58.076Z,1,8,false
2019-07-16T19:46:44.570Z,1,9,false
2019-07-16T19:47:58.977Z,1,1,false
2019-07-16T19:48:14.204Z,1,2,false
2019-07-16T19:49:00.184Z,1,3,false
2019-07-16T19:49:47.014Z,1,4,false
2019-07-16T19:50:33.809Z,1,5,false
2019-07-16T19:51:20.583Z,1,6,false
2019-07-16T19:52:06.970Z,1,7,false
2019-07-16T19:52:53.242Z,1,8,false
2019-07-16T19:53:38.480Z,1,9,false
2019-07-16T19:54:24.500Z,1,1,false
2019-07-16T19:55:10.148Z,1,2,false
2019-07-16T19:55:55.237Z,1,3,false
2019-07-16T19:56:42.541Z,1,4,false
2019-07-16T19:57:30.464Z,1,5,false
2019-07-16T19:58:17.122Z,1,6,false
2019-07-16T19:59:03.751Z,1,7,false
2019-07-16T19:59:49.430Z,1,8,false
2019-07-16T20:00:34.303Z,1,9,false
2019-07-16T20:01:31.538Z,1,1,false
2019-07-16T20:01:46.520Z,1,2,false
2019-07-16T20:02:12.089Z,1,3,false
2019-07-16T20:02:30.697Z,1,4,false
2019-07-16T20:02:57.826Z,1,5,false
2019-07-16T20:03:26.107Z,1,6,false
2019-07-16T20:04:10.849Z,1,7,false
2019-07-16T20:04:54.443Z,1,8,false
2019-07-16T20:05:12.161Z,1,9,false
2019-07-16T20:05:58.971Z,1,1,false
2019-07-16T20:06:44.755Z,1,2,false
2019-07-16T20:07:30.412Z,1,3,false
2019-07-16T20:08:17.170Z,1,4,false
2019-07-16T20:09:04.254Z,1,5,false
2019-07-16T20:09:50.439Z,1,6,false
2019-07-16T20:10:36.099Z,1,7,false
2019-07-16T20:10:52.639Z,1,8,false
2019-07-16T20:11:22.751Z,1,9,false
2019-07-16T20:12:38.556Z,1,1,false
2019-07-16T20:12:53.655Z,1,2,false
2019-07-16T20:13:21.372Z,1,3,false
2019-07-16T20:14:07.809Z,1,4,false
2019-07-16T20:14:54.772Z,1,5,false
2019-07-16T20:15:41.096Z,1,6,false
2019-07-16T20:16:27.892Z,1,7,false
2019-07-16T20:17:08.742Z,1,8,false
2019-07-16T20:17:29.896Z,1,9,false
2019-07-16T20:18:46.142Z,1,1,false
2019-07-16T20:19:01.252Z,1,2,false
2019-07-16T20:19:19.450Z,1,3,false
2019-07-16T20:19:39.823Z,1,4,false
2019-07-16T20:20:11.829Z,1,5,false
2019-07-16T20:20:29.218Z,1,6,false
2019-07-16T20:20:52.301Z,1,7,false
2019-07-16T20:21:24.578Z,1,8,false
2019-07-16T20:21:36.280Z,1,9,false
2019-07-16T20:22:31.703Z,1,1,false
2019-07-16T20:23:12.573Z,1,2,false
2019-07-16T20:23:58.480Z,1,3,false
2019-07-16T20:24:45.093Z,1,4,false
2019-07-16T20:25:32.555Z,1,5,false
2019-07-16T20:26:18.953Z,1,6,false
2019-07-16T20:27:05.771Z,1,7,false
2019-07-16T20:27:51.691Z,1,8,false
2019-07-16T20:28:37.414Z,1,9,false
2019-07-16T20:29:52.195Z,1,1,false
2019-07-16T20:30:25.842Z,1,2,false
2019-07-16T20:31:11.612Z,1,3,false
2019-07-16T20:31:58.317Z,1,4,false
2019-07-16T20:32:44.760Z,1,5,false
2019-07-16T20:33:30.789Z,1,6,false
2019-07-16T20:34:17.253Z,1,7,false
2019-07-16T20:35:03.025Z,1,8,false
2019-07-16T20:35:49.289Z,1,9,false
2019-07-16T20:37:04.400Z,1,1,false
2019-07-16T20:37:30.818Z,1,2,false
2019-07-16T20:38:01.092Z,1,3,false
2019-07-16T20:38:47.778Z,1,4,false
2019-07-16T20:39:34.630Z,1,5,false
2019-07-16T20:40:20.974Z,1,6,false
2019-07-16T20:41:07.596Z,1,7,false
2019-07-16T20:41:53.132Z,1,8,false
2019-07-16T20:42:38.131Z,1,9,false
2019-07-16T20:43:26.090Z,1,1,false
2019-07-16T20:44:12.254Z,1,2,false
2019-07-16T20:44:58.046Z,1,3,false
2019-07-16T20:45:44.883Z,1,4,false
2019-07-16T20:46:32.004Z,1,5,false
2019-07-16T20:47:18.878Z,1,6,false
2019-07-16T20:48:05.265Z,1,7,false
2019-07-16T20:48:51.026Z,1,8,false
2019-07-16T20:49:35.837Z,1,9,false
2019-07-16T20:50:28.451Z,1,1,false
2019-07-16T20:50:49.505Z,1,2,false
2019-07-16T20:51:04.180Z,1,3,false
2019-07-16T20:51:34.649Z,1,4,false
2019-07-16T20:52:20.975Z,1,5,false
2019-07-16T20:53:08.529Z,1,6,false
2019-07-16T20:53:54.716Z,1,7,false
2019-07-16T20:54:33.594Z,1,8,false
2019-07-16T20:54:56.709Z,1,9,false
2019-07-16T20:56:02.585Z,1,1,false
2019-07-16T20:56:17.187Z,1,2,false
2019-07-16T20:56:40.959Z,1,3,false
2019-07-16T20:57:00.623Z,1,4,false
2019-07-16T20:57:24.980Z,1,5,false
2019-07-16T20:57:51.766Z,1,6,false
2019-07-16T20:58:12.883Z,1,7,false
2019-07-16T20:58:34.429Z,1,8,false
2019-07-16T20:59:03.592Z,1,9,false
2019-07-16T21:00:19.335Z,1,1,false
2019-07-16T21:00:33.828Z,1,2,false
2019-07-16T21:01:01.913Z,1,3,false
2019-07-16T21:01:15.739Z,1,4,false
2019-07-16T21:01:47.997Z,1,5,false
2019-07-16T21:02:20.755Z,1,6,false
2019-07-16T21:03:07.959Z,1,7,false
2019-07-16T21:03:53.849Z,1,8,false
2019-07-16T21:04:40.250Z,1,9,false
2019-07-16T21:05:54.698Z,1,1,false
2019-07-16T21:06:08.804Z,1,2,false
2019-07-16T21:06:54.065Z,1,3,false
2019-07-16T21:07:40.436Z,1,4,false
2019-07-16T21:08:27.402Z,1,5,false
2019-07-16T21:09:13.287Z,1,6,false
2019-07-16T21:09:59.629Z,1,7,false
2019-07-16T21:10:45.359Z,1,8,false
2019-07-16T21:11:31.841Z,1,9,false
2019-07-16T21:12:46.490Z,1,1,false
2019-07-16T21:13:07.652Z,1,2,false
2019-07-16T21:13:30.890Z,1,3,false
2019-07-16T21:13:53.030Z,1,4,false
2019-07-16T21:14:14.652Z,1,5,false
2019-07-16T21:14:47.854Z,1,6,false
2019-07-16T21:15:34.251Z,1,7,false
2019-07-16T21:16:20.650Z,1,8,false
2019-07-16T21:17:04.889Z,1,9,false
2019-07-16T21:17:53.627Z,1,1,false
2019-07-16T21:18:39.457Z,1,2,false
2019-07-16T21:19:25.152Z,1,3,false
2019-07-16T21:20:11.701Z,1,4,false
2019-07-16T21:20:59.011Z,1,5,false
2019-07-16T21:21:45.289Z,1,6,false
2019-07-16T21:22:31.437Z,1,7,false
2019-07-16T21:23:17.858Z,1,8,false
2019-07-16T21:23:57.403Z,1,9,false
2019-07-16T21:24:48.215Z,1,1,false
2019-07-16T21:25:02.973Z,1,2,false
2019-07-16T21:25:21.165Z,1,3,false
2019-07-16T21:25:42.662Z,1,4,false
2019-07-16T21:26:18.909Z,1,5,false
2019-07-16T21:27:05.503Z,1,6,false
2019-07-16T21:27:51.710Z,1,7,false
2019-07-16T21:28:37.576Z,1,8,false
2019-07-16T21:29:24.433Z,1,9,false
2019-07-16T21:30:22.723Z,1,1,false
2019-07-16T21:30:40.107Z,1,2,false
2019-07-16T21:31:13.435Z,1,3,false
2019-07-16T21:31:56.713Z,1,4,false
2019-07-16T21:32:43.863Z,1,5,false
2019-07-16T21:33:30.167Z,1,6,false
2019-07-16T21:34:16.758Z,1,7,false
2019-07-16T21:35:02.833Z,1,8,false
2019-07-16T21:35:48.853Z,1,9,false
2019-07-16T21:37:03.498Z,1,1,false
2019-07-16T21:37:30.665Z,1,2,false
2019-07-16T21:38:15.775Z,1,3,false
2019-07-16T21:39:02.091Z,1,4,false
2019-07-16T21:39:49.362Z,1,5,false
2019-07-16T21:40:36.222Z,1,6,false
2019-07-16T21:41:22.635Z,1,7,false
2019-07-16T21:42:08.736Z,1,8,false
2019-07-16T21:42:53.556Z,1,9,false
2019-07-16T21:43:44.321Z,1,1,false
2019-07-16T21:44:04.790Z,1,2,false
2019-07-16T21:44:33.704Z,1,3,false
2019-07-16T21:44:52.456Z,1,4,false
2019-07-16T21:45:15.983Z,1,5,false
2019-07-16T21:45:51.428Z,1,6,false
2019-07-16T21:46:37.905Z,1,7,false
2019-07-16T21:47:21.319Z,1,8,false
2019-07-16T21:47:52.320Z,1,9,false
2019-07-16T21:49:08.913Z,1,1,false
2019-07-16T21:49:24.139Z,1,2,false
2019-07-16T21:49:46.237Z,1,3,false
2019-07-16T21:50:06.936Z,1,4,false
2019-07-16T21:50:31.681Z,1,5,false
2019-07-16T21:50:59.232Z,1,6,false
2019-07-16T21:51:19.195Z,1,7,false
2019-07-16T21:51:37.676Z,1,8,false
2019-07-16T21:52:17.262Z,1,9,false
2019-07-16T21:53:28.573Z,1,1,false
2019-07-16T21:53:43.618Z,1,2,false
2019-07-16T21:54:07.045Z,1,3,false
2019-07-16T21:54:27.479Z,1,4,false
2019-07-16T21:54:53.710Z,1,5,false
2019-07-16T21:55:19.298Z,1,6,false
2019-07-16T21:55:39.447Z,1,7,false
2019-07-16T21:56:03.175Z,1,8,false
2019-07-16T21:56:31.004Z,1,9,false
2019-07-16T21:57:46.819Z,1,1,false
2019-07-16T21:58:02.418Z,1,2,false
2019-07-16T21:58:32.945Z,1,3,false
2019-07-16T21:59:19.418Z,1,4,false
2019-07-16T22:00:06.423Z,1,5,false
2019-07-16T22:00:52.611Z,1,6,false
2019-07-16T22:01:39.382Z,1,7,false
2019-07-16T22:02:25.564Z,1,8,false
2019-07-16T22:03:11.928Z,1,9,false
2019-07-16T22:04:24.494Z,1,1,false
2019-07-16T22:04:52.587Z,1,2,false
2019-07-16T22:05:38.399Z,1,3,false
2019-07-16T22:06:25.146Z,1,4,false
2019-07-16T22:07:12.021Z,1,5,false
2019-07-16T22:07:58.184Z,1,6,false
2019-07-16T22:08:44.581Z,1,7,false
2019-07-16T22:09:30.531Z,1,8,false
2019-07-16T22:10:13.060Z,1,9,false
2019-07-16T22:11:00.979Z,1,1,false
2019-07-16T22:11:47.002Z,1,2,false
2019-07-16T22:12:32.432Z,1,3,false
2019-07-16T22:13:18.910Z,1,4,false
2019-07-16T22:14:05.874Z,1,5,false
2019-07-16T22:14:51.993Z,1,6,false
2019-07-16T22:15:38.567Z,1,7,false
2019-07-16T22:16:24.360Z,1,8,false
2019-07-16T22:17:06.091Z,1,9,false
2019-07-16T22:17:54.383Z,1,1,false
2019-07-16T22:18:09.558Z,1,2,false
2019-07-16T22:18:35.772Z,1,3,false
2019-07-16T22:18:50.806Z,1,4,false
2019-07-16T22:19:25.906Z,1,5,false
2019-07-16T22:20:11.936Z,1,6,false
2019-07-16T22:20:58.542Z,1,7,false
2019-07-16T22:21:44.501Z,1,8,false
2019-07-16T22:22:30.570Z,1,9,false
2019-07-16T22:23:45.788Z,1,1,false
2019-07-16T22:24:04.618Z,1,2,false
2019-07-16T22:24:48.922Z,1,3,false
2019-07-16T22:25:35.623Z,1,4,false
2019-07-16T22:26:23.036Z,1,5,false
2019-07-16T22:27:09.308Z,1,6,false
2019-07-16T22:27:55.503Z,1,7,false
2019-07-16T22:28:41.112Z,1,8,false
2019-07-16T22:29:27.486Z,1,9,false
2019-07-16T22:30:42.796Z,1,1,false
2019-07-16T22:31:16.139Z,1,2,false
2019-07-16T22:32:01.966Z,1,3,false
2019-07-16T22:32:48.607Z,1,4,false
2019-07-16T22:33:35.379Z,1,5,false
2019-07-16T22:34:21.627Z,1,6,false
2019-07-16T22:35:08.194Z,1,7,false
2019-07-16T22:35:54.524Z,1,8,false
2019-07-16T22:36:40.991Z,1,9,false
2019-07-16T22:37:55.673Z,1,1,false
2019-07-16T22:38:23.326Z,1,2,false
2019-07-16T22:39:08.270Z,1,3,false
2019-07-16T22:39:54.217Z,1,4,false
2019-07-16T22:40:41.327Z,1,5,false
2019-07-16T22:41:27.549Z,1,6,false
2019-07-16T22:42:14.123Z,1,7,false
2019-07-16T22:42:59.669Z,1,8,false
2019-07-16T22:43:43.839Z,1,9,false
2019-07-16T22:44:40.255Z,1,1,false
2019-07-16T22:44:58.924Z,1,2,false
2019-07-16T22:45:36.632Z,1,3,false
2019-07-16T22:46:19.337Z,1,4,false
2019-07-16T22:47:06.477Z,1,5,false
2019-07-16T22:47:52.608Z,1,6,false
2019-07-16T22:48:39.145Z,1,7,false
2019-07-16T22:49:23.311Z,1,8,false
2019-07-16T22:49:35.883Z,1,9,false
2019-07-16T22:50:35.061Z,1,1,false
2019-07-16T22:50:49.765Z,1,2,false
2019-07-16T22:51:09.802Z,1,3,false
2019-07-16T22:51:31.844Z,1,4,false
2019-07-16T22:51:59.984Z,1,5,false
2019-07-16T22:52:18.698Z,1,6,false
2019-07-16T22:52:45.022Z,1,7,false
2019-07-16T22:53:09.695Z,1,8,false
2019-07-16T22:53:25.521Z,1,9,false
2019-07-16T22:54:26.603Z,1,1,false
2019-07-16T22:54:39.431Z,1,2,false
2019-07-16T22:54:55.212Z,1,3,false
2019-07-16T22:55:09.987Z,1,4,false
2019-07-16T22:55:51.562Z,1,5,false
2019-07-16T22:56:38.056Z,1,6,false
2019-07-16T22:57:24.959Z,1,7,false
2019-07-16T22:58:10.506Z,1,8,false
2019-07-16T22:58:50.685Z,1,9,false
2019-07-16T22:59:35.293Z,1,1,false
2019-07-16T22:59:52.012Z,1,2,false
2019-07-16T23:00:21.247Z,1,3,false
2019-07-16T23:01:07.634Z,1,4,false
2019-07-16T23:01:54.671Z,1,5,false
2019-07-16T23:02:41.001Z,1,6,false
2019-07-16T23:03:27.568Z,1,7,false
2019-07-16T23:04:13.722Z,1,8,false
2019-07-16T23:04:58.510Z,1,9,false
2019-07-16T23:05:47.169Z,1,1,false
2019-07-16T23:06:01.834Z,1,2,false
2019-07-16T23:06:30.535Z,1,3,false
2019-07-16T23:07:17.342Z,1,4,false
2019-07-16T23:08:04.458Z,1,5,false
2019-07-16T23:08:50.874Z,1,6,false
2019-07-16T23:09:37.211Z,1,7,false
2019-07-16T23:10:23.152Z,1,8,false
2019-07-16T23:11:09.686Z,1,9,false
2019-07-16T23:12:16.513Z,1,1,false
2019-07-16T23:12:49.132Z,1,2,false
2019-07-16T23:13:34.880Z,1,3,false
2019-07-16T23:14:21.953Z,1,4,false
2019-07-16T23:15:08.724Z,1,5,false
2019-07-16T23:15:55.332Z,1,6,false
2019-07-16T23:16:42.070Z,1,7,false
2019-07-16T23:17:27.754Z,1,8,false
2019-07-16T23:18:12.475Z,1,9,false
2019-07-16T23:19:00.459Z,1,1,false
2019-07-16T23:19:46.157Z,1,2,false
2019-07-16T23:20:31.791Z,1,3,false
2019-07-16T23:21:18.610Z,1,4,false
2019-07-16T23:22:05.583Z,1,5,false
2019-07-16T23:22:51.619Z,1,6,false
2019-07-16T23:23:38.415Z,1,7,false
2019-07-16T23:24:24.364Z,1,8,false
2019-07-16T23:25:09.251Z,1,9,false
2019-07-16T23:25:57.447Z,1,1,false
2019-07-16T23:26:31.054Z,1,2,false
2019-07-16T23:27:11.655Z,1,3,false
2019-07-16T23:27:58.589Z,1,4,false
2019-07-16T23:28:45.771Z,1,5,false
2019-07-16T23:29:32.365Z,1,6,false
2019-07-16T23:30:18.692Z,1,7,false
2019-07-16T23:30:45.338Z,1,8,false
2019-07-16T23:30:58.806Z,1,9,false
2019-07-16T23:31:51.109Z,1,1,false
2019-07-16T23:32:31.740Z,1,2,false
2019-07-16T23:33:17.186Z,1,3,false
2019-07-16T23:34:03.746Z,1,4,false
2019-07-16T23:34:50.260Z,1,5,false
2019-07-16T23:35:36.556Z,1,6,false
2019-07-16T23:36:23.384Z,1,7,false
2019-07-16T23:37:05.254Z,1,8,false
2019-07-16T23:37:25.660Z,1,9,false
2019-07-16T23:38:28.753Z,1,1,false
2019-07-16T23:38:45.213Z,1,2,false
2019-07-16T23:39:11.496Z,1,3,false
2019-07-16T23:39:32.418Z,1,4,false
2019-07-16T23:40:00.041Z,1,5,false
2019-07-16T23:40:31.244Z,1,6,false
2019-07-16T23:41:17.464Z,1,7,false
2019-07-16T23:42:03.351Z,1,8,false
2019-07-16T23:42:48.045Z,1,9,false
2019-07-16T23:43:33.813Z,1,1,false
2019-07-16T23:43:51.405Z,1,2,false
2019-07-16T23:44:18.246Z,1,3,false
2019-07-16T23:45:04.672Z,1,4,false
2019-07-16T23:45:53.535Z,1,5,false
2019-07-16T23:46:39.583Z,1,6,false
2019-07-16T23:47:26.385Z,1,7,false
2019-07-16T23:48:13.224Z,1,8,false
2019-07-16T23:48:55.892Z,1,9,false
2019-07-16T23:49:39.324Z,1,1,false
2019-07-16T23:49:55.236Z,1,2,false
2019-07-16T23:50:15.312Z,1,3,false
2019-07-16T23:50:56.011Z,1,4,false
2019-07-16T23:51:41.129Z,1,5,false
2019-07-16T23:52:27.334Z,1,6,false
2019-07-16T23:53:14.294Z,1,7,false
2019-07-16T23:54:00.109Z,1,8,false
2019-07-16T23:54:46.746Z,1,9,false
2019-07-16T23:56:02.212Z,1,1,false
2019-07-16T23:56:22.905Z,1,2,false
2019-07-16T23:56:34.412Z,1,3,false
2019-07-16T23:57:07.088Z,1,4,false
2019-07-16T23:57:53.912Z,1,5,false
2019-07-16T23:58:40.497Z,1,6,false
2019-07-16T23:59:24.361Z,1,7,false
2019-07-17T00:00:08.365Z,1,8,false
2019-07-17T00:00:39.214Z,1,9,false
2019-07-17T00:01:57.384Z,1,1,false
2019-07-17T00:02:31.675Z,1,2,false
2019-07-17T00:03:09.401Z,1,3,false
2019-07-17T00:03:57.298Z,1,4,false
2019-07-17T00:04:45.262Z,1,5,false
2019-07-17T00:05:32.469Z,1,6,false
2019-07-17T00:06:20.531Z,1,7,false
2019-07-17T00:07:07.141Z,1,8,false
2019-07-17T00:07:53.247Z,1,9,false
2019-07-17T00:08:46.953Z,1,1,false
2019-07-17T00:09:02.371Z,1,2,false
2019-07-17T00:09:22.082Z,1,3,false
2019-07-17T00:09:41.495Z,1,4,false
2019-07-17T00:10:11.229Z,1,5,false
2019-07-17T00:10:32.392Z,1,6,false
2019-07-17T00:10:51.097Z,1,7,false
2019-07-17T00:11:26.281Z,1,8,false
2019-07-17T00:11:43.373Z,1,9,false
2019-07-17T00:12:28.743Z,1,1,false
2019-07-17T00:12:53.948Z,1,2,false
2019-07-17T00:13:40.733Z,1,3,false
2019-07-17T00:14:28.430Z,1,4,false
2019-07-17T00:15:16.825Z,1,5,false
2019-07-17T00:16:04.131Z,1,6,false
2019-07-17T00:16:51.421Z,1,7,false
2019-07-17T00:17:38.625Z,1,8,false
2019-07-17T00:18:26.234Z,1,9,false
2019-07-17T00:19:43.945Z,1,1,false
2019-07-17T00:20:30.801Z,1,2,false
2019-07-17T00:21:17.982Z,1,3,false
2019-07-17T00:22:05.256Z,1,4,false
2019-07-17T00:22:52.827Z,1,5,false
2019-07-17T00:23:40.623Z,1,6,false
2019-07-17T00:24:27.949Z,1,7,false
2019-07-17T00:25:15.241Z,1,8,false
2019-07-17T00:26:02.702Z,1,9,false
2019-07-17T00:27:19.261Z,1,1,false
2019-07-17T00:28:06.215Z,1,2,false
2019-07-17T00:28:52.812Z,1,3,false
2019-07-17T00:29:40.675Z,1,4,false
2019-07-17T00:30:28.669Z,1,5,false
2019-07-17T00:31:16.002Z,1,6,false
2019-07-17T00:32:03.773Z,1,7,false
2019-07-17T00:32:50.301Z,1,8,false
2019-07-17T00:33:38.161Z,1,9,false
2019-07-17T00:34:55.734Z,1,1,false
2019-07-17T00:35:42.843Z,1,2,false
2019-07-17T00:36:30.070Z,1,3,false
2019-07-17T00:37:17.790Z,1,4,false
2019-07-17T00:38:05.941Z,1,5,false
2019-07-17T00:38:53.292Z,1,6,false
2019-07-17T00:39:40.813Z,1,7,false
2019-07-17T00:40:28.308Z,1,8,false
2019-07-17T00:41:15.493Z,1,9,false
2019-07-17T00:42:33.258Z,1,1,false
2019-07-17T00:43:20.298Z,1,2,false
2019-07-17T00:44:07.490Z,1,3,false
2019-07-17T00:44:55.284Z,1,4,false
2019-07-17T00:45:43.119Z,1,5,false
2019-07-17T00:46:30.878Z,1,6,false
2019-07-17T00:47:18.259Z,1,7,false
2019-07-17T00:48:05.534Z,1,8,false
2019-07-17T00:48:52.800Z,1,9,false
2019-07-17T00:50:10.685Z,1,1,false
2019-07-17T00:50:57.842Z,1,2,false
2019-07-17T00:51:44.497Z,1,3,false
2019-07-17T00:52:32.644Z,1,4,false
2019-07-17T00:53:20.668Z,1,5,false
2019-07-17T00:54:08.337Z,1,6,false
2019-07-17T00:54:55.252Z,1,7,false
2019-07-17T00:55:42.523Z,1,8,false
2019-07-17T00:56:30.092Z,1,9,false
2019-07-17T00:57:47.523Z,1,1,false
2019-07-17T00:58:34.575Z,1,2,false
2019-07-17T00:59:21.320Z,1,3,false
2019-07-17T01:00:09.362Z,1,4,false
2019-07-17T01:00:57.198Z,1,5,false
2019-07-17T01:01:44.683Z,1,6,false
2019-07-17T01:02:32.186Z,1,7,false
2019-07-17T01:03:19.945Z,1,8,false
2019-07-17T01:04:07.725Z,1,9,false
2019-07-17T01:05:24.940Z,1,1,false
2019-07-17T01:06:11.818Z,1,2,false
2019-07-17T01:06:58.891Z,1,3,false
2019-07-17T01:07:46.618Z,1,4,false
2019-07-17T01:08:36.965Z,1,5,false
2019-07-17T01:09:28.198Z,1,6,false
2019-07-17T01:10:19.007Z,1,7,false
2019-07-17T01:11:06.448Z,1,8,false
2019-07-17T01:11:54.160Z,1,9,false
2019-07-17T01:13:11.592Z,1,1,false
2019-07-17T01:13:59.097Z,1,2,false
2019-07-17T01:14:46.055Z,1,3,false
2019-07-17T01:15:34.517Z,1,4,false
2019-07-17T01:16:23.335Z,1,5,false
2019-07-17T01:17:11.049Z,1,6,false
2019-07-17T01:17:58.509Z,1,7,false
2019-07-17T01:18:45.668Z,1,8,false
2019-07-17T01:19:33.615Z,1,9,false
2019-07-17T01:20:51.501Z,1,1,false
2019-07-17T01:21:39.034Z,1,2,false
2019-07-17T01:22:26.607Z,1,3,false
2019-07-17T01:23:14.558Z,1,4,false
2019-07-17T01:24:02.673Z,1,5,false
2019-07-17T01:24:50.200Z,1,6,false
2019-07-17T01:25:38.175Z,1,7,false
2019-07-17T01:26:25.923Z,1,8,false
2019-07-17T01:27:13.176Z,1,9,false
2019-07-17T01:28:30.729Z,1,1,false
2019-07-17T01:29:18.026Z,1,2,false
2019-07-17T01:30:05.491Z,1,3,false
2019-07-17T01:30:52.905Z,1,4,false
2019-07-17T01:31:43.490Z,1,5,false
2019-07-17T01:32:30.950Z,1,6,false
2019-07-17T01:33:18.865Z,1,7,false
2019-07-17T01:34:06.586Z,1,8,false
2019-07-17T01:34:53.970Z,1,9,false
2019-07-17T01:36:11.093Z,1,1,false
2019-07-17T01:36:57.750Z,1,2,false
2019-07-17T01:37:44.936Z,1,3,false
2019-07-17T01:38:32.975Z,1,4,false
2019-07-17T01:39:20.908Z,1,5,false
2019-07-17T01:40:08.701Z,1,6,false
2019-07-17T01:40:56.286Z,1,7,false
2019-07-17T01:41:42.891Z,1,8,false
2019-07-17T01:42:30.396Z,1,9,false
2019-07-17T01:43:47.702Z,1,1,false
2019-07-17T01:44:34.922Z,1,2,false
2019-07-17T01:45:22.116Z,1,3,false
2019-07-17T01:46:10.022Z,1,4,false
2019-07-17T01:46:57.950Z,1,5,false
2019-07-17T01:47:45.637Z,1,6,false
2019-07-17T01:48:33.234Z,1,7,false
2019-07-17T01:49:20.746Z,1,8,false
2019-07-17T01:50:08.569Z,1,9,false
2019-07-17T01:51:25.927Z,1,1,false
2019-07-17T01:52:13.277Z,1,2,false
2019-07-17T01:53:00.220Z,1,3,false
2019-07-17T01:53:48.066Z,1,4,false
2019-07-17T01:54:36.467Z,1,5,false
2019-07-17T01:55:24.079Z,1,6,false
2019-07-17T01:56:11.606Z,1,7,false
2019-07-17T01:56:59.146Z,1,8,false
2019-07-17T01:57:46.448Z,1,9,false
2019-07-17T01:59:03.707Z,1,1,false
2019-07-17T01:59:50.829Z,1,2,false
2019-07-17T02:00:37.991Z,1,3,false
2019-07-17T02:01:26.389Z,1,4,false
2019-07-17T02:02:14.379Z,1,5,false
2019-07-17T02:03:01.722Z,1,6,false
2019-07-17T02:03:49.299Z,1,7,false
2019-07-17T02:04:36.503Z,1,8,false
2019-07-17T02:05:24.486Z,1,9,false
2019-07-17T02:06:41.944Z,1,1,false
2019-07-17T02:07:29.270Z,1,2,false
2019-07-17T02:08:16.195Z,1,3,false
2019-07-17T02:09:04.328Z,1,4,false
2019-07-17T02:09:52.360Z,1,5,false
2019-07-17T02:10:39.404Z,1,6,false
2019-07-17T02:11:27.291Z,1,7,false
2019-07-17T02:12:14.282Z,1,8,false
2019-07-17T02:13:01.788Z,1,9,false
2019-07-17T02:14:19.317Z,1,1,false
2019-07-17T02:15:06.190Z,1,2,false
2019-07-17T02:15:53.019Z,1,3,false
2019-07-17T02:16:40.808Z,1,4,false
2019-07-17T02:17:28.601Z,1,5,false
2019-07-17T02:18:16.091Z,1,6,false
2019-07-17T02:19:04.032Z,1,7,false
2019-07-17T02:19:51.384Z,1,8,false
2019-07-17T02:20:38.773Z,1,9,false
2019-07-17T02:21:56.354Z,1,1,false
2019-07-17T02:22:43.842Z,1,2,false
2019-07-17T02:23:31.180Z,1,3,false
2019-07-17T02:24:18.971Z,1,4,false
2019-07-17T02:25:06.999Z,1,5,false
2019-07-17T02:25:54.288Z,1,6,false
2019-07-17T02:26:41.432Z,1,7,false
2019-07-17T02:27:29.020Z,1,8,false
2019-07-17T02:28:16.438Z,1,9,false
2019-07-17T02:29:33.957Z,1,1,false
2019-07-17T02:30:21.227Z,1,2,false
2019-07-17T02:31:08.494Z,1,3,false
2019-07-17T02:31:56.214Z,1,4,false
2019-07-17T02:32:44.348Z,1,5,false
2019-07-17T02:33:32.776Z,1,6,false
2019-07-17T02:34:20.626Z,1,7,false
2019-07-17T02:35:08.219Z,1,8,false
2019-07-17T02:35:55.805Z,1,9,false
2019-07-17T02:37:13.405Z,1,1,false
2019-07-17T02:38:00.811Z,1,2,false
2019-07-17T02:38:47.547Z,1,3,false
2019-07-17T02:39:35.580Z,1,4,false
2019-07-17T02:40:24.282Z,1,5,false
2019-07-17T02:41:11.731Z,1,6,false
2019-07-17T02:41:59.077Z,1,7,false
2019-07-17T02:42:46.266Z,1,8,false
2019-07-17T02:43:33.773Z,1,9,false
2019-07-17T02:44:51.628Z,1,1,false
2019-07-17T02:45:38.844Z,1,2,false
2019-07-17T02:46:26.197Z,1,3,false
2019-07-17T02:47:14.315Z,1,4,false
2019-07-17T02:48:02.049Z,1,5,false
2019-07-17T02:48:49.148Z,1,6,false
2019-07-17T02:49:36.633Z,1,7,false
2019-07-17T02:50:24.195Z,1,8,false
2019-07-17T02:51:11.929Z,1,9,false
2019-07-17T02:52:29.681Z,1,1,false
2019-07-17T02:53:16.805Z,1,2,false
2019-07-17T02:54:04.478Z,1,3,false
2019-07-17T02:54:52.241Z,1,4,false
2019-07-17T02:55:40.325Z,1,5,false
2019-07-17T02:56:28.127Z,1,6,false
2019-07-17T02:57:15.851Z,1,7,false
2019-07-17T02:58:03.487Z,1,8,false
2019-07-17T02:58:51.100Z,1,9,false
2019-07-17T03:00:08.565Z,1,1,false
2019-07-17T03:00:55.694Z,1,2,false
2019-07-17T03:01:42.331Z,1,3,false
2019-07-17T03:02:30.380Z,1,4,false
2019-07-17T03:03:18.026Z,1,5,false
2019-07-17T03:04:05.958Z,1,6,false
2019-07-17T03:04:53.425Z,1,7,false
2019-07-17T03:05:40.539Z,1,8,false
2019-07-17T03:06:28.507Z,1,9,false
2019-07-17T03:07:45.923Z,1,1,false
2019-07-17T03:08:33.435Z,1,2,false
2019-07-17T03:09:20.371Z,1,3,false
2019-07-17T03:10:07.785Z,1,4,false
2019-07-17T03:10:55.693Z,1,5,false
2019-07-17T03:11:42.975Z,1,6,false
2019-07-17T03:12:30.923Z,1,7,false
2019-07-17T03:13:17.998Z,1,8,false
2019-07-17T03:14:05.683Z,1,9,false
2019-07-17T03:15:23.325Z,1,1,false
2019-07-17T03:16:10.353Z,1,2,false
2019-07-17T03:16:57.336Z,1,3,false
2019-07-17T03:17:45.587Z,1,4,false
2019-07-17T03:18:33.666Z,1,5,false
2019-07-17T03:19:21.102Z,1,6,false
2019-07-17T03:20:08.621Z,1,7,false
2019-07-17T03:20:55.925Z,1,8,false
2019-07-17T03:21:43.710Z,1,9,false
2019-07-17T03:23:01.371Z,1,1,false
2019-07-17T03:23:48.707Z,1,2,false
2019-07-17T03:24:35.513Z,1,3,false
2019-07-17T03:25:23.739Z,1,4,false
2019-07-17T03:26:11.759Z,1,5,false
2019-07-17T03:26:59.231Z,1,6,false
2019-07-17T03:27:46.732Z,1,7,false
2019-07-17T03:28:34.072Z,1,8,false
2019-07-17T03:29:22.021Z,1,9,false
2019-07-17T03:30:39.257Z,1,1,false
2019-07-17T03:31:26.366Z,1,2,false
2019-07-17T03:32:13.306Z,1,3,false
2019-07-17T03:33:01.154Z,1,4,false
2019-07-17T03:33:48.844Z,1,5,false
2019-07-17T03:34:36.782Z,1,6,false
2019-07-17T03:35:24.557Z,1,7,false
2019-07-17T03:36:12.002Z,1,8,false
2019-07-17T03:36:59.443Z,1,9,false
2019-07-17T03:38:16.693Z,1,1,false
2019-07-17T03:39:03.819Z,1,2,false
2019-07-17T03:39:50.378Z,1,3,false
2019-07-17T03:40:38.378Z,1,4,false
2019-07-17T03:41:26.707Z,1,5,false
2019-07-17T03:42:14.577Z,1,6,false
2019-07-17T03:43:01.790Z,1,7,false
2019-07-17T03:43:48.403Z,1,8,false
2019-07-17T03:44:35.996Z,1,9,false
2019-07-17T03:45:53.294Z,1,1,false
2019-07-17T03:46:40.532Z,1,2,false
2019-07-17T03:47:27.526Z,1,3,false
2019-07-17T03:48:15.074Z,1,4,false
2019-07-17T03:49:02.863Z,1,5,false
2019-07-17T03:49:50.312Z,1,6,false
2019-07-17T03:50:38.230Z,1,7,false
2019-07-17T03:51:26.049Z,1,8,false
2019-07-17T03:52:16.097Z,1,9,false
2019-07-17T03:53:34.700Z,1,1,false
2019-07-17T03:54:21.619Z,1,2,false
2019-07-17T03:55:08.898Z,1,3,false
2019-07-17T03:55:56.644Z,1,4,false
2019-07-17T03:56:44.570Z,1,5,false
2019-07-17T03:57:32.446Z,1,6,false
2019-07-17T03:58:19.905Z,1,7,false
2019-07-17T03:59:07.107Z,1,8,false
2019-07-17T03:59:54.706Z,1,9,false
2019-07-17T04:01:11.820Z,1,1,false
2019-07-17T04:01:58.968Z,1,2,false
2019-07-17T04:02:45.581Z,1,3,false
2019-07-17T04:03:33.660Z,1,4,false
2019-07-17T04:04:21.466Z,1,5,false
2019-07-17T04:05:09.238Z,1,6,false
2019-07-17T04:05:56.807Z,1,7,false
2019-07-17T04:06:44.175Z,1,8,false
2019-07-17T04:07:31.786Z,1,9,false
2019-07-17T04:08:49.405Z,1,1,false
2019-07-17T04:09:36.651Z,1,2,false
2019-07-17T04:10:24.018Z,1,3,false
2019-07-17T04:11:11.688Z,1,4,false
2019-07-17T04:12:00.053Z,1,5,false
2019-07-17T04:12:47.495Z,1,6,false
2019-07-17T04:13:35.361Z,1,7,false
2019-07-17T04:14:22.899Z,1,8,false
2019-07-17T04:15:10.261Z,1,9,false
2019-07-17T04:16:27.557Z,1,1,false
2019-07-17T04:17:14.343Z,1,2,false
2019-07-17T04:18:01.096Z,1,3,false
2019-07-17T04:18:49.344Z,1,4,false
2019-07-17T04:19:37.450Z,1,5,false
2019-07-17T04:20:24.798Z,1,6,false
2019-07-17T04:21:12.452Z,1,7,false
2019-07-17T04:21:59.770Z,1,8,false
2019-07-17T04:22:47.283Z,1,9,false
2019-07-17T04:24:04.730Z,1,1,false
2019-07-17T04:24:51.678Z,1,2,false
2019-07-17T04:25:38.796Z,1,3,false
2019-07-17T04:26:26.489Z,1,4,false
2019-07-17T04:27:14.401Z,1,5,false
2019-07-17T04:28:01.888Z,1,6,false
2019-07-17T04:28:49.355Z,1,7,false
2019-07-17T04:29:36.273Z,1,8,false
2019-07-17T04:30:23.990Z,1,9,false
2019-07-17T04:31:41.901Z,1,1,false
2019-07-17T04:32:28.549Z,1,2,false
2019-07-17T04:33:16.043Z,1,3,false
2019-07-17T04:34:04.894Z,1,4,false
2019-07-17T04:34:52.206Z,1,5,false
2019-07-17T04:35:39.527Z,1,6,false
2019-07-17T04:36:27.192Z,1,7,false
2019-07-17T04:37:14.102Z,1,8,false
2019-07-17T04:38:01.593Z,1,9,false
2019-07-17T04:39:18.998Z,1,1,false
2019-07-17T04:40:06.282Z,1,2,false
2019-07-17T04:40:52.920Z,1,3,false
2019-07-17T04:41:40.948Z,1,4,false
2019-07-17T04:42:29.077Z,1,5,false
2019-07-17T04:43:16.521Z,1,6,false
2019-07-17T04:44:04.372Z,1,7,false
2019-07-17T04:44:50.891Z,1,8,false
2019-07-17T04:45:38.778Z,1,9,false
2019-07-17T04:46:56.660Z,1,1,false
2019-07-17T04:47:43.628Z,1,2,false
2019-07-17T04:48:30.924Z,1,3,false
2019-07-17T04:49:18.610Z,1,4,false
2019-07-17T04:50:07.673Z,1,5,false
2019-07-17T04:50:55.272Z,1,6,false
2019-07-17T04:51:43.220Z,1,7,false
2019-07-17T04:52:30.519Z,1,8,false
2019-07-17T04:53:18.575Z,1,9,false
2019-07-17T04:54:40.819Z,1,1,false
2019-07-17T04:55:28.252Z,1,2,false
2019-07-17T04:56:15.272Z,1,3,false
2019-07-17T04:57:03.196Z,1,4,false
2019-07-17T04:57:51.747Z,1,5,false
2019-07-17T04:58:39.810Z,1,6,false
2019-07-17T04:59:28.250Z,1,7,false
2019-07-17T05:00:16.672Z,1,8,false
2019-07-17T05:01:04.599Z,1,9,false
2019-07-17T05:02:22.253Z,1,1,false
2019-07-17T05:03:09.360Z,1,2,false
2019-07-17T05:03:56.227Z,1,3,false
2019-07-17T05:04:44.938Z,1,4,false
2019-07-17T05:05:33.366Z,1,5,false
2019-07-17T05:06:21.101Z,1,6,false
2019-07-17T05:07:08.409Z,1,7,false
2019-07-17T05:07:55.810Z,1,8,false
2019-07-17T05:08:43.907Z,1,9,false
2019-07-17T05:10:01.385Z,1,1,false
2019-07-17T05:10:48.963Z,1,2,false
2019-07-17T05:11:35.925Z,1,3,false
2019-07-17T05:12:24.216Z,1,4,false
2019-07-17T05:13:12.399Z,1,5,false
2019-07-17T05:13:59.945Z,1,6,false
2019-07-17T05:14:47.710Z,1,7,false
2019-07-17T05:15:34.742Z,1,8,false
2019-07-17T05:16:22.489Z,1,9,false
2019-07-17T05:17:39.776Z,1,1,false
2019-07-17T05:18:26.567Z,1,2,false
2019-07-17T05:19:13.978Z,1,3,false
2019-07-17T05:20:01.864Z,1,4,false
2019-07-17T05:20:49.888Z,1,5,false
2019-07-17T05:21:37.456Z,1,6,false
2019-07-17T05:22:25.334Z,1,7,false
2019-07-17T05:23:12.523Z,1,8,false
2019-07-17T05:24:00.181Z,1,9,false
2019-07-17T05:25:17.380Z,1,1,false
2019-07-17T05:26:04.455Z,1,2,false
2019-07-17T05:26:51.495Z,1,3,false
2019-07-17T05:27:39.672Z,1,4,false
2019-07-17T05:28:27.977Z,1,5,false
2019-07-17T05:29:15.828Z,1,6,false
2019-07-17T05:30:03.836Z,1,7,false
2019-07-17T05:30:50.779Z,1,8,false
2019-07-17T05:31:38.800Z,1,9,false
2019-07-17T05:32:56.351Z,1,1,false
2019-07-17T05:33:43.349Z,1,2,false
2019-07-17T05:34:30.420Z,1,3,false
2019-07-17T05:35:18.218Z,1,4,false
2019-07-17T05:36:05.928Z,1,5,false
2019-07-17T05:36:53.478Z,1,6,false
2019-07-17T05:37:40.889Z,1,7,false
2019-07-17T05:38:28.146Z,1,8,false
2019-07-17T05:39:15.934Z,1,9,false
2019-07-17T05:40:33.382Z,1,1,false
2019-07-17T05:41:20.525Z,1,2,false
2019-07-17T05:42:07.283Z,1,3,false
2019-07-17T05:42:54.747Z,1,4,false
2019-07-17T05:43:42.779Z,1,5,false
2019-07-17T05:44:30.969Z,1,6,false
2019-07-17T05:45:18.648Z,1,7,false
2019-07-17T05:46:05.920Z,1,8,false
2019-07-17T05:46:53.229Z,1,9,false
2019-07-17T05:48:12.567Z,1,1,false
2019-07-17T05:48:59.963Z,1,2,false
2019-07-17T05:49:46.818Z,1,3,false
2019-07-17T05:50:34.486Z,1,4,false
2019-07-17T05:51:22.960Z,1,5,false
2019-07-17T05:52:10.114Z,1,6,false
2019-07-17T05:52:57.659Z,1,7,false
2019-07-17T05:53:45.095Z,1,8,false
2019-07-17T05:54:32.713Z,1,9,false
2019-07-17T05:55:50.755Z,1,1,false
2019-07-17T05:56:38.011Z,1,2,false
2019-07-17T05:57:25.022Z,1,3,false
2019-07-17T05:58:12.153Z,1,4,false
2019-07-17T05:59:00.298Z,1,5,false
2019-07-17T05:59:47.639Z,1,6,false
2019-07-17T06:00:35.398Z,1,7,false
2019-07-17T06:01:23.116Z,1,8,false
2019-07-17T06:02:10.574Z,1,9,false
2019-07-17T06:03:27.507Z,1,1,false
2019-07-17T06:04:14.416Z,1,2,false
2019-07-17T06:05:01.505Z,1,3,false
2019-07-17T06:05:49.154Z,1,4,false
2019-07-17T06:06:37.503Z,1,5,false
2019-07-17T06:07:25.659Z,1,6,false
2019-07-17T06:08:13.270Z,1,7,false
2019-07-17T06:09:01.713Z,1,8,false
2019-07-17T06:09:49.186Z,1,9,false
2019-07-17T06:11:06.345Z,1,1,false
2019-07-17T06:11:53.317Z,1,2,false
2019-07-17T06:12:40.606Z,1,3,false
2019-07-17T06:13:28.255Z,1,4,false
2019-07-17T06:14:16.204Z,1,5,false
2019-07-17T06:15:05.654Z,1,6,false
2019-07-17T06:15:53.586Z,1,7,false
2019-07-17T06:16:41.004Z,1,8,false
2019-07-17T06:17:29.121Z,1,9,false
2019-07-17T06:18:46.562Z,1,1,false
2019-07-17T06:19:33.759Z,1,2,false
2019-07-17T06:20:21.339Z,1,3,false
2019-07-17T06:21:09.178Z,1,4,false
2019-07-17T06:21:56.680Z,1,5,false
2019-07-17T06:22:43.972Z,1,6,false
2019-07-17T06:23:31.956Z,1,7,false
2019-07-17T06:24:18.988Z,1,8,false
2019-07-17T06:25:06.947Z,1,9,false
2019-07-17T06:26:24.576Z,1,1,false
2019-07-17T06:27:11.896Z,1,2,false
2019-07-17T06:27:58.763Z,1,3,false
2019-07-17T06:28:46.575Z,1,4,false
2019-07-17T06:29:34.783Z,1,5,false
2019-07-17T06:30:22.498Z,1,6,false
2019-07-17T06:31:10.173Z,1,7,false
2019-07-17T06:31:57.409Z,1,8,false
2019-07-17T06:32:45.199Z,1,9,false
2019-07-17T06:34:02.822Z,1,1,false
2019-07-17T06:34:50.232Z,1,2,false
2019-07-17T06:35:37.059Z,1,3,false
2019-07-17T06:36:25.432Z,1,4,false
2019-07-17T06:37:13.310Z,1,5,false
2019-07-17T06:38:00.776Z,1,6,false
2019-07-17T06:38:48.682Z,1,7,false
2019-07-17T06:39:35.456Z,1,8,false
2019-07-17T06:40:23.854Z,1,9,false
2019-07-17T06:41:44.217Z,1,1,false
2019-07-17T06:42:32.211Z,1,2,false
2019-07-17T06:43:19.637Z,1,3,false
2019-07-17T06:44:07.481Z,1,4,false
2019-07-17T06:44:55.948Z,1,5,false
2019-07-17T06:45:43.744Z,1,6,false
2019-07-17T06:46:31.471Z,1,7,false
2019-07-17T06:47:19.504Z,1,8,false
2019-07-17T06:48:07.289Z,1,9,false
2019-07-17T06:49:24.741Z,1,1,false
2019-07-17T06:50:11.829Z,1,2,false
2019-07-17T06:50:58.529Z,1,3,false
2019-07-17T06:51:46.388Z,1,4,false
2019-07-17T06:52:35.586Z,1,5,false
2019-07-17T06:53:23.172Z,1,6,false
2019-07-17T06:54:10.902Z,1,7,false
2019-07-17T06:54:57.752Z,1,8,false
2019-07-17T06:55:45.495Z,1,9,false
2019-07-17T06:57:02.991Z,1,1,false
2019-07-17T06:57:50.011Z,1,2,false
2019-07-17T06:58:36.882Z,1,3,false
2019-07-17T06:59:25.687Z,1,4,false
2019-07-17T07:00:13.876Z,1,5,false
2019-07-17T07:01:01.754Z,1,6,false
2019-07-17T07:01:49.569Z,1,7,false
2019-07-17T07:02:36.645Z,1,8,false
2019-07-17T07:03:24.242Z,1,9,false
2019-07-17T07:04:41.771Z,1,1,false
2019-07-17T07:05:28.899Z,1,2,false
2019-07-17T07:06:16.353Z,1,3,false
2019-07-17T07:07:04.448Z,1,4,false
2019-07-17T07:07:52.519Z,1,5,false
2019-07-17T07:08:40.019Z,1,6,false
2019-07-17T07:09:28.024Z,1,7,false
2019-07-17T07:10:15.347Z,1,8,false
2019-07-17T07:11:02.810Z,1,9,false
2019-07-17T07:12:20.157Z,1,1,false
2019-07-17T07:13:07.099Z,1,2,false
2019-07-17T07:13:53.814Z,1,3,false
2019-07-17T07:14:41.635Z,1,4,false
2019-07-17T07:15:30.126Z,1,5,false
2019-07-17T07:16:17.985Z,1,6,false
2019-07-17T07:17:05.517Z,1,7,false
2019-07-17T07:17:52.884Z,1,8,false
2019-07-17T07:18:40.734Z,1,9,false
2019-07-17T07:19:59.939Z,1,1,false
2019-07-17T07:20:47.236Z,1,2,false
2019-07-17T07:21:34.260Z,1,3,false
2019-07-17T07:22:22.161Z,1,4,false
2019-07-17T07:23:10.447Z,1,5,false
2019-07-17T07:23:58.167Z,1,6,false
2019-07-17T07:24:45.958Z,1,7,false
2019-07-17T07:25:33.420Z,1,8,false
2019-07-17T07:26:21.135Z,1,9,false
2019-07-17T07:27:39.160Z,1,1,false
2019-07-17T07:28:26.412Z,1,2,false
2019-07-17T07:29:13.656Z,1,3,false
2019-07-17T07:30:01.834Z,1,4,false
2019-07-17T07:30:49.798Z,1,5,false
2019-07-17T07:31:38.071Z,1,6,false
2019-07-17T07:32:25.573Z,1,7,false
2019-07-17T07:33:12.874Z,1,8,false
2019-07-17T07:34:00.664Z,1,9,false
2019-07-17T07:35:18.187Z,1,1,false
2019-07-17T07:36:05.479Z,1,2,false
2019-07-17T07:36:52.745Z,1,3,false
2019-07-17T07:37:41.323Z,1,4,false
2019-07-17T07:38:31.652Z,1,5,false
2019-07-17T07:39:19.387Z,1,6,false
2019-07-17T07:40:07.371Z,1,7,false
2019-07-17T07:40:54.727Z,1,8,false
2019-07-17T07:41:43.083Z,1,9,false
2019-07-17T07:43:00.628Z,1,1,false
2019-07-17T07:43:47.947Z,1,2,false
2019-07-17T07:44:34.882Z,1,3,false
2019-07-17T07:45:23.006Z,1,4,false
2019-07-17T07:46:10.744Z,1,5,false
2019-07-17T07:46:58.124Z,1,6,false
2019-07-17T07:47:46.256Z,1,7,false
2019-07-17T07:48:33.619Z,1,8,false
2019-07-17T07:49:21.774Z,1,9,false
2019-07-17T07:50:39.416Z,1,1,false
2019-07-17T07:51:26.573Z,1,2,false
2019-07-17T07:52:13.794Z,1,3,false
2019-07-17T07:53:01.512Z,1,4,false
2019-07-17T07:53:48.935Z,1,5,false
2019-07-17T07:54:37.312Z,1,6,false
2019-07-17T07:55:25.317Z,1,7,false
2019-07-17T07:56:13.256Z,1,8,false
2019-07-17T07:57:01.511Z,1,9,false
2019-07-17T07:58:21.510Z,1,1,false
2019-07-17T07:59:08.939Z,1,2,false
2019-07-17T07:59:56.016Z,1,3,false
2019-07-17T08:00:44.144Z,1,4,false
2019-07-17T08:01:32.746Z,1,5,false
2019-07-17T08:02:20.604Z,1,6,false
2019-07-17T08:03:08.587Z,1,7,false
2019-07-17T08:03:56.075Z,1,8,false
2019-07-17T08:04:43.928Z,1,9,false
2019-07-17T08:06:01.523Z,1,1,false
2019-07-17T08:06:48.603Z,1,2,false
2019-07-17T08:07:35.544Z,1,3,false
2019-07-17T08:08:23.242Z,1,4,false
2019-07-17T08:09:11.712Z,1,5,false
2019-07-17T08:09:59.088Z,1,6,false
2019-07-17T08:10:46.672Z,1,7,false
2019-07-17T08:11:34.092Z,1,8,false
2019-07-17T08:12:21.128Z,1,9,false
2019-07-17T08:13:39.066Z,1,1,false
2019-07-17T08:14:26.457Z,1,2,false
2019-07-17T08:15:13.910Z,1,3,false
2019-07-17T08:16:01.883Z,1,4,false
2019-07-17T08:16:50.142Z,1,5,false
2019-07-17T08:17:37.750Z,1,6,false
2019-07-17T08:18:25.632Z,1,7,false
2019-07-17T08:19:13.106Z,1,8,false
2019-07-17T08:20:00.774Z,1,9,false
2019-07-17T08:21:18.316Z,1,1,false
2019-07-17T08:22:05.802Z,1,2,false
2019-07-17T08:22:52.569Z,1,3,false
2019-07-17T08:23:40.403Z,1,4,false
2019-07-17T08:24:28.367Z,1,5,false
2019-07-17T08:25:15.825Z,1,6,false
2019-07-17T08:26:03.366Z,1,7,false
2019-07-17T08:26:50.813Z,1,8,false
2019-07-17T08:27:38.562Z,1,9,false
2019-07-17T08:28:56.099Z,1,1,false
2019-07-17T08:29:43.444Z,1,2,false
2019-07-17T08:30:30.520Z,1,3,false
2019-07-17T08:31:18.657Z,1,4,false
2019-07-17T08:32:06.462Z,1,5,false
2019-07-17T08:32:53.851Z,1,6,false
2019-07-17T08:33:41.784Z,1,7,false
2019-07-17T08:34:29.246Z,1,8,false
2019-07-17T08:35:16.965Z,1,9,false
2019-07-17T08:36:35.093Z,1,1,false
2019-07-17T08:37:22.418Z,1,2,false
2019-07-17T08:38:09.500Z,1,3,false
2019-07-17T08:38:57.273Z,1,4,false
2019-07-17T08:39:44.969Z,1,5,false
2019-07-17T08:40:32.885Z,1,6,false
2019-07-17T08:41:20.558Z,1,7,false
2019-07-17T08:42:07.787Z,1,8,false
2019-07-17T08:42:55.187Z,1,9,false
2019-07-17T08:44:12.845Z,1,1,false
2019-07-17T08:44:59.863Z,1,2,false
2019-07-17T08:45:47.004Z,1,3,false
2019-07-17T08:46:35.215Z,1,4,false
2019-07-17T08:47:23.278Z,1,5,false
2019-07-17T08:48:11.129Z,1,6,false
2019-07-17T08:48:59.152Z,1,7,false
2019-07-17T08:49:46.420Z,1,8,false
2019-07-17T08:50:34.051Z,1,9,false
2019-07-17T08:51:51.504Z,1,1,false
2019-07-17T08:52:38.985Z,1,2,false
2019-07-17T08:53:26.411Z,1,3,false
2019-07-17T08:54:14.402Z,1,4,false
2019-07-17T08:55:02.618Z,1,5,false
2019-07-17T08:55:50.227Z,1,6,false
2019-07-17T08:56:38.317Z,1,7,false
2019-07-17T08:57:26.037Z,1,8,false
2019-07-17T08:58:13.906Z,1,9,false
2019-07-17T08:59:31.307Z,1,1,false
2019-07-17T09:00:17.895Z,1,2,false
2019-07-17T09:01:05.032Z,1,3,false
2019-07-17T09:01:53.147Z,1,4,false
2019-07-17T09:02:41.346Z,1,5,false
2019-07-17T09:03:29.279Z,1,6,false
2019-07-17T09:04:17.109Z,1,7,false
2019-07-17T09:05:04.317Z,1,8,false
2019-07-17T09:05:51.704Z,1,9,false
2019-07-17T09:07:09.269Z,1,1,false
2019-07-17T09:07:56.497Z,1,2,false
2019-07-17T09:08:43.287Z,1,3,false
2019-07-17T09:09:31.500Z,1,4,false
2019-07-17T09:10:20.395Z,1,5,false
2019-07-17T09:11:09.896Z,1,6,false
2019-07-17T09:11:57.612Z,1,7,false
2019-07-17T09:12:44.750Z,1,8,false
2019-07-17T09:13:32.797Z,1,9,false
2019-07-17T09:14:50.329Z,1,1,false
2019-07-17T09:15:37.663Z,1,2,false
2019-07-17T09:16:24.832Z,1,3,false
2019-07-17T09:17:12.586Z,1,4,false
2019-07-17T09:18:00.320Z,1,5,false
2019-07-17T09:18:47.640Z,1,6,false
2019-07-17T09:19:35.174Z,1,7,false
2019-07-17T09:20:22.987Z,1,8,false
2019-07-17T09:21:10.906Z,1,9,false
2019-07-17T09:22:28.389Z,1,1,false
2019-07-17T09:23:15.449Z,1,2,false
2019-07-17T09:24:02.396Z,1,3,false
2019-07-17T09:24:49.903Z,1,4,false
2019-07-17T09:25:38.062Z,1,5,false
2019-07-17T09:26:25.767Z,1,6,false
2019-07-17T09:27:13.938Z,1,7,false
2019-07-17T09:28:01.909Z,1,8,false
2019-07-17T09:28:49.609Z,1,9,false
2019-07-17T09:30:07.197Z,1,1,false
2019-07-17T09:30:54.518Z,1,2,false
2019-07-17T09:31:41.910Z,1,3,false
2019-07-17T09:32:29.542Z,1,4,false
2019-07-17T09:33:17.838Z,1,5,false
2019-07-17T09:34:05.409Z,1,6,false
2019-07-17T09:34:52.917Z,1,7,false
2019-07-17T09:35:40.252Z,1,8,false
2019-07-17T09:36:27.981Z,1,9,false
2019-07-17T09:37:45.581Z,1,1,false
2019-07-17T09:38:32.760Z,1,2,false
2019-07-17T09:39:20.211Z,1,3,false
2019-07-17T09:40:08.453Z,1,4,false
2019-07-17T09:40:56.614Z,1,5,false
2019-07-17T09:41:44.225Z,1,6,false
2019-07-17T09:42:31.778Z,1,7,false
2019-07-17T09:43:19.136Z,1,8,false
2019-07-17T09:44:06.946Z,1,9,false
2019-07-17T09:45:24.670Z,1,1,false
2019-07-17T09:46:11.645Z,1,2,false
2019-07-17T09:46:58.513Z,1,3,false
2019-07-17T09:47:45.971Z,1,4,false
2019-07-17T09:48:34.668Z,1,5,false
2019-07-17T09:49:22.448Z,1,6,false
2019-07-17T09:50:10.696Z,1,7,false
2019-07-17T09:50:58.007Z,1,8,false
2019-07-17T09:51:45.975Z,1,9,false
2019-07-17T09:53:03.655Z,1,1,false
2019-07-17T09:53:50.990Z,1,2,false
2019-07-17T09:54:38.342Z,1,3,false
2019-07-17T09:55:26.179Z,1,4,false
2019-07-17T09:56:15.230Z,1,5,false
2019-07-17T09:57:02.897Z,1,6,false
2019-07-17T09:57:50.761Z,1,7,false
2019-07-17T09:58:38.255Z,1,8,false
2019-07-17T09:59:26.253Z,1,9,false
2019-07-17T10:00:44.032Z,1,1,false
2019-07-17T10:01:31.183Z,1,2,false
2019-07-17T10:02:18.579Z,1,3,false
2019-07-17T10:03:06.427Z,1,4,false
2019-07-17T10:03:54.600Z,1,5,false
2019-07-17T10:04:42.412Z,1,6,false
2019-07-17T10:05:30.075Z,1,7,false
2019-07-17T10:06:17.743Z,1,8,false
2019-07-17T10:07:05.155Z,1,9,false
2019-07-17T10:08:22.608Z,1,1,false
2019-07-17T10:09:10.164Z,1,2,false
2019-07-17T10:09:57.288Z,1,3,false
2019-07-17T10:10:45.468Z,1,4,false
2019-07-17T10:11:34.049Z,1,5,false
2019-07-17T10:12:21.954Z,1,6,false
2019-07-17T10:13:09.540Z,1,7,false
2019-07-17T10:13:56.776Z,1,8,false
2019-07-17T10:14:44.465Z,1,9,false
2019-07-17T10:16:02.196Z,1,1,false
2019-07-17T10:16:49.438Z,1,2,false
2019-07-17T10:17:36.535Z,1,3,false
2019-07-17T10:18:25.145Z,1,4,false
2019-07-17T10:19:13.409Z,1,5,false
2019-07-17T10:20:00.857Z,1,6,false
2019-07-17T10:20:48.654Z,1,7,false
2019-07-17T10:21:36.104Z,1,8,false
2019-07-17T10:22:24.012Z,1,9,false
2019-07-17T10:23:42.430Z,1,1,false
2019-07-17T10:24:29.642Z,1,2,false
2019-07-17T10:25:16.907Z,1,3,false
2019-07-17T10:26:04.719Z,1,4,false
2019-07-17T10:26:52.911Z,1,5,false
2019-07-17T10:27:40.657Z,1,6,false
2019-07-17T10:28:28.365Z,1,7,false
2019-07-17T10:29:16.056Z,1,8,false
2019-07-17T10:30:03.797Z,1,9,false
2019-07-17T10:31:21.261Z,1,1,false
2019-07-17T10:32:08.610Z,1,2,false
2019-07-17T10:32:55.488Z,1,3,false
2019-07-17T10:33:43.707Z,1,4,false
2019-07-17T10:34:31.529Z,1,5,false
2019-07-17T10:35:19.552Z,1,6,false
2019-07-17T10:36:06.992Z,1,7,false
2019-07-17T10:36:55.327Z,1,8,false
2019-07-17T10:37:42.835Z,1,9,false
2019-07-17T10:39:00.755Z,1,1,false
2019-07-17T10:39:48.181Z,1,2,false
2019-07-17T10:40:35.765Z,1,3,false
2019-07-17T10:41:23.496Z,1,4,false
2019-07-17T10:42:11.827Z,1,5,false
2019-07-17T10:42:59.735Z,1,6,false
2019-07-17T10:43:47.217Z,1,7,false
2019-07-17T10:44:34.617Z,1,8,false
2019-07-17T10:45:22.554Z,1,9,false
2019-07-17T10:46:40.126Z,1,1,false
2019-07-17T10:47:26.909Z,1,2,false
2019-07-17T10:48:14.260Z,1,3,false
2019-07-17T10:49:02.470Z,1,4,false
2019-07-17T10:49:50.042Z,1,5,false
2019-07-17T10:50:37.807Z,1,6,false
2019-07-17T10:51:25.191Z,1,7,false
2019-07-17T10:52:12.295Z,1,8,false
2019-07-17T10:53:00.025Z,1,9,false
2019-07-17T10:54:17.344Z,1,1,false
2019-07-17T10:55:05.001Z,1,2,false
2019-07-17T10:55:51.860Z,1,3,false
2019-07-17T10:56:40.099Z,1,4,false
2019-07-17T10:57:28.294Z,1,5,false
2019-07-17T10:58:15.525Z,1,6,false
2019-07-17T10:59:03.093Z,1,7,false
2019-07-17T10:59:50.305Z,1,8,false
2019-07-17T11:00:38.255Z,1,9,false
2019-07-17T11:01:55.677Z,1,1,false
2019-07-17T11:02:42.824Z,1,2,false
2019-07-17T11:03:30.231Z,1,3,false
2019-07-17T11:04:17.842Z,1,4,false
2019-07-17T11:05:06.167Z,1,5,false
2019-07-17T11:05:53.656Z,1,6,false
2019-07-17T11:06:41.335Z,1,7,false
2019-07-17T11:07:28.565Z,1,8,false
2019-07-17T11:08:16.021Z,1,9,false
2019-07-17T11:09:33.636Z,1,1,false
2019-07-17T11:10:20.951Z,1,2,false
2019-07-17T11:11:08.438Z,1,3,false
2019-07-17T11:11:56.287Z,1,4,false
2019-07-17T11:12:44.416Z,1,5,false
2019-07-17T11:13:32.420Z,1,6,false
2019-07-17T11:14:20.099Z,1,7,false
2019-07-17T11:15:07.624Z,1,8,false
2019-07-17T11:15:54.701Z,1,9,false
2019-07-17T11:17:12.086Z,1,1,false
2019-07-17T11:18:00.012Z,1,2,false
2019-07-17T11:18:46.673Z,1,3,false
2019-07-17T11:19:34.887Z,1,4,false
2019-07-17T11:20:23.438Z,1,5,false
2019-07-17T11:21:11.529Z,1,6,false
2019-07-17T11:21:59.318Z,1,7,false
2019-07-17T11:22:46.504Z,1,8,false
2019-07-17T11:23:34.476Z,1,9,false
2019-07-17T11:24:52.210Z,1,1,false
2019-07-17T11:25:39.651Z,1,2,false
2019-07-17T11:26:26.112Z,1,3,false
2019-07-17T11:27:14.210Z,1,4,false
2019-07-17T11:28:02.529Z,1,5,false
2019-07-17T11:28:49.964Z,1,6,false
2019-07-17T11:29:37.855Z,1,7,false
2019-07-17T11:30:25.357Z,1,8,false
2019-07-17T11:31:13.283Z,1,9,false
2019-07-17T11:32:30.781Z,1,1,false
2019-07-17T11:33:17.887Z,1,2,false
2019-07-17T11:34:05.180Z,1,3,false
2019-07-17T11:34:53.111Z,1,4,false
2019-07-17T11:35:41.179Z,1,5,false
2019-07-17T11:36:30.846Z,1,6,false
2019-07-17T11:37:19.290Z,1,7,false
2019-07-17T11:38:07.113Z,1,8,false
2019-07-17T11:38:54.746Z,1,9,false
2019-07-17T11:40:12.747Z,1,1,false
2019-07-17T11:41:00.255Z,1,2,false
2019-07-17T11:41:46.828Z,1,3,false
2019-07-17T11:42:35.235Z,1,4,false
2019-07-17T11:43:22.849Z,1,5,false
2019-07-17T11:44:10.764Z,1,6,false
2019-07-17T11:44:58.650Z,1,7,false
2019-07-17T11:45:45.286Z,1,8,false
2019-07-17T11:46:33.346Z,1,9,false
2019-07-17T11:47:51.089Z,1,1,false
2019-07-17T11:48:38.255Z,1,2,false
2019-07-17T11:49:25.909Z,1,3,false
2019-07-17T11:50:14.100Z,1,4,false
2019-07-17T11:51:02.348Z,1,5,false
2019-07-17T11:51:49.924Z,1,6,false
2019-07-17T11:52:37.296Z,1,7,false
2019-07-17T11:53:25.157Z,1,8,false
2019-07-17T11:54:12.891Z,1,9,false
2019-07-17T11:55:30.493Z,1,1,false
2019-07-17T11:56:17.769Z,1,2,false
2019-07-17T11:57:05.043Z,1,3,false
2019-07-17T11:57:52.606Z,1,4,false
2019-07-17T11:58:40.492Z,1,5,false
2019-07-17T11:59:28.182Z,1,6,false
2019-07-17T12:00:16.060Z,1,7,false
2019-07-17T12:01:03.014Z,1,8,false
2019-07-17T12:01:50.392Z,1,9,false
2019-07-17T12:03:08.055Z,1,1,false
2019-07-17T12:03:55.130Z,1,2,false
2019-07-17T12:04:42.221Z,1,3,false
2019-07-17T12:05:30.370Z,1,4,false
2019-07-17T12:06:18.731Z,1,5,false
2019-07-17T12:07:06.127Z,1,6,false
2019-07-17T12:07:53.880Z,1,7,false
2019-07-17T12:08:41.213Z,1,8,false
2019-07-17T12:09:28.907Z,1,9,false
2019-07-17T12:10:46.678Z,1,1,false
2019-07-17T12:11:34.153Z,1,2,false
2019-07-17T12:12:21.453Z,1,3,false
2019-07-17T12:13:09.263Z,1,4,false
2019-07-17T12:13:58.018Z,1,5,false
2019-07-17T12:14:46.861Z,1,6,false
2019-07-17T12:15:35.155Z,1,7,false
2019-07-17T12:16:23.206Z,1,8,false
2019-07-17T12:17:11.655Z,1,9,false
2019-07-17T12:18:29.226Z,1,1,false
2019-07-17T12:19:16.088Z,1,2,false
2019-07-17T12:20:03.564Z,1,3,false
2019-07-17T12:20:51.504Z,1,4,false
2019-07-17T12:21:39.564Z,1,5,false
2019-07-17T12:22:27.446Z,1,6,false
2019-07-17T12:23:15.092Z,1,7,false
2019-07-17T12:24:02.548Z,1,8,false
2019-07-17T12:24:49.845Z,1,9,false
2019-07-17T12:26:07.451Z,1,1,false
2019-07-17T12:26:54.612Z,1,2,false
2019-07-17T12:27:41.551Z,1,3,false
2019-07-17T12:28:29.771Z,1,4,false
2019-07-17T12:29:17.667Z,1,5,false
2019-07-17T12:30:05.518Z,1,6,false
2019-07-17T12:30:53.275Z,1,7,false
2019-07-17T12:31:40.727Z,1,8,false
2019-07-17T12:32:28.568Z,1,9,false
2019-07-17T12:33:45.994Z,1,1,false
2019-07-17T12:34:32.892Z,1,2,false
2019-07-17T12:35:19.673Z,1,3,false
2019-07-17T12:36:08.039Z,1,4,false
2019-07-17T12:36:55.988Z,1,5,false
2019-07-17T12:37:43.679Z,1,6,false
2019-07-17T12:38:31.730Z,1,7,false
2019-07-17T12:39:18.894Z,1,8,false
2019-07-17T12:40:06.622Z,1,9,false
2019-07-17T12:41:23.993Z,1,1,false
2019-07-17T12:42:11.176Z,1,2,false
2019-07-17T12:42:58.132Z,1,3,false
2019-07-17T12:43:46.125Z,1,4,false
2019-07-17T12:44:34.457Z,1,5,false
2019-07-17T12:45:22.264Z,1,6,false
2019-07-17T12:46:09.976Z,1,7,false
2019-07-17T12:46:57.192Z,1,8,false
2019-07-17T12:47:44.696Z,1,9,false
2019-07-17T12:49:02.273Z,1,1,false
2019-07-17T12:49:49.952Z,1,2,false
2019-07-17T12:50:37.092Z,1,3,false
2019-07-17T12:51:24.988Z,1,4,false
2019-07-17T12:52:13.468Z,1,5,false
2019-07-17T12:53:01.319Z,1,6,false
2019-07-17T12:53:49.119Z,1,7,false
2019-07-17T12:54:36.693Z,1,8,false
2019-07-17T12:55:24.760Z,1,9,false
2019-07-17T12:56:42.394Z,1,1,false
2019-07-17T12:57:29.667Z,1,2,false
2019-07-17T12:58:17.212Z,1,3,false
2019-07-17T12:59:05.577Z,1,4,false
2019-07-17T12:59:53.761Z,1,5,false
2019-07-17T13:00:41.237Z,1,6,false
2019-07-17T13:01:29.116Z,1,7,false
2019-07-17T13:02:16.394Z,1,8,false
2019-07-17T13:03:04.556Z,1,9,false
2019-07-17T13:04:22.278Z,1,1,false
2019-07-17T13:05:09.409Z,1,2,false
2019-07-17T13:05:56.643Z,1,3,false
2019-07-17T13:06:44.108Z,1,4,false
2019-07-17T13:07:32.676Z,1,5,false
2019-07-17T13:08:20.009Z,1,6,false
2019-07-17T13:09:07.611Z,1,7,false
2019-07-17T13:09:55.583Z,1,8,false
2019-07-17T13:10:43.319Z,1,9,false
2019-07-17T13:12:02.051Z,1,1,false
2019-07-17T13:12:49.538Z,1,2,false
2019-07-17T13:13:37.083Z,1,3,false
2019-07-17T13:14:25.579Z,1,4,false
2019-07-17T13:15:13.781Z,1,5,false
2019-07-17T13:16:01.339Z,1,6,false
2019-07-17T13:16:48.906Z,1,7,false
2019-07-17T13:17:36.334Z,1,8,false
2019-07-17T13:18:24.095Z,1,9,false
2019-07-17T13:19:41.934Z,1,1,false
2019-07-17T13:20:29.513Z,1,2,false
2019-07-17T13:21:17.241Z,1,3,false
2019-07-17T13:22:04.806Z,1,4,false
2019-07-17T13:22:52.885Z,1,5,false
2019-07-17T13:23:41.012Z,1,6,false
2019-07-17T13:24:29.328Z,1,7,false
2019-07-17T13:25:17.196Z,1,8,false
2019-07-17T13:26:04.828Z,1,9,false
2019-07-17T13:27:22.131Z,1,1,false
2019-07-17T13:28:09.430Z,1,2,false
2019-07-17T13:28:57.132Z,1,3,false
2019-07-17T13:29:45.383Z,1,4,false
2019-07-17T13:30:33.420Z,1,5,false
2019-07-17T13:31:21.377Z,1,6,false
2019-07-17T13:32:09.226Z,1,7,false
2019-07-17T13:32:56.706Z,1,8,false
2019-07-17T13:33:44.371Z,1,9,false
2019-07-17T13:35:01.886Z,1,1,false
2019-07-17T13:35:49.166Z,1,2,false
2019-07-17T13:36:36.209Z,1,3,false
2019-07-17T13:37:24.800Z,1,4,false
2019-07-17T13:38:12.773Z,1,5,false
2019-07-17T13:39:00.057Z,1,6,false
2019-07-17T13:39:47.728Z,1,7,false
2019-07-17T13:40:34.940Z,1,8,false
2019-07-17T13:41:23.184Z,1,9,false
2019-07-17T13:42:40.883Z,1,1,false
2019-07-17T13:43:28.331Z,1,2,false
2019-07-17T13:44:15.642Z,1,3,false
2019-07-17T13:45:03.936Z,1,4,false
2019-07-17T13:45:52.173Z,1,5,false
2019-07-17T13:46:39.731Z,1,6,false
2019-07-17T13:47:27.677Z,1,7,false
2019-07-17T13:48:14.582Z,1,8,false
2019-07-17T13:49:02.252Z,1,9,false
2019-07-17T13:50:20.115Z,1,1,false
2019-07-17T13:51:07.744Z,1,2,false
2019-07-17T13:51:54.634Z,1,3,false
2019-07-17T13:52:42.475Z,1,4,false
2019-07-17T13:53:30.655Z,1,5,false
2019-07-17T13:54:17.638Z,1,6,false
2019-07-17T13:55:05.909Z,1,7,false
2019-07-17T13:55:55.032Z,1,8,false
2019-07-17T13:56:43.129Z,1,9,false
2019-07-17T13:58:01.043Z,1,1,false
2019-07-17T13:58:48.235Z,1,2,false
2019-07-17T13:59:36.103Z,1,3,false
2019-07-17T14:00:24.052Z,1,4,false
2019-07-17T14:01:12.346Z,1,5,false
2019-07-17T14:01:59.858Z,1,6,false
2019-07-17T14:02:47.325Z,1,7,false
2019-07-17T14:03:34.859Z,1,8,false
2019-07-17T14:04:22.786Z,1,9,false
2019-07-17T14:05:40.857Z,1,1,false
2019-07-17T14:06:28.233Z,1,2,false
2019-07-17T14:07:15.563Z,1,3,false
2019-07-17T14:08:03.367Z,1,4,false
2019-07-17T14:08:51.583Z,1,5,false
2019-07-17T14:09:39.050Z,1,6,false
2019-07-17T14:10:26.756Z,1,7,false
2019-07-17T14:11:14.567Z,1,8,false
2019-07-17T14:12:02.526Z,1,9,false
2019-07-17T14:13:20.340Z,1,1,false
2019-07-17T14:14:07.771Z,1,2,false
2019-07-17T14:14:55.137Z,1,3,false
2019-07-17T14:15:43.595Z,1,4,false
2019-07-17T14:16:31.745Z,1,5,false
2019-07-17T14:17:19.615Z,1,6,false
2019-07-17T14:18:07.327Z,1,7,false
2019-07-17T14:18:54.418Z,1,8,false
2019-07-17T14:19:42.507Z,1,9,false
2019-07-17T14:21:00.279Z,1,1,false
2019-07-17T14:21:47.561Z,1,2,false
2019-07-17T14:22:35.087Z,1,3,false
2019-07-17T14:23:23.162Z,1,4,false
2019-07-17T14:24:11.671Z,1,5,false
2019-07-17T14:24:58.625Z,1,6,false
2019-07-17T14:25:46.628Z,1,7,false
2019-07-17T14:26:35.078Z,1,8,false
2019-07-17T14:27:22.735Z,1,9,false
2019-07-17T14:28:40.508Z,1,1,false
2019-07-17T14:29:27.950Z,1,2,false
2019-07-17T14:30:15.285Z,1,3,false
2019-07-17T14:31:02.859Z,1,4,false
2019-07-17T14:31:51.192Z,1,5,false
2019-07-17T14:32:38.802Z,1,6,false
2019-07-17T14:33:26.957Z,1,7,false
2019-07-17T14:34:14.679Z,1,8,false
2019-07-17T14:35:02.582Z,1,9,false
2019-07-17T14:36:20.168Z,1,1,false
2019-07-17T14:37:07.737Z,1,2,false
2019-07-17T14:37:53.923Z,1,3,false
2019-07-17T14:38:42.273Z,1,4,false
2019-07-17T14:39:30.592Z,1,5,false
2019-07-17T14:40:18.430Z,1,6,false
2019-07-17T14:41:05.888Z,1,7,false
2019-07-17T14:41:53.269Z,1,8,false
2019-07-17T14:42:41.315Z,1,9,false
2019-07-17T14:43:59.189Z,1,1,false
2019-07-17T14:44:46.133Z,1,2,false
2019-07-17T14:45:34.079Z,1,3,false
2019-07-17T14:46:22.632Z,1,4,false
2019-07-17T14:47:10.916Z,1,5,false
2019-07-17T14:47:58.472Z,1,6,false
2019-07-17T14:48:46.303Z,1,7,false
2019-07-17T14:49:34.137Z,1,8,false
2019-07-17T14:50:22.152Z,1,9,false
2019-07-17T14:51:40.297Z,1,1,false
2019-07-17T14:52:27.404Z,1,2,false
2019-07-17T14:53:14.826Z,1,3,false
2019-07-17T14:54:03.316Z,1,4,false
2019-07-17T14:54:52.007Z,1,5,false
2019-07-17T14:55:39.930Z,1,6,false
2019-07-17T14:56:27.805Z,1,7,false
2019-07-17T14:57:15.265Z,1,8,false
2019-07-17T14:58:02.958Z,1,9,false
2019-07-17T14:59:20.890Z,1,1,false
2019-07-17T15:00:07.959Z,1,2,false
2019-07-17T15:00:54.945Z,1,3,false
2019-07-17T15:01:42.979Z,1,4,false
2019-07-17T15:02:31.158Z,1,5,false
2019-07-17T15:03:19.017Z,1,6,false
2019-07-17T15:04:08.703Z,1,7,false
2019-07-17T15:04:56.406Z,1,8,false
2019-07-17T15:05:44.330Z,1,9,false
2019-07-17T15:07:02.395Z,1,1,false
2019-07-17T15:07:49.737Z,1,2,false
2019-07-17T15:08:37.192Z,1,3,false
2019-07-17T15:09:25.194Z,1,4,false
2019-07-17T15:10:13.256Z,1,5,false
2019-07-17T15:11:00.506Z,1,6,false
2019-07-17T15:11:48.355Z,1,7,false
2019-07-17T15:12:35.392Z,1,8,false
2019-07-17T15:13:23.773Z,1,9,false
2019-07-17T15:14:41.515Z,1,1,false
2019-07-17T15:15:28.883Z,1,2,false
2019-07-17T15:16:16.547Z,1,3,false
2019-07-17T15:17:04.414Z,1,4,false
2019-07-17T15:17:52.359Z,1,5,false
2019-07-17T15:18:40.242Z,1,6,false
2019-07-17T15:19:27.971Z,1,7,false
2019-07-17T15:20:15.314Z,1,8,false
2019-07-17T15:21:03.10Z,1,9,false
2019-07-17T15:22:20.886Z,1,1,false
2019-07-17T15:23:10.907Z,1,2,false
2019-07-17T15:24:00.402Z,1,3,false
2019-07-17T15:24:48.329Z,1,4,false
2019-07-17T15:25:36.813Z,1,5,false
2019-07-17T15:26:25.032Z,1,6,false
2019-07-17T15:27:12.518Z,1,7,false
2019-07-17T15:27:59.920Z,1,8,false
2019-07-17T15:28:48.423Z,1,9,false
2019-07-17T15:30:06.363Z,1,1,false
2019-07-17T15:30:53.948Z,1,2,false
2019-07-17T15:31:41.308Z,1,3,false
2019-07-17T15:32:29.914Z,1,4,false
2019-07-17T15:33:17.950Z,1,5,false
2019-07-17T15:34:05.694Z,1,6,false
2019-07-17T15:34:53.530Z,1,7,false
2019-07-17T15:35:41.345Z,1,8,false
2019-07-17T15:36:29.714Z,1,9,false
2019-07-17T15:37:47.592Z,1,1,false
2019-07-17T15:38:35.127Z,1,2,false
2019-07-17T15:39:22.339Z,1,3,false
2019-07-17T15:40:10.516Z,1,4,false
2019-07-17T15:40:58.814Z,1,5,false
2019-07-17T15:41:46.477Z,1,6,false
2019-07-17T15:42:34.257Z,1,7,false
2019-07-17T15:43:21.821Z,1,8,false
2019-07-17T15:44:09.645Z,1,9,false
2019-07-17T15:45:27.226Z,1,1,false
2019-07-17T15:46:14.632Z,1,2,false
2019-07-17T15:47:02.015Z,1,3,false
2019-07-17T15:47:50.233Z,1,4,false
2019-07-17T15:48:38.822Z,1,5,false
2019-07-17T15:49:26.261Z,1,6,false
2019-07-17T15:50:14.468Z,1,7,false
2019-07-17T15:51:01.987Z,1,8,false
2019-07-17T15:51:49.848Z,1,9,false
2019-07-17T15:53:07.403Z,1,1,false
2019-07-17T15:53:54.335Z,1,2,false
2019-07-17T15:54:41.318Z,1,3,false
2019-07-17T15:55:29.715Z,1,4,false
2019-07-17T15:56:17.896Z,1,5,false
2019-07-17T15:57:05.830Z,1,6,false
2019-07-17T15:57:53.413Z,1,7,false
2019-07-17T15:58:40.929Z,1,8,false
2019-07-17T15:59:29.024Z,1,9,false
2019-07-17T16:00:46.817Z,1,1,false
2019-07-17T16:01:34.154Z,1,2,false
2019-07-17T16:02:21.424Z,1,3,false
2019-07-17T16:03:09.492Z,1,4,false
2019-07-17T16:03:57.467Z,1,5,false
2019-07-17T16:04:45.160Z,1,6,false
2019-07-17T16:05:32.954Z,1,7,false
2019-07-17T16:06:20.561Z,1,8,false
2019-07-17T16:07:08.132Z,1,9,false
2019-07-17T16:08:25.309Z,1,1,false
2019-07-17T16:09:12.285Z,1,2,false
2019-07-17T16:10:00.078Z,1,3,false
2019-07-17T16:10:48.165Z,1,4,false
2019-07-17T16:11:36.923Z,1,5,false
2019-07-17T16:12:25.578Z,1,6,false
2019-07-17T16:13:14.194Z,1,7,false
2019-07-17T16:14:04.229Z,1,8,false
2019-07-17T16:14:54.970Z,1,9,false
2019-07-17T16:16:14.295Z,1,1,false
2019-07-17T16:17:01.979Z,1,2,false
2019-07-17T16:17:49.914Z,1,3,false
2019-07-17T16:18:38.417Z,1,4,false
2019-07-17T16:19:27.820Z,1,5,false
2019-07-17T16:20:15.858Z,1,6,false
2019-07-17T16:21:03.632Z,1,7,false
2019-07-17T16:21:51.227Z,1,8,false
2019-07-17T16:22:39.403Z,1,9,false
2019-07-17T16:23:57.803Z,1,1,false
2019-07-17T16:24:45.053Z,1,2,false
2019-07-17T16:25:32.338Z,1,3,false
2019-07-17T16:26:21.317Z,1,4,false
2019-07-17T16:27:09.566Z,1,5,false
2019-07-17T16:27:57.012Z,1,6,false
2019-07-17T16:28:44.937Z,1,7,false
2019-07-17T16:29:32.422Z,1,8,false
2019-07-17T16:30:20.876Z,1,9,false
2019-07-17T16:31:38.355Z,1,1,false
2019-07-17T16:32:25.660Z,1,2,false
2019-07-17T16:33:12.919Z,1,3,false
2019-07-17T16:34:00.394Z,1,4,false
2019-07-17T16:34:48.170Z,1,5,false
2019-07-17T16:35:35.768Z,1,6,false
2019-07-17T16:36:23.769Z,1,7,false
2019-07-17T16:37:10.616Z,1,8,false
2019-07-17T16:37:58.142Z,1,9,false
2019-07-17T16:39:16.416Z,1,1,false
2019-07-17T16:40:04.178Z,1,2,false
2019-07-17T16:40:51.130Z,1,3,false
2019-07-17T16:41:39.154Z,1,4,false
2019-07-17T16:42:27.592Z,1,5,false
2019-07-17T16:43:15.240Z,1,6,false
2019-07-17T16:44:03.410Z,1,7,false
2019-07-17T16:44:50.734Z,1,8,false
2019-07-17T16:45:38.583Z,1,9,false
2019-07-17T16:46:56.060Z,1,1,false
2019-07-17T16:47:43.302Z,1,2,false
2019-07-17T16:48:31.031Z,1,3,false
2019-07-17T16:49:18.773Z,1,4,false
2019-07-17T16:50:07.381Z,1,5,false
2019-07-17T16:50:54.850Z,1,6,false
2019-07-17T16:51:42.834Z,1,7,false
2019-07-17T16:52:30.441Z,1,8,false
2019-07-17T16:53:18.171Z,1,9,false
2019-07-17T16:54:36.264Z,1,1,false
2019-07-17T16:55:23.651Z,1,2,false
2019-07-17T16:56:11.123Z,1,3,false
2019-07-17T16:56:59.817Z,1,4,false
2019-07-17T16:57:48.187Z,1,5,false
2019-07-17T16:58:35.949Z,1,6,false
2019-07-17T16:59:23.945Z,1,7,false
2019-07-17T17:00:11.196Z,1,8,false
2019-07-17T17:00:59.051Z,1,9,false
2019-07-17T17:02:16.890Z,1,1,false
2019-07-17T17:03:03.841Z,1,2,false
2019-07-17T17:03:51.271Z,1,3,false
2019-07-17T17:04:39.497Z,1,4,false
2019-07-17T17:05:27.506Z,1,5,false
2019-07-17T17:06:15.147Z,1,6,false
2019-07-17T17:07:02.782Z,1,7,false
2019-07-17T17:07:50.063Z,1,8,false
2019-07-17T17:08:38.038Z,1,9,false
2019-07-17T17:09:55.874Z,1,1,false
2019-07-17T17:10:43.172Z,1,2,false
2019-07-17T17:11:30.883Z,1,3,false
2019-07-17T17:12:18.980Z,1,4,false
2019-07-17T17:13:07.922Z,1,5,false
2019-07-17T17:13:55.631Z,1,6,false
2019-07-17T17:14:44.077Z,1,7,false
2019-07-17T17:15:31.700Z,1,8,false
2019-07-17T17:16:19.633Z,1,9,false
2019-07-17T17:17:37.551Z,1,1,false
2019-07-17T17:18:24.981Z,1,2,false
2019-07-17T17:19:13.037Z,1,3,false
2019-07-17T17:20:00.931Z,1,4,false
2019-07-17T17:20:49.082Z,1,5,false
2019-07-17T17:21:36.783Z,1,6,false
2019-07-17T17:22:25.154Z,1,7,false
2019-07-17T17:23:12.660Z,1,8,false
2019-07-17T17:24:00.784Z,1,9,false
2019-07-17T17:25:18.480Z,1,1,false
2019-07-17T17:26:05.851Z,1,2,false
2019-07-17T17:26:53.396Z,1,3,false
2019-07-17T17:27:41.455Z,1,4,false
2019-07-17T17:28:29.835Z,1,5,false
2019-07-17T17:29:18.045Z,1,6,false
2019-07-17T17:30:06.008Z,1,7,false
2019-07-17T17:30:53.336Z,1,8,false
2019-07-17T17:31:41.898Z,1,9,false
2019-07-17T17:32:59.972Z,1,1,false
2019-07-17T17:33:47.377Z,1,2,false
2019-07-17T17:34:34.834Z,1,3,false
2019-07-17T17:35:22.891Z,1,4,false
2019-07-17T17:36:10.894Z,1,5,false
2019-07-17T17:36:58.146Z,1,6,false
2019-07-17T17:37:46.085Z,1,7,false
2019-07-17T17:38:33.884Z,1,8,false
2019-07-17T17:39:22.139Z,1,9,false
2019-07-17T17:40:39.803Z,1,1,false
2019-07-17T17:41:27.217Z,1,2,false
2019-07-17T17:42:14.486Z,1,3,false
2019-07-17T17:43:02.872Z,1,4,false
2019-07-17T17:43:51.358Z,1,5,false
2019-07-17T17:44:39.077Z,1,6,false
2019-07-17T17:45:26.864Z,1,7,false
2019-07-17T17:46:14.687Z,1,8,false
2019-07-17T17:47:02.254Z,1,9,false
2019-07-17T17:48:19.936Z,1,1,false
2019-07-17T17:49:07.310Z,1,2,false
2019-07-17T17:49:55.243Z,1,3,false
2019-07-17T17:50:43.622Z,1,4,false
2019-07-17T17:51:31.762Z,1,5,false
2019-07-17T17:52:19.742Z,1,6,false
2019-07-17T17:53:07.558Z,1,7,false
2019-07-17T17:53:54.783Z,1,8,false
2019-07-17T17:54:42.698Z,1,9,false
2019-07-17T17:56:00.478Z,1,1,false
2019-07-17T17:56:48.093Z,1,2,false
2019-07-17T17:57:35.604Z,1,3,false
2019-07-17T17:58:24.023Z,1,4,false
2019-07-17T17:59:12.652Z,1,5,false
2019-07-17T18:00:00.556Z,1,6,false
2019-07-17T18:00:48.393Z,1,7,false
2019-07-17T18:01:35.755Z,1,8,false
2019-07-17T18:02:23.690Z,1,9,false
2019-07-17T18:03:41.711Z,1,1,false
2019-07-17T18:04:29.215Z,1,2,false
2019-07-17T18:05:16.977Z,1,3,false
2019-07-17T18:06:05.077Z,1,4,false
2019-07-17T18:06:53.081Z,1,5,false
2019-07-17T18:07:41.013Z,1,6,false
2019-07-17T18:08:28.878Z,1,7,false
2019-07-17T18:09:16.765Z,1,8,false
2019-07-17T18:10:04.692Z,1,9,false
2019-07-17T18:11:22.031Z,1,1,false
2019-07-17T18:12:09.134Z,1,2,false
2019-07-17T18:12:56.196Z,1,3,false
2019-07-17T18:13:44.558Z,1,4,false
2019-07-17T18:14:32.883Z,1,5,false
2019-07-17T18:15:21.070Z,1,6,false
2019-07-17T18:16:08.942Z,1,7,false
2019-07-17T18:16:56.437Z,1,8,false
2019-07-17T18:17:44.479Z,1,9,false
2019-07-17T18:19:01.836Z,1,1,false
2019-07-17T18:19:48.874Z,1,2,false
2019-07-17T18:20:36.516Z,1,3,false
2019-07-17T18:21:25.014Z,1,4,false
2019-07-17T18:22:13.362Z,1,5,false
2019-07-17T18:23:01.273Z,1,6,false
2019-07-17T18:23:49.201Z,1,7,false
2019-07-17T18:24:36.873Z,1,8,false
2019-07-17T18:25:24.961Z,1,9,false
2019-07-17T18:26:42.966Z,1,1,false
2019-07-17T18:27:30.374Z,1,2,false
2019-07-17T18:28:18.213Z,1,3,false
2019-07-17T18:29:06.374Z,1,4,false
2019-07-17T18:29:54.851Z,1,5,false
2019-07-17T18:30:42.650Z,1,6,false
2019-07-17T18:31:30.585Z,1,7,false
2019-07-17T18:32:18.487Z,1,8,false
2019-07-17T18:33:06.060Z,1,9,false
2019-07-17T18:34:23.717Z,1,1,false
2019-07-17T18:35:11.331Z,1,2,false
2019-07-17T18:35:58.797Z,1,3,false
2019-07-17T18:36:46.543Z,1,4,false
2019-07-17T18:37:35.359Z,1,5,false
2019-07-17T18:38:23.470Z,1,6,false
2019-07-17T18:39:11.301Z,1,7,false
2019-07-17T18:39:58.864Z,1,8,false
2019-07-17T18:40:46.799Z,1,9,false
2019-07-17T18:42:04.536Z,1,1,false
2019-07-17T18:42:52.138Z,1,2,false
2019-07-17T18:43:39.213Z,1,3,false
2019-07-17T18:44:27.353Z,1,4,false
2019-07-17T18:45:16.262Z,1,5,false
2019-07-17T18:46:04.716Z,1,6,false
2019-07-17T18:46:52.999Z,1,7,false
2019-07-17T18:47:40.573Z,1,8,false
2019-07-17T18:48:28.736Z,1,9,false
2019-07-17T18:49:46.754Z,1,1,false
2019-07-17T18:50:34.486Z,1,2,false
2019-07-17T18:51:21.785Z,1,3,false
2019-07-17T18:52:09.849Z,1,4,false
2019-07-17T18:52:58.063Z,1,5,false
2019-07-17T18:53:46.200Z,1,6,false
2019-07-17T18:54:34.498Z,1,7,false
2019-07-17T18:55:22.174Z,1,8,false
2019-07-17T18:56:10.431Z,1,9,false
2019-07-17T18:57:28.412Z,1,1,false
2019-07-17T18:58:16.214Z,1,2,false
2019-07-17T18:59:03.473Z,1,3,false
2019-07-17T18:59:51.338Z,1,4,false
2019-07-17T19:00:39.949Z,1,5,false
2019-07-17T19:01:28.093Z,1,6,false
2019-07-17T19:02:16.531Z,1,7,false
2019-07-17T19:03:04.970Z,1,8,false
2019-07-17T19:03:55.569Z,1,9,false
2019-07-17T19:05:17.437Z,1,1,false
2019-07-17T19:06:04.398Z,1,2,false
2019-07-17T19:06:51.859Z,1,3,false
2019-07-17T19:07:40.348Z,1,4,false
2019-07-17T19:08:29.578Z,1,5,false
2019-07-17T19:09:17.554Z,1,6,false
2019-07-17T19:10:05.769Z,1,7,false
2019-07-17T19:10:53.879Z,1,8,false
2019-07-17T19:11:42.432Z,1,9,false
2019-07-17T19:13:01.023Z,1,1,false
2019-07-17T19:13:48.724Z,1,2,false
2019-07-17T19:14:36.433Z,1,3,false
2019-07-17T19:15:24.350Z,1,4,false
2019-07-17T19:16:13.360Z,1,5,false
2019-07-17T19:17:01.135Z,1,6,false
2019-07-17T19:17:49.463Z,1,7,false
2019-07-17T19:18:37.466Z,1,8,false
2019-07-17T19:19:25.609Z,1,9,false
2019-07-17T19:20:43.716Z,1,1,false
2019-07-17T19:21:31.595Z,1,2,false
2019-07-17T19:22:18.650Z,1,3,false
2019-07-17T19:23:06.993Z,1,4,false
2019-07-17T19:23:56.072Z,1,5,false
2019-07-17T19:24:43.943Z,1,6,false
2019-07-17T19:25:32.537Z,1,7,false
2019-07-17T19:26:20.448Z,1,8,false
2019-07-17T19:27:08.446Z,1,9,false
2019-07-17T19:28:26.933Z,1,1,false
2019-07-17T19:29:14.744Z,1,2,false
2019-07-17T19:30:01.978Z,1,3,false
2019-07-17T19:30:50.059Z,1,4,false
2019-07-17T19:31:38.620Z,1,5,false
2019-07-17T19:32:26.893Z,1,6,false
2019-07-17T19:33:14.766Z,1,7,false
2019-07-17T19:34:02.379Z,1,8,false
2019-07-17T19:34:50.186Z,1,9,false
2019-07-17T19:36:07.990Z,1,1,false
2019-07-17T19:36:55.333Z,1,2,false
2019-07-17T19:37:42.675Z,1,3,false
2019-07-17T19:38:30.858Z,1,4,false
2019-07-17T19:39:18.910Z,1,5,false
2019-07-17T19:40:07.274Z,1,6,false
2019-07-17T19:40:55.321Z,1,7,false
2019-07-17T19:41:42.802Z,1,8,false
2019-07-17T19:42:31.161Z,1,9,false
2019-07-17T19:43:49.239Z,1,1,false
2019-07-17T19:44:37.037Z,1,2,false
2019-07-17T19:45:25.036Z,1,3,false
2019-07-17T19:46:13.182Z,1,4,false
2019-07-17T19:47:01.652Z,1,5,false
2019-07-17T19:47:49.338Z,1,6,false
2019-07-17T19:48:37.251Z,1,7,false
2019-07-17T19:49:24.850Z,1,8,false
2019-07-17T19:50:12.124Z,1,9,false
2019-07-17T19:51:29.993Z,1,1,false
2019-07-17T19:52:17.270Z,1,2,false
2019-07-17T19:53:05.160Z,1,3,false
2019-07-17T19:53:53.220Z,1,4,false
2019-07-17T19:54:41.914Z,1,5,false
2019-07-17T19:55:29.764Z,1,6,false
2019-07-17T19:56:17.671Z,1,7,false
2019-07-17T19:57:05.356Z,1,8,false
2019-07-17T19:57:53.120Z,1,9,false
2019-07-17T19:59:10.961Z,1,1,false
2019-07-17T19:59:58.493Z,1,2,false
2019-07-17T20:00:45.954Z,1,3,false
2019-07-17T20:01:34.521Z,1,4,false
2019-07-17T20:02:23.252Z,1,5,false
2019-07-17T20:03:11.398Z,1,6,false
2019-07-17T20:03:59.213Z,1,7,false
2019-07-17T20:04:46.683Z,1,8,false
2019-07-17T20:05:34.747Z,1,9,false
2019-07-17T20:06:52.217Z,1,1,false
2019-07-17T20:07:39.167Z,1,2,false
2019-07-17T20:08:27.139Z,1,3,false
2019-07-17T20:09:15.270Z,1,4,false
2019-07-17T20:10:03.779Z,1,5,false
2019-07-17T20:10:51.389Z,1,6,false
2019-07-17T20:11:39.788Z,1,7,false
2019-07-17T20:12:27.888Z,1,8,false
2019-07-17T20:13:15.902Z,1,9,false
2019-07-17T20:14:33.808Z,1,1,false
2019-07-17T20:15:21.474Z,1,2,false
2019-07-17T20:16:08.994Z,1,3,false
2019-07-17T20:16:57.019Z,1,4,false
2019-07-17T20:17:45.659Z,1,5,false
2019-07-17T20:18:33.942Z,1,6,false
2019-07-17T20:19:21.873Z,1,7,false
2019-07-17T20:20:09.523Z,1,8,false
2019-07-17T20:20:57.135Z,1,9,false
2019-07-17T20:22:15.001Z,1,1,false
2019-07-17T20:23:02.333Z,1,2,false
2019-07-17T20:23:49.683Z,1,3,false
2019-07-17T20:24:38.029Z,1,4,false
2019-07-17T20:25:26.997Z,1,5,false
2019-07-17T20:26:14.719Z,1,6,false
2019-07-17T20:27:02.568Z,1,7,false
2019-07-17T20:27:49.731Z,1,8,false
2019-07-17T20:28:37.589Z,1,9,false
2019-07-17T20:29:55.801Z,1,1,false
2019-07-17T20:30:43.246Z,1,2,false
2019-07-17T20:31:30.993Z,1,3,false
2019-07-17T20:32:19.147Z,1,4,false
2019-07-17T20:33:07.947Z,1,5,false
2019-07-17T20:33:55.224Z,1,6,false
2019-07-17T20:34:43.393Z,1,7,false
2019-07-17T20:35:31.029Z,1,8,false
2019-07-17T20:36:18.555Z,1,9,false
2019-07-17T20:37:36.527Z,1,1,false
2019-07-17T20:38:23.714Z,1,2,false
2019-07-17T20:39:11.119Z,1,3,false
2019-07-17T20:39:59.183Z,1,4,false
2019-07-17T20:40:47.439Z,1,5,false
2019-07-17T20:41:35.329Z,1,6,false
2019-07-17T20:42:24.030Z,1,7,false
2019-07-17T20:43:11.457Z,1,8,false
2019-07-17T20:43:59.405Z,1,9,false
2019-07-17T20:45:17.594Z,1,1,false
2019-07-17T20:46:05.559Z,1,2,false
2019-07-17T20:46:53.392Z,1,3,false
2019-07-17T20:47:41.548Z,1,4,false
2019-07-17T20:48:30.471Z,1,5,false
2019-07-17T20:49:18.214Z,1,6,false
2019-07-17T20:50:06.877Z,1,7,false
2019-07-17T20:50:54.448Z,1,8,false
2019-07-17T20:51:42.653Z,1,9,false
2019-07-17T20:53:00.507Z,1,1,false
2019-07-17T20:53:48.006Z,1,2,false
2019-07-17T20:54:35.579Z,1,3,false
2019-07-17T20:55:23.132Z,1,4,false
2019-07-17T20:56:11.823Z,1,5,false
2019-07-17T20:56:59.701Z,1,6,false
2019-07-17T20:57:47.624Z,1,7,false
2019-07-17T20:58:35.432Z,1,8,false
2019-07-17T20:59:23.302Z,1,9,false
2019-07-17T21:00:41.463Z,1,1,false
2019-07-17T21:01:28.890Z,1,2,false
2019-07-17T21:02:16.206Z,1,3,false
2019-07-17T21:03:04.851Z,1,4,false
2019-07-17T21:03:53.395Z,1,5,false
2019-07-17T21:04:41.507Z,1,6,false
2019-07-17T21:05:29.633Z,1,7,false
2019-07-17T21:06:17.589Z,1,8,false
2019-07-17T21:07:05.776Z,1,9,false
2019-07-17T21:08:23.845Z,1,1,false
2019-07-17T21:09:11.137Z,1,2,false
2019-07-17T21:09:58.636Z,1,3,false
2019-07-17T21:10:46.747Z,1,4,false
2019-07-17T21:11:34.764Z,1,5,false
2019-07-17T21:12:23.357Z,1,6,false
2019-07-17T21:13:11.543Z,1,7,false
2019-07-17T21:13:59.354Z,1,8,false
2019-07-17T21:14:46.935Z,1,9,false
2019-07-17T21:16:04.829Z,1,1,false
2019-07-17T21:16:52.208Z,1,2,false
2019-07-17T21:17:39.648Z,1,3,false
2019-07-17T21:18:28.337Z,1,4,false
2019-07-17T21:19:16.792Z,1,5,false
2019-07-17T21:20:04.498Z,1,6,false
2019-07-17T21:20:52.108Z,1,7,false
2019-07-17T21:21:39.845Z,1,8,false
2019-07-17T21:22:27.874Z,1,9,false
2019-07-17T21:23:45.574Z,1,1,false
2019-07-17T21:24:33.176Z,1,2,false
2019-07-17T21:25:21.095Z,1,3,false
2019-07-17T21:26:09.831Z,1,4,false
2019-07-17T21:26:57.389Z,1,5,false
2019-07-17T21:27:45.575Z,1,6,false
2019-07-17T21:28:33.872Z,1,7,false
2019-07-17T21:29:21.737Z,1,8,false
2019-07-17T21:30:09.588Z,1,9,false
2019-07-17T21:31:26.908Z,1,1,false
2019-07-17T21:32:14.537Z,1,2,false
2019-07-17T21:33:01.449Z,1,3,false
2019-07-17T21:33:49.861Z,1,4,false
2019-07-17T21:34:38.170Z,1,5,false
2019-07-17T21:35:26.368Z,1,6,false
2019-07-17T21:36:14.406Z,1,7,false
2019-07-17T21:37:01.678Z,1,8,false
2019-07-17T21:37:49.881Z,1,9,false
2019-07-17T21:39:07.738Z,1,1,false
2019-07-17T21:39:54.860Z,1,2,false
2019-07-17T21:40:42.192Z,1,3,false
2019-07-17T21:41:30.795Z,1,4,false
2019-07-17T21:42:18.860Z,1,5,false
2019-07-17T21:43:06.915Z,1,6,false
2019-07-17T21:43:54.739Z,1,7,false
2019-07-17T21:44:42.152Z,1,8,false
2019-07-17T21:45:30.793Z,1,9,false
2019-07-17T21:46:48.652Z,1,1,false
2019-07-17T21:47:36.238Z,1,2,false
2019-07-17T21:48:23.946Z,1,3,false
2019-07-17T21:49:11.935Z,1,4,false
2019-07-17T21:50:00.156Z,1,5,false
2019-07-17T21:50:47.911Z,1,6,false
2019-07-17T21:51:36.210Z,1,7,false
2019-07-17T21:52:24.180Z,1,8,false
2019-07-17T21:53:12.268Z,1,9,false
2019-07-17T21:54:29.944Z,1,1,false
2019-07-17T21:55:17.426Z,1,2,false
2019-07-17T21:56:05.050Z,1,3,false
2019-07-17T21:56:54.390Z,1,4,false
2019-07-17T21:57:42.890Z,1,5,false
2019-07-17T21:58:30.906Z,1,6,false
2019-07-17T21:59:18.627Z,1,7,false
2019-07-17T22:00:06.502Z,1,8,false
2019-07-17T22:00:54.470Z,1,9,false
2019-07-17T22:02:12.517Z,1,1,false
2019-07-17T22:03:00.132Z,1,2,false
2019-07-17T22:03:47.221Z,1,3,false
2019-07-17T22:04:35.219Z,1,4,false
2019-07-17T22:05:23.826Z,1,5,false
2019-07-17T22:06:11.434Z,1,6,false
2019-07-17T22:06:59.315Z,1,7,false
2019-07-17T22:07:47.143Z,1,8,false
2019-07-17T22:08:34.853Z,1,9,false
2019-07-17T22:09:52.327Z,1,1,false
2019-07-17T22:10:39.909Z,1,2,false
2019-07-17T22:11:27.785Z,1,3,false
2019-07-17T22:12:15.800Z,1,4,false
2019-07-17T22:13:03.870Z,1,5,false
2019-07-17T22:13:51.570Z,1,6,false
2019-07-17T22:14:39.565Z,1,7,false
2019-07-17T22:15:27.580Z,1,8,false
2019-07-17T22:16:15.760Z,1,9,false
2019-07-17T22:17:32.705Z,1,1,false
2019-07-17T22:18:19.682Z,1,2,false
2019-07-17T22:19:07.465Z,1,3,false
2019-07-17T22:19:55.640Z,1,4,false
2019-07-17T22:20:44.299Z,1,5,false
2019-07-17T22:21:32.569Z,1,6,false
2019-07-17T22:22:20.485Z,1,7,false
2019-07-17T22:23:08.695Z,1,8,false
2019-07-17T22:23:56.230Z,1,9,false
2019-07-17T22:25:14.162Z,1,1,false
2019-07-17T22:26:01.636Z,1,2,false
2019-07-17T22:26:49.033Z,1,3,false
2019-07-17T22:27:37.233Z,1,4,false
2019-07-17T22:28:25.275Z,1,5,false
2019-07-17T22:29:12.837Z,1,6,false
2019-07-17T22:30:00.832Z,1,7,false
2019-07-17T22:30:48.055Z,1,8,false
2019-07-17T22:31:36.223Z,1,9,false
2019-07-17T22:32:54.175Z,1,1,false
2019-07-17T22:33:41.597Z,1,2,false
2019-07-17T22:34:28.532Z,1,3,false
2019-07-17T22:35:16.518Z,1,4,false
2019-07-17T22:36:04.818Z,1,5,false
2019-07-17T22:36:52.366Z,1,6,false
2019-07-17T22:37:40.464Z,1,7,false
2019-07-17T22:38:28.799Z,1,8,false
2019-07-17T22:39:17.054Z,1,9,false
2019-07-17T22:40:35.104Z,1,1,false
2019-07-17T22:41:22.843Z,1,2,false
2019-07-17T22:42:10.742Z,1,3,false
2019-07-17T22:42:58.962Z,1,4,false
2019-07-17T22:43:46.954Z,1,5,false
2019-07-17T22:44:35.060Z,1,6,false
2019-07-17T22:45:23.120Z,1,7,false
2019-07-17T22:46:11.258Z,1,8,false
2019-07-17T22:46:59.127Z,1,9,false
2019-07-17T22:48:17.114Z,1,1,false
2019-07-17T22:49:04.776Z,1,2,false
2019-07-17T22:49:52.210Z,1,3,false
2019-07-17T22:50:40.993Z,1,4,false
2019-07-17T22:51:29.501Z,1,5,false
2019-07-17T22:52:17.579Z,1,6,false
2019-07-17T22:53:06.226Z,1,7,false
2019-07-17T22:53:53.689Z,1,8,false
2019-07-17T22:54:41.655Z,1,9,false
2019-07-17T22:55:58.989Z,1,1,false
2019-07-17T22:56:46.668Z,1,2,false
2019-07-17T22:57:34.216Z,1,3,false
2019-07-17T22:58:22.537Z,1,4,false
2019-07-17T22:59:11.225Z,1,5,false
2019-07-17T22:59:59.249Z,1,6,false
2019-07-17T23:00:47.115Z,1,7,false
2019-07-17T23:01:34.846Z,1,8,false
2019-07-17T23:02:22.770Z,1,9,false
2019-07-17T23:03:40.767Z,1,1,false
2019-07-17T23:04:28.048Z,1,2,false
2019-07-17T23:05:15.356Z,1,3,false
2019-07-17T23:06:03.044Z,1,4,false
2019-07-17T23:06:51.366Z,1,5,false
2019-07-17T23:07:39.695Z,1,6,false
2019-07-17T23:08:28.661Z,1,7,false
2019-07-17T23:09:16.563Z,1,8,false
2019-07-17T23:10:04.367Z,1,9,false
2019-07-17T23:11:22.079Z,1,1,false
2019-07-17T23:12:09.787Z,1,2,false
2019-07-17T23:12:57.083Z,1,3,false
2019-07-17T23:13:45.150Z,1,4,false
2019-07-17T23:14:33.333Z,1,5,false
2019-07-17T23:15:21.875Z,1,6,false
2019-07-17T23:16:09.554Z,1,7,false
2019-07-17T23:16:56.991Z,1,8,false
2019-07-17T23:17:44.919Z,1,9,false
2019-07-17T23:19:02.793Z,1,1,false
2019-07-17T23:19:50.607Z,1,2,false
2019-07-17T23:20:38.057Z,1,3,false
2019-07-17T23:21:26.663Z,1,4,false
2019-07-17T23:22:15.110Z,1,5,false
2019-07-17T23:23:02.698Z,1,6,false
2019-07-17T23:23:50.549Z,1,7,false
2019-07-17T23:24:37.733Z,1,8,false
2019-07-17T23:25:26.339Z,1,9,false
2019-07-17T23:26:44.075Z,1,1,false
2019-07-17T23:27:31.486Z,1,2,false
2019-07-17T23:28:18.461Z,1,3,false
2019-07-17T23:29:06.693Z,1,4,false
2019-07-17T23:29:54.695Z,1,5,false
2019-07-17T23:30:42.163Z,1,6,false
2019-07-17T23:31:30.675Z,1,7,false
2019-07-17T23:32:18.393Z,1,8,false
2019-07-17T23:33:06.944Z,1,9,false
2019-07-17T23:34:24.964Z,1,1,false
2019-07-17T23:35:12.787Z,1,2,false
2019-07-17T23:36:00.301Z,1,3,false
2019-07-17T23:36:48.159Z,1,4,false
2019-07-17T23:37:36.540Z,1,5,false
2019-07-17T23:38:24.158Z,1,6,false
2019-07-17T23:39:12.339Z,1,7,false
2019-07-17T23:40:00.023Z,1,8,false
2019-07-17T23:40:48.093Z,1,9,false
2019-07-17T23:42:05.810Z,1,1,false
2019-07-17T23:42:53.744Z,1,2,false
2019-07-17T23:43:40.970Z,1,3,false
2019-07-17T23:44:29.507Z,1,4,false
2019-07-17T23:45:17.939Z,1,5,false
2019-07-17T23:46:06.111Z,1,6,false
2019-07-17T23:46:54.036Z,1,7,false
2019-07-17T23:47:41.658Z,1,8,false
2019-07-17T23:48:29.896Z,1,9,false
2019-07-17T23:49:48.014Z,1,1,false
2019-07-17T23:50:35.196Z,1,2,false
2019-07-17T23:51:22.491Z,1,3,false
2019-07-17T23:52:10.489Z,1,4,false
2019-07-17T23:52:58.486Z,1,5,false
2019-07-17T23:53:46.405Z,1,6,false
2019-07-17T23:54:34.575Z,1,7,false
2019-07-17T23:55:21.921Z,1,8,false
2019-07-17T23:56:09.996Z,1,9,false
2019-07-17T23:57:27.530Z,1,1,false
2019-07-17T23:58:14.870Z,1,2,false
2019-07-17T23:59:02.032Z,1,3,false
2019-07-17T23:59:49.481Z,1,4,false
2019-07-18T00:00:33.028Z,1,5,false
2019-07-18T00:01:19.248Z,1,6,false
2019-07-18T00:02:08.370Z,1,7,false
2019-07-18T00:02:56.921Z,1,8,false
2019-07-18T00:03:46.707Z,1,9,false
2019-07-18T00:05:06.005Z,1,1,false
2019-07-18T00:05:50.109Z,1,2,false
2019-07-18T00:06:38.126Z,1,3,false
2019-07-18T00:07:26.929Z,1,4,false
2019-07-18T00:08:14.923Z,1,5,false
2019-07-18T00:08:38.666Z,1,6,false
2019-07-18T00:09:28.427Z,1,7,false
2019-07-18T00:10:17.739Z,1,8,false
2019-07-18T00:11:07.378Z,1,9,false
2019-07-18T00:12:26.169Z,1,1,false
2019-07-18T00:13:07.379Z,1,2,false
2019-07-18T00:13:51.280Z,1,3,false
2019-07-18T00:14:40.894Z,1,4,false
2019-07-18T00:15:29.435Z,1,5,false
2019-07-18T00:15:49.696Z,1,6,false
2019-07-18T00:16:38.581Z,1,7,false
2019-07-18T00:17:27.041Z,1,8,false
2019-07-18T00:18:16.586Z,1,9,false
2019-07-18T00:19:35.491Z,1,1,false
2019-07-18T00:20:22.097Z,1,2,false
2019-07-18T00:21:11.069Z,1,3,false
2019-07-18T00:22:00.428Z,1,4,false
2019-07-18T00:22:43.885Z,1,5,false
2019-07-18T00:23:09.174Z,1,6,false
2019-07-18T00:23:58.087Z,1,7,false
2019-07-18T00:24:46.487Z,1,8,false
2019-07-18T00:25:35.718Z,1,9,false
2019-07-18T00:26:54.925Z,1,1,false
2019-07-18T00:27:37.798Z,1,2,false
2019-07-18T00:28:23.692Z,1,3,false
2019-07-18T00:29:12.622Z,1,4,false
2019-07-18T00:29:56.833Z,1,5,false
2019-07-18T00:30:28.290Z,1,6,false
2019-07-18T00:31:17.412Z,1,7,false
2019-07-18T00:32:06.319Z,1,8,false
2019-07-18T00:32:54.809Z,1,9,false
2019-07-18T00:34:14.261Z,1,1,false
2019-07-18T00:34:58.431Z,1,2,false
2019-07-18T00:35:45.983Z,1,3,false
2019-07-18T00:36:35.511Z,1,4,false
2019-07-18T00:37:25.099Z,1,5,false
2019-07-18T00:37:44.225Z,1,6,false
2019-07-18T00:38:31.982Z,1,7,false
2019-07-18T00:39:20.821Z,1,8,false
2019-07-18T00:40:10.376Z,1,9,false
2019-07-18T00:41:29.443Z,1,1,false
2019-07-18T00:42:10.623Z,1,2,false
2019-07-18T00:42:57.046Z,1,3,false
2019-07-18T00:43:46.264Z,1,4,false
2019-07-18T00:44:31.804Z,1,5,false
2019-07-18T00:44:49.818Z,1,6,false
2019-07-18T00:45:38.982Z,1,7,false
2019-07-18T00:46:27.917Z,1,8,false
2019-07-18T00:47:17.486Z,1,9,false
2019-07-18T00:48:36.011Z,1,1,false
2019-07-18T00:49:17.412Z,1,2,false
2019-07-18T00:50:04.129Z,1,3,false
2019-07-18T00:50:53.571Z,1,4,false
2019-07-18T00:51:41.708Z,1,5,false
2019-07-18T00:52:02.304Z,1,6,false
2019-07-18T00:52:50.962Z,1,7,false
2019-07-18T00:53:39.153Z,1,8,false
2019-07-18T00:54:28.685Z,1,9,false
2019-07-18T00:55:47.535Z,1,1,false
2019-07-18T00:56:32.901Z,1,2,false
2019-07-18T00:57:19.085Z,1,3,false
2019-07-18T00:58:08.295Z,1,4,false
2019-07-18T00:58:55.761Z,1,5,false
2019-07-18T00:59:22.685Z,1,6,false
2019-07-18T01:00:10.903Z,1,7,false
2019-07-18T01:00:59.303Z,1,8,false
2019-07-18T01:01:48.681Z,1,9,false
2019-07-18T01:03:07.686Z,1,1,false
2019-07-18T01:03:48.000Z,1,2,false
2019-07-18T01:04:34.780Z,1,3,false
2019-07-18T01:05:23.650Z,1,4,false
2019-07-18T01:06:13.616Z,1,5,false
2019-07-18T01:06:39.581Z,1,6,false
2019-07-18T01:07:29.464Z,1,7,false
2019-07-18T01:08:18.157Z,1,8,false
2019-07-18T01:09:07.483Z,1,9,false
2019-07-18T01:10:26.183Z,1,1,false
2019-07-18T01:11:04.848Z,1,2,false
2019-07-18T01:11:50.992Z,1,3,false
2019-07-18T01:12:41.211Z,1,4,false
2019-07-18T01:13:30.134Z,1,5,false
2019-07-18T01:13:48.264Z,1,6,false
2019-07-18T01:14:39.619Z,1,7,false
2019-07-18T01:15:30.767Z,1,8,false
2019-07-18T01:16:22.079Z,1,9,false
2019-07-18T01:17:42.500Z,1,1,false
2019-07-18T01:18:25.520Z,1,2,false
2019-07-18T01:19:11.731Z,1,3,false
2019-07-18T01:20:00.951Z,1,4,false
2019-07-18T01:20:49.231Z,1,5,false
2019-07-18T01:21:10.319Z,1,6,false
2019-07-18T01:21:58.124Z,1,7,false
2019-07-18T01:22:47.167Z,1,8,false
2019-07-18T01:23:36.370Z,1,9,false
2019-07-18T01:24:55.854Z,1,1,false
2019-07-18T01:25:39.642Z,1,2,false
2019-07-18T01:26:25.907Z,1,3,false
2019-07-18T01:27:14.658Z,1,4,false
2019-07-18T01:28:03.397Z,1,5,false
2019-07-18T01:28:31.379Z,1,6,false
2019-07-18T01:29:20.299Z,1,7,false
2019-07-18T01:30:09.159Z,1,8,false
2019-07-18T01:30:58.166Z,1,9,false
2019-07-18T01:32:17.286Z,1,1,false
2019-07-18T01:33:01.785Z,1,2,false
2019-07-18T01:33:32.927Z,1,3,false
2019-07-18T01:34:17.933Z,1,4,false
2019-07-18T01:35:07.648Z,1,5,false
2019-07-18T01:35:55.302Z,1,6,false
2019-07-18T01:36:14.445Z,1,7,false
2019-07-18T01:37:02.182Z,1,8,false
2019-07-18T01:37:52.000Z,1,9,false
2019-07-18T01:39:12.428Z,1,1,false
2019-07-18T01:39:57.055Z,1,2,false
2019-07-18T01:40:46.020Z,1,3,false
2019-07-18T01:41:35.616Z,1,4,false
2019-07-18T01:42:25.724Z,1,5,false
2019-07-18T01:43:13.951Z,1,6,false
2019-07-18T01:43:45.815Z,1,7,false
2019-07-18T01:44:35.060Z,1,8,false
2019-07-18T01:45:23.867Z,1,9,false
2019-07-18T01:46:43.033Z,1,1,false
2019-07-18T01:47:24.799Z,1,2,false
2019-07-18T01:48:11.266Z,1,3,false
2019-07-18T01:49:00.229Z,1,4,false
2019-07-18T01:49:49.877Z,1,5,false
2019-07-18T01:50:37.685Z,1,6,false
2019-07-18T01:50:59.107Z,1,7,false
2019-07-18T01:51:47.124Z,1,8,false
2019-07-18T01:52:36.049Z,1,9,false
2019-07-18T01:53:55.599Z,1,1,false
2019-07-18T01:54:36.502Z,1,2,false
2019-07-18T01:55:23.408Z,1,3,false
2019-07-18T01:56:13.062Z,1,4,false
2019-07-18T01:57:02.700Z,1,5,false
2019-07-18T01:57:34.292Z,1,6,false
2019-07-18T01:58:01.777Z,1,7,false
2019-07-18T01:58:21.326Z,1,8,false
2019-07-18T01:58:43.975Z,1,9,false
2019-07-18T01:59:47.095Z,1,1,false
2019-07-18T02:00:04.757Z,1,2,false
2019-07-18T02:00:36.426Z,1,3,false
2019-07-18T02:01:22.415Z,1,4,false
2019-07-18T02:02:11.917Z,1,5,false
2019-07-18T02:03:01.449Z,1,6,false
2019-07-18T02:03:47.037Z,1,7,false
2019-07-18T02:04:12.307Z,1,8,false
2019-07-18T02:05:01.297Z,1,9,false
2019-07-18T02:06:20.277Z,1,1,false
2019-07-18T02:07:00.496Z,1,2,false
2019-07-18T02:07:46.111Z,1,3,false
2019-07-18T02:08:35.323Z,1,4,false
2019-07-18T02:09:24.640Z,1,5,false
2019-07-18T02:10:12.965Z,1,6,false
2019-07-18T02:10:46.752Z,1,7,false
2019-07-18T02:11:32.031Z,1,8,false
2019-07-18T02:12:21.155Z,1,9,false
2019-07-18T02:13:40.124Z,1,1,false
2019-07-18T02:14:23.447Z,1,2,false
2019-07-18T02:15:11.550Z,1,3,false
2019-07-18T02:16:01.273Z,1,4,false
2019-07-18T02:16:50.989Z,1,5,false
2019-07-18T02:17:39.975Z,1,6,false
2019-07-18T02:18:27.357Z,1,7,false
2019-07-18T02:18:48.537Z,1,8,false
2019-07-18T02:19:37.119Z,1,9,false
2019-07-18T02:20:56.490Z,1,1,false
2019-07-18T02:21:38.510Z,1,2,false
2019-07-18T02:22:25.328Z,1,3,false
2019-07-18T02:23:15.223Z,1,4,false
2019-07-18T02:24:05.179Z,1,5,false
2019-07-18T02:24:54.226Z,1,6,false
2019-07-18T02:25:41.382Z,1,7,false
2019-07-18T02:26:03.256Z,1,8,false
2019-07-18T02:26:52.116Z,1,9,false
2019-07-18T02:28:11.121Z,1,1,false
2019-07-18T02:28:54.829Z,1,2,false
2019-07-18T02:29:42.579Z,1,3,false
2019-07-18T02:30:31.265Z,1,4,false
2019-07-18T02:31:20.924Z,1,5,false
2019-07-18T02:32:10.276Z,1,6,false
2019-07-18T02:32:41.327Z,1,7,false
2019-07-18T02:33:11.238Z,1,8,false
2019-07-18T02:33:29.267Z,1,9,false
2019-07-18T02:34:22.160Z,1,1,false
2019-07-18T02:35:13.063Z,1,2,false
2019-07-18T02:36:01.602Z,1,3,false
2019-07-18T02:36:50.863Z,1,4,false
2019-07-18T02:37:40.950Z,1,5,false
2019-07-18T02:38:29.666Z,1,6,false
2019-07-18T02:39:11.276Z,1,7,false
2019-07-18T02:39:33.707Z,1,8,false
2019-07-18T02:40:23.171Z,1,9,false
2019-07-18T02:41:42.491Z,1,1,false
2019-07-18T02:42:22.084Z,1,2,false
2019-07-18T02:43:09.007Z,1,3,false
2019-07-18T02:43:57.883Z,1,4,false
2019-07-18T02:44:47.454Z,1,5,false
2019-07-18T02:45:36.853Z,1,6,false
2019-07-18T02:46:08.955Z,1,7,false
2019-07-18T02:46:35.432Z,1,8,false
2019-07-18T02:47:22.215Z,1,9,false
2019-07-18T02:48:41.691Z,1,1,false
2019-07-18T02:49:22.822Z,1,2,false
2019-07-18T02:50:09.445Z,1,3,false
2019-07-18T02:50:59.069Z,1,4,false
2019-07-18T02:51:48.823Z,1,5,false
2019-07-18T02:52:37.939Z,1,6,false
2019-07-18T02:53:09.572Z,1,7,false
2019-07-18T02:53:38.404Z,1,8,false
2019-07-18T02:53:57.880Z,1,9,false
2019-07-18T02:54:50.141Z,1,1,false
2019-07-18T02:55:36.171Z,1,2,false
2019-07-18T02:56:24.502Z,1,3,false
2019-07-18T02:57:13.950Z,1,4,false
2019-07-18T02:58:03.511Z,1,5,false
2019-07-18T02:58:52.315Z,1,6,false
2019-07-18T02:59:40.196Z,1,7,false
2019-07-18T02:59:52.886Z,1,8,false
2019-07-18T03:00:41.659Z,1,9,false
2019-07-18T03:02:00.501Z,1,1,false
2019-07-18T03:02:45.884Z,1,2,false
2019-07-18T03:03:33.570Z,1,3,false
2019-07-18T03:04:21.896Z,1,4,false
2019-07-18T03:05:11.899Z,1,5,false
2019-07-18T03:06:00.698Z,1,6,false
2019-07-18T03:06:42.884Z,1,7,false
2019-07-18T03:07:14.553Z,1,8,false
2019-07-18T03:08:03.150Z,1,9,false
2019-07-18T03:09:22.616Z,1,1,false
2019-07-18T03:10:10.119Z,1,2,false
2019-07-18T03:10:54.841Z,1,3,false
2019-07-18T03:11:44.299Z,1,4,false
2019-07-18T03:12:33.991Z,1,5,false
2019-07-18T03:13:22.976Z,1,6,false
2019-07-18T03:14:11.303Z,1,7,false
2019-07-18T03:14:35.893Z,1,8,false
2019-07-18T03:15:24.460Z,1,9,false
2019-07-18T03:16:43.724Z,1,1,false
2019-07-18T03:17:28.023Z,1,2,false
2019-07-18T03:18:14.201Z,1,3,false
2019-07-18T03:19:03.805Z,1,4,false
2019-07-18T03:19:53.771Z,1,5,false
2019-07-18T03:20:43.132Z,1,6,false
2019-07-18T03:21:31.609Z,1,7,false
2019-07-18T03:21:45.802Z,1,8,false
2019-07-18T03:22:34.078Z,1,9,false
2019-07-18T03:23:53.223Z,1,1,false
2019-07-18T03:24:35.631Z,1,2,false
2019-07-18T03:25:22.127Z,1,3,false
2019-07-18T03:26:11.257Z,1,4,false
2019-07-18T03:27:01.178Z,1,5,false
2019-07-18T03:27:49.910Z,1,6,false
2019-07-18T03:28:38.147Z,1,7,false
2019-07-18T03:29:02.661Z,1,8,false
2019-07-18T03:29:52.258Z,1,9,false
2019-07-18T03:31:11.534Z,1,1,false
2019-07-18T03:31:56.210Z,1,2,false
2019-07-18T03:32:42.718Z,1,3,false
2019-07-18T03:33:32.377Z,1,4,false
2019-07-18T03:34:22.196Z,1,5,false
2019-07-18T03:35:10.673Z,1,6,false
2019-07-18T03:35:58.722Z,1,7,false
2019-07-18T03:36:24.239Z,1,8,false
2019-07-18T03:37:13.740Z,1,9,false
2019-07-18T03:38:32.534Z,1,1,false
2019-07-18T03:39:14.812Z,1,2,false
2019-07-18T03:39:58.195Z,1,3,false
2019-07-18T03:40:47.569Z,1,4,false
2019-07-18T03:41:37.310Z,1,5,false
2019-07-18T03:42:27.035Z,1,6,false
2019-07-18T03:43:13.274Z,1,7,false
2019-07-18T03:43:41.419Z,1,8,false
2019-07-18T03:44:30.817Z,1,9,false
2019-07-18T03:45:50.121Z,1,1,false
2019-07-18T03:46:34.320Z,1,2,false
2019-07-18T03:47:21.703Z,1,3,false
2019-07-18T03:48:11.175Z,1,4,false
2019-07-18T03:49:00.798Z,1,5,false
2019-07-18T03:49:49.997Z,1,6,false
2019-07-18T03:50:31.435Z,1,7,false
2019-07-18T03:50:53.190Z,1,8,false
2019-07-18T03:51:42.163Z,1,9,false
2019-07-18T03:53:01.682Z,1,1,false
2019-07-18T03:53:43.636Z,1,2,false
2019-07-18T03:54:28.823Z,1,3,false
2019-07-18T03:55:17.996Z,1,4,false
2019-07-18T03:56:08.354Z,1,5,false
2019-07-18T03:56:56.913Z,1,6,false
2019-07-18T03:57:45.001Z,1,7,false
2019-07-18T03:58:08.981Z,1,8,false
2019-07-18T03:58:56.940Z,1,9,false
2019-07-18T04:00:15.865Z,1,1,false
2019-07-18T04:01:00.304Z,1,2,false
2019-07-18T04:01:48.569Z,1,3,false
2019-07-18T04:02:37.868Z,1,4,false
2019-07-18T04:03:28.453Z,1,5,false
2019-07-18T04:04:17.634Z,1,6,false
2019-07-18T04:05:06.197Z,1,7,false
2019-07-18T04:05:22.109Z,1,8,false
2019-07-18T04:06:11.925Z,1,9,false
2019-07-18T04:07:30.909Z,1,1,false
2019-07-18T04:08:10.009Z,1,2,false
2019-07-18T04:08:57.598Z,1,3,false
2019-07-18T04:09:47.053Z,1,4,false
2019-07-18T04:10:37.526Z,1,5,false
2019-07-18T04:11:26.195Z,1,6,false
2019-07-18T04:11:58.036Z,1,7,false
2019-07-18T04:12:24.568Z,1,8,false
2019-07-18T04:12:45.262Z,1,9,false
2019-07-18T04:13:39.256Z,1,1,false
2019-07-18T04:14:27.353Z,1,2,false
2019-07-18T04:15:15.903Z,1,3,false
2019-07-18T04:16:05.462Z,1,4,false
2019-07-18T04:16:55.326Z,1,5,false
2019-07-18T04:17:44.473Z,1,6,false
2019-07-18T04:18:32.755Z,1,7,false
2019-07-18T04:18:47.215Z,1,8,false
2019-07-18T04:19:35.772Z,1,9,false
2019-07-18T04:20:55.062Z,1,1,false
2019-07-18T04:21:40.448Z,1,2,false
2019-07-18T04:22:26.521Z,1,3,false
2019-07-18T04:23:15.243Z,1,4,false
2019-07-18T04:24:04.935Z,1,5,false
2019-07-18T04:24:53.934Z,1,6,false
2019-07-18T04:25:42.206Z,1,7,false
2019-07-18T04:26:05.261Z,1,8,false
2019-07-18T04:26:54.643Z,1,9,false
2019-07-18T04:28:13.567Z,1,1,false
2019-07-18T04:28:54.536Z,1,2,false
2019-07-18T04:29:41.327Z,1,3,false
2019-07-18T04:30:30.920Z,1,4,false
2019-07-18T04:31:20.774Z,1,5,false
2019-07-18T04:32:10.075Z,1,6,false
2019-07-18T04:32:51.521Z,1,7,false
2019-07-18T04:33:15.087Z,1,8,false
2019-07-18T04:34:04.868Z,1,9,false
2019-07-18T04:35:23.791Z,1,1,false
2019-07-18T04:36:08.863Z,1,2,false
2019-07-18T04:36:57.271Z,1,3,false
2019-07-18T04:37:51.194Z,1,4,false
2019-07-18T04:38:43.036Z,1,5,false
2019-07-18T04:39:35.775Z,1,6,false
2019-07-18T04:40:25.806Z,1,7,false
2019-07-18T04:40:47.738Z,1,8,false
2019-07-18T04:41:37.025Z,1,9,false
2019-07-18T04:42:55.890Z,1,1,false
2019-07-18T04:43:42.539Z,1,2,false
2019-07-18T04:44:31.485Z,1,3,false
2019-07-18T04:45:21.845Z,1,4,false
2019-07-18T04:46:11.881Z,1,5,false
2019-07-18T04:47:00.772Z,1,6,false
2019-07-18T04:47:33.568Z,1,7,false
2019-07-18T04:47:58.288Z,1,8,false
2019-07-18T04:48:30.334Z,1,9,false
2019-07-18T04:49:50.039Z,1,1,false
2019-07-18T04:50:31.551Z,1,2,false
2019-07-18T04:51:16.947Z,1,3,false
2019-07-18T04:52:06.598Z,1,4,false
2019-07-18T04:52:56.988Z,1,5,false
2019-07-18T04:53:46.579Z,1,6,false
2019-07-18T04:54:31.629Z,1,7,false
2019-07-18T04:54:56.523Z,1,8,false
2019-07-18T04:55:46.469Z,1,9,false
2019-07-18T04:57:05.728Z,1,1,false
2019-07-18T04:57:48.366Z,1,2,false
2019-07-18T04:58:34.361Z,1,3,false
2019-07-18T04:59:24.396Z,1,4,false
2019-07-18T05:00:14.673Z,1,5,false
2019-07-18T05:01:03.364Z,1,6,false
2019-07-18T05:01:49.550Z,1,7,false
2019-07-18T05:02:12.200Z,1,8,false
2019-07-18T05:03:01.289Z,1,9,false
2019-07-18T05:04:20.183Z,1,1,false
2019-07-18T05:05:04.996Z,1,2,false
2019-07-18T05:05:52.643Z,1,3,false
2019-07-18T05:06:41.674Z,1,4,false
2019-07-18T05:07:31.599Z,1,5,false
2019-07-18T05:08:20.679Z,1,6,false
2019-07-18T05:08:53.673Z,1,7,false
2019-07-18T05:09:17.367Z,1,8,false
2019-07-18T05:09:34.777Z,1,9,false
2019-07-18T05:10:36.099Z,1,1,false
2019-07-18T05:10:53.805Z,1,2,false
2019-07-18T05:11:30.555Z,1,3,false
2019-07-18T05:12:13.995Z,1,4,false
2019-07-18T05:13:03.476Z,1,5,false
2019-07-18T05:13:52.387Z,1,6,false
2019-07-18T05:14:43.247Z,1,7,false
2019-07-18T05:15:31.638Z,1,8,false
2019-07-18T05:15:56.898Z,1,9,false
2019-07-18T05:17:16.185Z,1,1,false
2019-07-18T05:17:51.512Z,1,2,false
2019-07-18T05:18:23.040Z,1,3,false
2019-07-18T05:19:11.978Z,1,4,false
2019-07-18T05:20:01.766Z,1,5,false
2019-07-18T05:20:50.672Z,1,6,false
2019-07-18T05:21:39.839Z,1,7,false
2019-07-18T05:22:29.268Z,1,8,false
2019-07-18T05:23:01.497Z,1,9,false
2019-07-18T05:23:58.274Z,1,1,false
2019-07-18T05:24:28.403Z,1,2,false
2019-07-18T05:25:09.810Z,1,3,false
2019-07-18T05:25:59.717Z,1,4,false
2019-07-18T05:26:49.561Z,1,5,false
2019-07-18T05:27:39.242Z,1,6,false
2019-07-18T05:28:28.153Z,1,7,false
2019-07-18T05:29:17.146Z,1,8,false
2019-07-18T05:30:05.289Z,1,9,false
2019-07-18T05:30:55.432Z,1,1,false
2019-07-18T05:31:19.751Z,1,2,false
2019-07-18T05:32:03.167Z,1,3,false
2019-07-18T05:32:52.676Z,1,4,false
2019-07-18T05:33:42.319Z,1,5,false
2019-07-18T05:34:31.419Z,1,6,false
2019-07-18T05:35:20.470Z,1,7,false
2019-07-18T05:36:09.641Z,1,8,false
2019-07-18T05:36:58.849Z,1,9,false
2019-07-18T05:38:01.622Z,1,1,false
2019-07-18T05:38:23.307Z,1,2,false
2019-07-18T05:39:12.703Z,1,3,false
2019-07-18T05:40:02.278Z,1,4,false
2019-07-18T05:40:51.683Z,1,5,false
2019-07-18T05:41:41.212Z,1,6,false
2019-07-18T05:42:29.950Z,1,7,false
2019-07-18T05:43:19.257Z,1,8,false
2019-07-18T05:44:07.580Z,1,9,false
2019-07-18T05:45:25.459Z,1,1,false
2019-07-18T05:46:07.587Z,1,2,false
2019-07-18T05:46:56.372Z,1,3,false
2019-07-18T05:47:46.190Z,1,4,false
2019-07-18T05:48:36.539Z,1,5,false
2019-07-18T05:49:25.876Z,1,6,false
2019-07-18T05:50:15.168Z,1,7,false
2019-07-18T05:51:03.889Z,1,8,false
2019-07-18T05:51:54.748Z,1,9,false
2019-07-18T05:53:12.021Z,1,1,false
2019-07-18T05:53:51.927Z,1,2,false
2019-07-18T05:54:40.640Z,1,3,false
2019-07-18T05:55:30.626Z,1,4,false
2019-07-18T05:56:19.962Z,1,5,false
2019-07-18T05:57:09.011Z,1,6,false
2019-07-18T05:57:58.619Z,1,7,false
2019-07-18T05:58:47.335Z,1,8,false
2019-07-18T05:59:36.983Z,1,9,false
2019-07-18T06:00:38.904Z,1,1,false
2019-07-18T06:01:01.070Z,1,2,false
2019-07-18T06:01:49.645Z,1,3,false
2019-07-18T06:02:38.921Z,1,4,false
2019-07-18T06:03:28.928Z,1,5,false
2019-07-18T06:04:17.991Z,1,6,false
2019-07-18T06:05:07.689Z,1,7,false
2019-07-18T06:05:56.469Z,1,8,false
2019-07-18T06:06:45.397Z,1,9,false
2019-07-18T06:07:47.875Z,1,1,false
2019-07-18T06:08:10.094Z,1,2,false
2019-07-18T06:08:58.523Z,1,3,false
2019-07-18T06:09:47.902Z,1,4,false
2019-07-18T06:10:37.535Z,1,5,false
2019-07-18T06:11:26.711Z,1,6,false
2019-07-18T06:12:16.066Z,1,7,false
2019-07-18T06:13:05.033Z,1,8,false
2019-07-18T06:13:54.204Z,1,9,false
2019-07-18T06:15:12.321Z,1,1,false
2019-07-18T06:15:44.656Z,1,2,false
2019-07-18T06:16:33.146Z,1,3,false
2019-07-18T06:17:23.148Z,1,4,false
2019-07-18T06:18:12.648Z,1,5,false
2019-07-18T06:19:02.217Z,1,6,false
2019-07-18T06:19:51.096Z,1,7,false
2019-07-18T06:20:40.180Z,1,8,false
2019-07-18T06:21:29.926Z,1,9,false
2019-07-18T06:22:49.057Z,1,1,false
2019-07-18T06:23:29.962Z,1,2,false
2019-07-18T06:24:18.178Z,1,3,false
2019-07-18T06:25:07.420Z,1,4,false
2019-07-18T06:25:57.199Z,1,5,false
2019-07-18T06:26:45.748Z,1,6,false
2019-07-18T06:27:35.577Z,1,7,false
2019-07-18T06:28:24.549Z,1,8,false
2019-07-18T06:29:13.958Z,1,9,false
2019-07-18T06:30:17.226Z,1,1,false
2019-07-18T06:30:36.619Z,1,2,false
2019-07-18T06:30:56.792Z,1,3,false
2019-07-18T06:31:25.939Z,1,4,false
2019-07-18T06:31:48.883Z,1,5,false
2019-07-18T06:32:08.720Z,1,6,false
2019-07-18T06:32:41.132Z,1,7,false
2019-07-18T06:33:25.663Z,1,8,false
2019-07-18T06:34:15.316Z,1,9,false
2019-07-18T06:35:34.097Z,1,1,false
2019-07-18T06:36:23.705Z,1,2,false
2019-07-18T06:37:12.205Z,1,3,false
2019-07-18T06:38:01.440Z,1,4,false
2019-07-18T06:38:50.948Z,1,5,false
2019-07-18T06:39:40.353Z,1,6,false
2019-07-18T06:40:30.243Z,1,7,false
2019-07-18T06:41:19.071Z,1,8,false
2019-07-18T06:42:08.714Z,1,9,false
2019-07-18T06:43:10.258Z,1,1,false
2019-07-18T06:43:29.279Z,1,2,false
2019-07-18T06:44:03.783Z,1,3,false
2019-07-18T06:44:53.939Z,1,4,false
2019-07-18T06:45:44.961Z,1,5,false
2019-07-18T06:46:34.518Z,1,6,false
2019-07-18T06:47:23.658Z,1,7,false
2019-07-18T06:48:12.910Z,1,8,false
2019-07-18T06:49:01.944Z,1,9,false
2019-07-18T06:50:03.889Z,1,1,false
2019-07-18T06:50:24.090Z,1,2,false
2019-07-18T06:51:12.338Z,1,3,false
2019-07-18T06:52:01.632Z,1,4,false
2019-07-18T06:52:51.456Z,1,5,false
2019-07-18T06:53:40.785Z,1,6,false
2019-07-18T06:54:30.720Z,1,7,false
2019-07-18T06:55:19.362Z,1,8,false
2019-07-18T06:56:08.643Z,1,9,false
2019-07-18T06:57:09.552Z,1,1,false
2019-07-18T06:57:30.337Z,1,2,false
2019-07-18T06:58:04.982Z,1,3,false
2019-07-18T06:58:53.816Z,1,4,false
2019-07-18T06:59:43.377Z,1,5,false
2019-07-18T07:00:32.968Z,1,6,false
2019-07-18T07:01:22.487Z,1,7,false
2019-07-18T07:02:11.679Z,1,8,false
2019-07-18T07:03:00.205Z,1,9,false
2019-07-18T07:04:18.246Z,1,1,false
2019-07-18T07:04:52.395Z,1,2,false
2019-07-18T07:05:32.048Z,1,3,false
2019-07-18T07:06:21.533Z,1,4,false
2019-07-18T07:07:11.701Z,1,5,false
2019-07-18T07:08:00.868Z,1,6,false
2019-07-18T07:08:50.203Z,1,7,false
2019-07-18T07:09:39.261Z,1,8,false
2019-07-18T07:10:22.771Z,1,9,false
2019-07-18T07:11:23.372Z,1,1,false
2019-07-18T07:11:41.302Z,1,2,false
2019-07-18T07:12:18.863Z,1,3,false
2019-07-18T07:13:07.910Z,1,4,false
2019-07-18T07:13:57.522Z,1,5,false
2019-07-18T07:14:47.008Z,1,6,false
2019-07-18T07:15:36.425Z,1,7,false
2019-07-18T07:16:25.645Z,1,8,false
2019-07-18T07:17:14.386Z,1,9,false
2019-07-18T07:18:16.668Z,1,1,false
2019-07-18T07:18:41.997Z,1,2,false
2019-07-18T07:19:11.621Z,1,3,false
2019-07-18T07:20:01.005Z,1,4,false
2019-07-18T07:20:50.865Z,1,5,false
2019-07-18T07:21:40.279Z,1,6,false
2019-07-18T07:22:29.909Z,1,7,false
2019-07-18T07:23:19.151Z,1,8,false
2019-07-18T07:24:08.511Z,1,9,false
2019-07-18T07:25:26.351Z,1,1,false
2019-07-18T07:26:09.006Z,1,2,false
2019-07-18T07:26:57.659Z,1,3,false
2019-07-18T07:27:47.733Z,1,4,false
2019-07-18T07:28:37.478Z,1,5,false
2019-07-18T07:29:27.000Z,1,6,false
2019-07-18T07:30:16.598Z,1,7,false
2019-07-18T07:31:06.376Z,1,8,false
2019-07-18T07:31:55.011Z,1,9,false
2019-07-18T07:33:12.797Z,1,1,false
2019-07-18T07:33:45.081Z,1,2,false
2019-07-18T07:34:34.032Z,1,3,false
2019-07-18T07:35:24.074Z,1,4,false
2019-07-18T07:36:13.638Z,1,5,false
2019-07-18T07:37:02.561Z,1,6,false
2019-07-18T07:37:51.833Z,1,7,false
2019-07-18T07:38:40.730Z,1,8,false
2019-07-18T07:39:30.705Z,1,9,false
2019-07-18T07:40:48.570Z,1,1,false
2019-07-18T07:41:30.504Z,1,2,false
2019-07-18T07:42:19.008Z,1,3,false
2019-07-18T07:43:08.207Z,1,4,false
2019-07-18T07:43:57.596Z,1,5,false
2019-07-18T07:44:46.654Z,1,6,false
2019-07-18T07:45:36.521Z,1,7,false
2019-07-18T07:46:25.703Z,1,8,false
2019-07-18T07:47:14.809Z,1,9,false
2019-07-18T07:48:32.737Z,1,1,false
2019-07-18T07:49:15.546Z,1,2,false
2019-07-18T07:50:04.418Z,1,3,false
2019-07-18T07:50:54.404Z,1,4,false
2019-07-18T07:51:45.026Z,1,5,false
2019-07-18T07:52:36.047Z,1,6,false
2019-07-18T07:53:25.430Z,1,7,false
2019-07-18T07:54:14.384Z,1,8,false
2019-07-18T07:55:03.490Z,1,9,false
2019-07-18T07:56:06.250Z,1,1,false
2019-07-18T07:56:55.287Z,1,2,false
2019-07-18T07:57:34.316Z,1,3,false
2019-07-18T07:58:23.914Z,1,4,false
2019-07-18T07:59:14.312Z,1,5,false
2019-07-18T08:00:03.401Z,1,6,false
2019-07-18T08:00:52.659Z,1,7,false
2019-07-18T08:01:41.918Z,1,8,false
2019-07-18T08:02:13.922Z,1,9,false
2019-07-18T08:03:12.686Z,1,1,false
2019-07-18T08:03:47.365Z,1,2,false
2019-07-18T08:04:33.779Z,1,3,false
2019-07-18T08:05:23.400Z,1,4,false
2019-07-18T08:06:13.314Z,1,5,false
2019-07-18T08:07:02.431Z,1,6,false
2019-07-18T08:07:52.147Z,1,7,false
2019-07-18T08:08:39.801Z,1,8,false
2019-07-18T08:08:55.222Z,1,9,false
2019-07-18T08:10:14.163Z,1,1,false
2019-07-18T08:10:31.736Z,1,2,false
2019-07-18T08:11:05.557Z,1,3,false
2019-07-18T08:11:52.066Z,1,4,false
2019-07-18T08:12:42.149Z,1,5,false
2019-07-18T08:13:32.026Z,1,6,false
2019-07-18T08:14:21.722Z,1,7,false
2019-07-18T08:15:10.997Z,1,8,false
2019-07-18T08:15:43.802Z,1,9,false
2019-07-18T08:16:52.310Z,1,1,false
2019-07-18T08:17:32.258Z,1,2,false
2019-07-18T08:18:18.741Z,1,3,false
2019-07-18T08:19:07.911Z,1,4,false
2019-07-18T08:19:57.826Z,1,5,false
2019-07-18T08:20:47.089Z,1,6,false
2019-07-18T08:21:36.768Z,1,7,false
2019-07-18T08:22:25.733Z,1,8,false
2019-07-18T08:22:58.243Z,1,9,false
2019-07-18T08:23:53.319Z,1,1,false
2019-07-18T08:24:37.709Z,1,2,false
2019-07-18T08:25:23.867Z,1,3,false
2019-07-18T08:26:13.097Z,1,4,false
2019-07-18T08:27:02.673Z,1,5,false
2019-07-18T08:27:51.772Z,1,6,false
2019-07-18T08:28:41.159Z,1,7,false
2019-07-18T08:29:29.023Z,1,8,false
2019-07-18T08:29:51.196Z,1,9,false
2019-07-18T08:31:10.025Z,1,1,false
2019-07-18T08:31:51.179Z,1,2,false
2019-07-18T08:32:36.007Z,1,3,false
2019-07-18T08:33:25.661Z,1,4,false
2019-07-18T08:34:16.323Z,1,5,false
2019-07-18T08:35:05.650Z,1,6,false
2019-07-18T08:35:54.619Z,1,7,false
2019-07-18T08:36:42.268Z,1,8,false
2019-07-18T08:37:05.132Z,1,9,false
2019-07-18T08:38:24.179Z,1,1,false
2019-07-18T08:38:57.986Z,1,2,false
2019-07-18T08:39:36.808Z,1,3,false
2019-07-18T08:40:26.202Z,1,4,false
2019-07-18T08:41:16.470Z,1,5,false
2019-07-18T08:42:05.553Z,1,6,false
2019-07-18T08:42:54.835Z,1,7,false
2019-07-18T08:43:43.997Z,1,8,false
2019-07-18T08:44:16.082Z,1,9,false
2019-07-18T08:45:11.974Z,1,1,false
2019-07-18T08:45:46.255Z,1,2,false
2019-07-18T08:46:26.826Z,1,3,false
2019-07-18T08:47:16.771Z,1,4,false
2019-07-18T08:48:06.669Z,1,5,false
2019-07-18T08:48:55.750Z,1,6,false
2019-07-18T08:49:45.640Z,1,7,false
2019-07-18T08:50:34.655Z,1,8,false
2019-07-18T08:51:22.806Z,1,9,false
2019-07-18T08:52:18.863Z,1,1,false
2019-07-18T08:52:59.857Z,1,2,false
2019-07-18T08:53:47.563Z,1,3,false
2019-07-18T08:54:36.776Z,1,4,false
2019-07-18T08:55:27.204Z,1,5,false
2019-07-18T08:56:16.623Z,1,6,false
2019-07-18T08:57:06.757Z,1,7,false
2019-07-18T08:57:55.350Z,1,8,false
2019-07-18T08:58:36.961Z,1,9,false
2019-07-18T08:59:39.955Z,1,1,false
2019-07-18T08:59:56.753Z,1,2,false
2019-07-18T09:00:31.370Z,1,3,false
2019-07-18T09:01:21.539Z,1,4,false
2019-07-18T09:02:11.495Z,1,5,false
2019-07-18T09:03:00.051Z,1,6,false
2019-07-18T09:03:49.281Z,1,7,false
2019-07-18T09:04:38.621Z,1,8,false
2019-07-18T09:05:28.368Z,1,9,false
2019-07-18T09:06:45.918Z,1,1,false
2019-07-18T09:07:29.198Z,1,2,false
2019-07-18T09:08:17.600Z,1,3,false
2019-07-18T09:09:07.502Z,1,4,false
2019-07-18T09:09:56.997Z,1,5,false
2019-07-18T09:10:46.107Z,1,6,false
2019-07-18T09:11:35.675Z,1,7,false
2019-07-18T09:12:24.684Z,1,8,false
2019-07-18T09:13:13.861Z,1,9,false
2019-07-18T09:14:30.984Z,1,1,false
2019-07-18T09:15:13.110Z,1,2,false
2019-07-18T09:16:01.849Z,1,3,false
2019-07-18T09:16:52.499Z,1,4,false
2019-07-18T09:17:45.039Z,1,5,false
2019-07-18T09:18:37.798Z,1,6,false
2019-07-18T09:19:27.966Z,1,7,false
2019-07-18T09:20:17.207Z,1,8,false
2019-07-18T09:21:06.785Z,1,9,false
2019-07-18T09:22:24.260Z,1,1,false
2019-07-18T09:22:54.310Z,1,2,false
2019-07-18T09:23:23.959Z,1,3,false
2019-07-18T09:24:13.628Z,1,4,false
2019-07-18T09:25:03.225Z,1,5,false
2019-07-18T09:25:52.227Z,1,6,false
2019-07-18T09:26:42.045Z,1,7,false
2019-07-18T09:27:31.917Z,1,8,false
2019-07-18T09:28:21.557Z,1,9,false
2019-07-18T09:29:34.640Z,1,1,false
2019-07-18T09:30:24.465Z,1,2,false
2019-07-18T09:31:12.914Z,1,3,false
2019-07-18T09:32:02.788Z,1,4,false
2019-07-18T09:32:52.731Z,1,5,false
2019-07-18T09:33:41.991Z,1,6,false
2019-07-18T09:34:31.773Z,1,7,false
2019-07-18T09:35:20.710Z,1,8,false
2019-07-18T09:36:10.436Z,1,9,false
2019-07-18T09:37:28.504Z,1,1,false
2019-07-18T09:38:10.426Z,1,2,false
2019-07-18T09:38:58.766Z,1,3,false
2019-07-18T09:39:48.775Z,1,4,false
2019-07-18T09:40:38.573Z,1,5,false
2019-07-18T09:41:28.055Z,1,6,false
2019-07-18T09:42:17.394Z,1,7,false
2019-07-18T09:43:06.540Z,1,8,false
2019-07-18T09:43:56.031Z,1,9,false
2019-07-18T09:45:13.667Z,1,1,false
2019-07-18T09:45:54.856Z,1,2,false
2019-07-18T09:46:43.468Z,1,3,false
2019-07-18T09:47:33.066Z,1,4,false
2019-07-18T09:48:22.844Z,1,5,false
2019-07-18T09:49:12.293Z,1,6,false
2019-07-18T09:50:00.818Z,1,7,false
2019-07-18T09:50:49.543Z,1,8,false
2019-07-18T09:51:39.066Z,1,9,false
2019-07-18T09:52:57.421Z,1,1,false
2019-07-18T09:53:41.408Z,1,2,false
2019-07-18T09:54:30.398Z,1,3,false
2019-07-18T09:55:20.175Z,1,4,false
2019-07-18T09:56:09.832Z,1,5,false
2019-07-18T09:56:58.512Z,1,6,false
2019-07-18T09:57:48.328Z,1,7,false
2019-07-18T09:58:37.662Z,1,8,false
2019-07-18T09:59:27.281Z,1,9,false
2019-07-18T10:00:29.497Z,1,1,false
2019-07-18T10:00:49.261Z,1,2,false
2019-07-18T10:01:36.775Z,1,3,false
2019-07-18T10:02:26.444Z,1,4,false
2019-07-18T10:03:16.397Z,1,5,false
2019-07-18T10:04:04.963Z,1,6,false
2019-07-18T10:04:54.377Z,1,7,false
2019-07-18T10:05:43.268Z,1,8,false
2019-07-18T10:06:31.926Z,1,9,false
2019-07-18T10:07:49.814Z,1,1,false
2019-07-18T10:08:25.103Z,1,2,false
2019-07-18T10:09:13.838Z,1,3,false
2019-07-18T10:10:03.494Z,1,4,false
2019-07-18T10:10:53.629Z,1,5,false
2019-07-18T10:11:43.132Z,1,6,false
2019-07-18T10:12:32.888Z,1,7,false
2019-07-18T10:13:21.622Z,1,8,false
2019-07-18T10:14:10.986Z,1,9,false
2019-07-18T10:15:12.877Z,1,1,false
2019-07-18T10:15:33.288Z,1,2,false
2019-07-18T10:15:55.610Z,1,3,false
2019-07-18T10:16:19.435Z,1,4,false
2019-07-18T10:16:46.086Z,1,5,false
2019-07-18T10:17:09.851Z,1,6,false
2019-07-18T10:17:31.156Z,1,7,false
2019-07-18T10:17:57.605Z,1,8,false
2019-07-18T10:18:23.385Z,1,9,false
2019-07-18T10:19:37.542Z,1,1,false
2019-07-18T10:20:28.241Z,1,2,false
2019-07-18T10:21:17.238Z,1,3,false
2019-07-18T10:22:07.031Z,1,4,false
2019-07-18T10:22:57.036Z,1,5,false
2019-07-18T10:23:46.458Z,1,6,false
2019-07-18T10:24:35.836Z,1,7,false
2019-07-18T10:25:24.906Z,1,8,false
2019-07-18T10:26:14.540Z,1,9,false
2019-07-18T10:27:32.332Z,1,1,false
2019-07-18T10:28:13.437Z,1,2,false
2019-07-18T10:29:01.574Z,1,3,false
2019-07-18T10:29:51.129Z,1,4,false
2019-07-18T10:30:41.151Z,1,5,false
2019-07-18T10:31:29.922Z,1,6,false
2019-07-18T10:32:19.794Z,1,7,false
2019-07-18T10:33:08.641Z,1,8,false
2019-07-18T10:33:57.764Z,1,9,false
2019-07-18T10:35:03.474Z,1,1,false
2019-07-18T10:35:53.691Z,1,2,false
2019-07-18T10:36:42.553Z,1,3,false
2019-07-18T10:37:32.062Z,1,4,false
2019-07-18T10:38:22.449Z,1,5,false
2019-07-18T10:39:11.584Z,1,6,false
2019-07-18T10:40:00.991Z,1,7,false
2019-07-18T10:40:50.180Z,1,8,false
2019-07-18T10:41:39.880Z,1,9,false
2019-07-18T10:42:58.379Z,1,1,false
2019-07-18T10:43:33.449Z,1,2,false
2019-07-18T10:44:22.142Z,1,3,false
2019-07-18T10:45:12.249Z,1,4,false
2019-07-18T10:46:02.147Z,1,5,false
2019-07-18T10:46:51.228Z,1,6,false
2019-07-18T10:47:41.001Z,1,7,false
2019-07-18T10:48:29.756Z,1,8,false
2019-07-18T10:49:19.159Z,1,9,false
2019-07-18T10:50:21.773Z,1,1,false
2019-07-18T10:50:44.587Z,1,2,false
2019-07-18T10:51:33.709Z,1,3,false
2019-07-18T10:52:22.613Z,1,4,false
2019-07-18T10:53:13.340Z,1,5,false
2019-07-18T10:54:02.676Z,1,6,false
2019-07-18T10:54:51.604Z,1,7,false
2019-07-18T10:55:40.510Z,1,8,false
2019-07-18T10:56:29.255Z,1,9,false
2019-07-18T10:57:48.067Z,1,1,false
2019-07-18T10:58:31.463Z,1,2,false
2019-07-18T10:59:19.485Z,1,3,false
2019-07-18T11:00:09.243Z,1,4,false
2019-07-18T11:00:59.017Z,1,5,false
2019-07-18T11:01:48.449Z,1,6,false
2019-07-18T11:02:37.629Z,1,7,false
2019-07-18T11:03:26.292Z,1,8,false
2019-07-18T11:04:15.345Z,1,9,false
2019-07-18T11:05:29.525Z,1,1,false
2019-07-18T11:06:11.593Z,1,2,false
2019-07-18T11:07:00.462Z,1,3,false
2019-07-18T11:07:49.592Z,1,4,false
2019-07-18T11:08:39.415Z,1,5,false
2019-07-18T11:09:28.409Z,1,6,false
2019-07-18T11:10:18.083Z,1,7,false
2019-07-18T11:11:07.235Z,1,8,false
2019-07-18T11:11:56.503Z,1,9,false
2019-07-18T11:13:14.718Z,1,1,false
2019-07-18T11:13:55.178Z,1,2,false
2019-07-18T11:14:43.628Z,1,3,false
2019-07-18T11:15:33.721Z,1,4,false
2019-07-18T11:16:23.485Z,1,5,false
2019-07-18T11:17:12.704Z,1,6,false
2019-07-18T11:18:01.658Z,1,7,false
2019-07-18T11:18:50.039Z,1,8,false
2019-07-18T11:19:39.310Z,1,9,false
2019-07-18T11:20:59.078Z,1,1,false
2019-07-18T11:21:38.877Z,1,2,false
2019-07-18T11:22:27.306Z,1,3,false
2019-07-18T11:23:17.228Z,1,4,false
2019-07-18T11:24:06.696Z,1,5,false
2019-07-18T11:24:55.644Z,1,6,false
2019-07-18T11:25:46.301Z,1,7,false
2019-07-18T11:26:37.736Z,1,8,false
2019-07-18T11:27:27.224Z,1,9,false
2019-07-18T11:28:45.277Z,1,1,false
2019-07-18T11:29:19.428Z,1,2,false
2019-07-18T11:30:07.858Z,1,3,false
2019-07-18T11:30:57.707Z,1,4,false
2019-07-18T11:31:47.754Z,1,5,false
2019-07-18T11:32:37.554Z,1,6,false
2019-07-18T11:33:27.383Z,1,7,false
2019-07-18T11:34:16.416Z,1,8,false
2019-07-18T11:35:05.911Z,1,9,false
2019-07-18T11:36:09.459Z,1,1,false
2019-07-18T11:36:55.120Z,1,2,false
2019-07-18T11:37:32.303Z,1,3,false
2019-07-18T11:38:21.943Z,1,4,false
2019-07-18T11:39:12.236Z,1,5,false
2019-07-18T11:40:01.290Z,1,6,false
2019-07-18T11:40:50.471Z,1,7,false
2019-07-18T11:41:39.626Z,1,8,false
2019-07-18T11:42:12.295Z,1,9,false
2019-07-18T11:43:08.432Z,1,1,false
2019-07-18T11:43:42.270Z,1,2,false
2019-07-18T11:44:01.387Z,1,3,false
2019-07-18T11:44:25.386Z,1,4,false
2019-07-18T11:44:52.744Z,1,5,false
2019-07-18T11:45:40.905Z,1,6,false
2019-07-18T11:46:30.745Z,1,7,false
2019-07-18T11:47:14.325Z,1,8,false
2019-07-18T11:47:36.516Z,1,9,false
2019-07-18T11:48:56.059Z,1,1,false
2019-07-18T11:49:14.060Z,1,2,false
2019-07-18T11:49:50.027Z,1,3,false
2019-07-18T11:50:40.182Z,1,4,false
2019-07-18T11:51:29.804Z,1,5,false
2019-07-18T11:52:19.349Z,1,6,false
2019-07-18T11:53:09.433Z,1,7,false
2019-07-18T11:53:58.533Z,1,8,false
2019-07-18T11:54:31.976Z,1,9,false
2019-07-18T11:55:28.038Z,1,1,false
2019-07-18T11:56:02.909Z,1,2,false
2019-07-18T11:56:43.513Z,1,3,false
2019-07-18T11:57:32.976Z,1,4,false
2019-07-18T11:58:22.830Z,1,5,false
2019-07-18T11:59:12.537Z,1,6,false
2019-07-18T12:00:01.851Z,1,7,false
2019-07-18T12:00:50.647Z,1,8,false
2019-07-18T12:01:36.672Z,1,9,false
2019-07-18T12:02:30.329Z,1,1,false
2019-07-18T12:02:47.760Z,1,2,false
2019-07-18T12:03:36.510Z,1,3,false
2019-07-18T12:04:26.445Z,1,4,false
2019-07-18T12:05:16.770Z,1,5,false
2019-07-18T12:06:06.055Z,1,6,false
2019-07-18T12:06:55.485Z,1,7,false
2019-07-18T12:07:44.586Z,1,8,false
2019-07-18T12:08:34.053Z,1,9,false
2019-07-18T12:09:52.142Z,1,1,false
2019-07-18T12:10:33.702Z,1,2,false
2019-07-18T12:11:22.079Z,1,3,false
2019-07-18T12:12:11.525Z,1,4,false
2019-07-18T12:13:01.186Z,1,5,false
2019-07-18T12:13:50.673Z,1,6,false
2019-07-18T12:14:40.598Z,1,7,false
2019-07-18T12:15:29.055Z,1,8,false
2019-07-18T12:16:18.770Z,1,9,false
2019-07-18T12:17:21.161Z,1,1,false
2019-07-18T12:17:43.601Z,1,2,false
2019-07-18T12:18:32.810Z,1,3,false
2019-07-18T12:19:22.009Z,1,4,false
2019-07-18T12:20:11.824Z,1,5,false
2019-07-18T12:21:01.261Z,1,6,false
2019-07-18T12:21:51.272Z,1,7,false
2019-07-18T12:22:40.337Z,1,8,false
2019-07-18T12:23:29.358Z,1,9,false
2019-07-18T12:24:47.721Z,1,1,false
2019-07-18T12:25:29.728Z,1,2,false
2019-07-18T12:26:18.481Z,1,3,false
2019-07-18T12:27:08.485Z,1,4,false
2019-07-18T12:27:58.229Z,1,5,false
2019-07-18T12:28:47.712Z,1,6,false
2019-07-18T12:29:37.598Z,1,7,false
2019-07-18T12:30:26.761Z,1,8,false
2019-07-18T12:31:16.406Z,1,9,false
2019-07-18T12:32:34.593Z,1,1,false
2019-07-18T12:33:07.678Z,1,2,false
2019-07-18T12:33:56.692Z,1,3,false
2019-07-18T12:34:46.232Z,1,4,false
2019-07-18T12:35:35.830Z,1,5,false
2019-07-18T12:36:24.976Z,1,6,false
2019-07-18T12:37:14.614Z,1,7,false
2019-07-18T12:38:03.777Z,1,8,false
2019-07-18T12:38:53.040Z,1,9,false
2019-07-18T12:39:56.028Z,1,1,false
2019-07-18T12:40:17.442Z,1,2,false
2019-07-18T12:41:00.233Z,1,3,false
2019-07-18T12:41:49.940Z,1,4,false
2019-07-18T12:42:39.697Z,1,5,false
2019-07-18T12:43:28.988Z,1,6,false
2019-07-18T12:44:18.247Z,1,7,false
2019-07-18T12:45:07.675Z,1,8,false
2019-07-18T12:45:56.983Z,1,9,false
2019-07-18T12:46:59.661Z,1,1,false
2019-07-18T12:47:23.485Z,1,2,false
2019-07-18T12:48:12.665Z,1,3,false
2019-07-18T12:49:01.536Z,1,4,false
2019-07-18T12:49:53.106Z,1,5,false
2019-07-18T12:50:42.918Z,1,6,false
2019-07-18T12:51:32.617Z,1,7,false
2019-07-18T12:52:21.800Z,1,8,false
2019-07-18T12:53:11.120Z,1,9,false
2019-07-18T12:54:13.920Z,1,1,false
2019-07-18T12:54:40.531Z,1,2,false
2019-07-18T12:55:14.271Z,1,3,false
2019-07-18T12:56:03.202Z,1,4,false
2019-07-18T12:56:52.932Z,1,5,false
2019-07-18T12:57:42.595Z,1,6,false
2019-07-18T12:58:32.031Z,1,7,false
2019-07-18T12:59:21.152Z,1,8,false
2019-07-18T13:00:10.544Z,1,9,false
2019-07-18T13:01:11.905Z,1,1,false
2019-07-18T13:01:36.828Z,1,2,false
2019-07-18T13:02:25.570Z,1,3,false
2019-07-18T13:03:15.009Z,1,4,false
2019-07-18T13:04:04.876Z,1,5,false
2019-07-18T13:04:54.511Z,1,6,false
2019-07-18T13:05:44.299Z,1,7,false
2019-07-18T13:06:32.949Z,1,8,false
2019-07-18T13:07:22.364Z,1,9,false
2019-07-18T13:08:24.627Z,1,1,false
2019-07-18T13:08:43.937Z,1,2,false
2019-07-18T13:09:30.693Z,1,3,false
2019-07-18T13:10:20.133Z,1,4,false
2019-07-18T13:11:10.380Z,1,5,false
2019-07-18T13:11:59.686Z,1,6,false
2019-07-18T13:12:49.618Z,1,7,false
2019-07-18T13:13:38.312Z,1,8,false
2019-07-18T13:14:27.605Z,1,9,false
2019-07-18T13:15:30.254Z,1,1,false
2019-07-18T13:15:51.919Z,1,2,false
2019-07-18T13:16:40.369Z,1,3,false
2019-07-18T13:17:30.042Z,1,4,false
2019-07-18T13:18:20.224Z,1,5,false
2019-07-18T13:19:09.880Z,1,6,false
2019-07-18T13:19:59.191Z,1,7,false
2019-07-18T13:20:48.100Z,1,8,false
2019-07-18T13:21:38.342Z,1,9,false
2019-07-18T13:22:56.860Z,1,1,false
2019-07-18T13:23:29.514Z,1,2,false
2019-07-18T13:24:18.855Z,1,3,false
2019-07-18T13:25:08.531Z,1,4,false
2019-07-18T13:25:58.556Z,1,5,false
2019-07-18T13:26:47.849Z,1,6,false
2019-07-18T13:27:37.627Z,1,7,false
2019-07-18T13:28:26.686Z,1,8,false
2019-07-18T13:29:16.165Z,1,9,false
2019-07-18T13:30:34.078Z,1,1,false
2019-07-18T13:31:15.977Z,1,2,false
2019-07-18T13:32:04.641Z,1,3,false
2019-07-18T13:32:54.214Z,1,4,false
2019-07-18T13:33:44.369Z,1,5,false
2019-07-18T13:34:33.509Z,1,6,false
2019-07-18T13:35:22.942Z,1,7,false
2019-07-18T13:36:11.767Z,1,8,false
2019-07-18T13:37:08.760Z,1,9,false
2019-07-18T13:38:07.10Z,1,1,false
2019-07-18T13:38:24.926Z,1,2,false
2019-07-18T13:39:13.756Z,1,3,false
2019-07-18T13:40:03.323Z,1,4,false
2019-07-18T13:40:52.901Z,1,5,false
2019-07-18T13:41:42.362Z,1,6,false
2019-07-18T13:42:31.404Z,1,7,false
2019-07-18T13:43:15.712Z,1,8,false
2019-07-18T13:43:51.819Z,1,9,false
2019-07-18T13:45:07.932Z,1,1,false
2019-07-18T13:45:56.937Z,1,2,false
2019-07-18T13:48:58.099Z,1,3,false
2019-07-18T13:49:47.529Z,1,4,false
2019-07-18T13:50:36.997Z,1,5,false
2019-07-18T13:51:26.080Z,1,6,false
2019-07-18T13:52:15.633Z,1,7,false
2019-07-18T13:53:04.596Z,1,8,false
2019-07-18T13:53:53.946Z,1,9,false
2019-07-18T13:55:13.572Z,1,1,false
2019-07-18T13:56:02.618Z,1,2,false
2019-07-18T13:56:51.135Z,1,3,false
2019-07-18T13:57:40.720Z,1,4,false
2019-07-18T13:58:30.997Z,1,5,false
2019-07-18T13:59:20.610Z,1,6,false
2019-07-18T14:00:10.231Z,1,7,false
2019-07-18T14:00:59.048Z,1,8,false
2019-07-18T14:01:48.922Z,1,9,false
2019-07-18T14:03:07.988Z,1,1,false
2019-07-18T14:03:57.420Z,1,2,false
2019-07-18T14:04:45.883Z,1,3,false
2019-07-18T14:05:35.965Z,1,4,false
2019-07-18T14:06:26.042Z,1,5,false
2019-07-18T14:07:16.649Z,1,6,false
2019-07-18T14:08:06.188Z,1,7,false
2019-07-18T14:08:55.909Z,1,8,false
2019-07-18T14:09:48.323Z,1,9,false
2019-07-18T14:11:09.751Z,1,1,false
2019-07-18T14:11:59.214Z,1,2,false
2019-07-18T14:12:47.964Z,1,3,false
2019-07-18T14:13:37.961Z,1,4,false
2019-07-18T14:14:28.844Z,1,5,false
2019-07-18T14:15:18.352Z,1,6,false
2019-07-18T14:16:08.10Z,1,7,false
2019-07-18T14:16:57.107Z,1,8,false
2019-07-18T14:17:47.012Z,1,9,false
2019-07-18T14:19:06.457Z,1,1,false
2019-07-18T14:19:55.469Z,1,2,false
2019-07-18T14:20:44.306Z,1,3,false
2019-07-18T14:21:34.387Z,1,4,false
2019-07-18T14:22:24.255Z,1,5,false
2019-07-18T14:23:15.427Z,1,6,false
2019-07-18T14:24:05.188Z,1,7,false
2019-07-18T14:24:54.138Z,1,8,false
2019-07-18T14:25:43.855Z,1,9,false
2019-07-18T14:27:03.591Z,1,1,false
2019-07-18T14:27:52.340Z,1,2,false
2019-07-18T14:28:41.075Z,1,3,false
2019-07-18T14:29:30.823Z,1,4,false
2019-07-18T14:30:21.473Z,1,5,false
2019-07-18T14:31:11.175Z,1,6,false
2019-07-18T14:32:00.665Z,1,7,false
2019-07-18T14:32:49.734Z,1,8,false
2019-07-18T14:33:39.451Z,1,9,false
2019-07-18T14:34:58.852Z,1,1,false
2019-07-18T14:35:47.972Z,1,2,false
2019-07-18T14:36:36.702Z,1,3,false
2019-07-18T14:37:26.052Z,1,4,false
2019-07-18T14:38:16.242Z,1,5,false
2019-07-18T14:39:05.665Z,1,6,false
2019-07-18T14:39:54.787Z,1,7,false
2019-07-18T14:40:44.377Z,1,8,false
2019-07-18T14:41:33.490Z,1,9,false
2019-07-18T14:42:53.264Z,1,1,false
2019-07-18T14:43:42.224Z,1,2,false
2019-07-18T14:44:31.071Z,1,3,false
2019-07-18T14:45:20.668Z,1,4,false
2019-07-18T14:46:11.054Z,1,5,false
2019-07-18T14:47:00.420Z,1,6,false
2019-07-18T14:47:49.464Z,1,7,false
2019-07-18T14:48:38.459Z,1,8,false
2019-07-18T14:49:28.137Z,1,9,false
2019-07-18T14:50:47.966Z,1,1,false
2019-07-18T14:51:36.917Z,1,2,false
2019-07-18T14:52:26.084Z,1,3,false
2019-07-18T14:53:15.227Z,1,4,false
2019-07-18T14:54:05.241Z,1,5,false
2019-07-18T14:54:54.335Z,1,6,false
2019-07-18T14:55:43.474Z,1,7,false
2019-07-18T14:56:32.906Z,1,8,false
2019-07-18T14:57:22.606Z,1,9,false
2019-07-18T14:58:42.034Z,1,1,false
2019-07-18T14:59:31.441Z,1,2,false
2019-07-18T15:00:20.355Z,1,3,false
2019-07-18T15:01:10.384Z,1,4,false
2019-07-18T15:02:00.306Z,1,5,false
2019-07-18T15:02:49.167Z,1,6,false
2019-07-18T15:03:39.015Z,1,7,false
2019-07-18T15:04:27.908Z,1,8,false
2019-07-18T15:05:18.026Z,1,9,false
2019-07-18T15:06:37.475Z,1,1,false
2019-07-18T15:07:26.510Z,1,2,false
2019-07-18T15:08:15.855Z,1,3,false
2019-07-18T15:09:05.568Z,1,4,false
2019-07-18T15:09:54.993Z,1,5,false
2019-07-18T15:10:44.368Z,1,6,false
2019-07-18T15:11:34.175Z,1,7,false
2019-07-18T15:12:23.102Z,1,8,false
2019-07-18T15:13:11.833Z,1,9,false
2019-07-18T15:14:31.280Z,1,1,false
2019-07-18T15:15:20.270Z,1,2,false
2019-07-18T15:16:09.182Z,1,3,false
2019-07-18T15:16:58.284Z,1,4,false
2019-07-18T15:17:47.974Z,1,5,false
2019-07-18T15:18:37.103Z,1,6,false
2019-07-18T15:19:26.874Z,1,7,false
2019-07-18T15:20:16.402Z,1,8,false
2019-07-18T15:21:06.290Z,1,9,false
2019-07-18T15:22:25.507Z,1,1,false
2019-07-18T15:23:14.613Z,1,2,false
2019-07-18T15:24:03.109Z,1,3,false
2019-07-18T15:24:52.257Z,1,4,false
2019-07-18T15:25:42.053Z,1,5,false
2019-07-18T15:26:31.536Z,1,6,false
2019-07-18T15:27:20.920Z,1,7,false
2019-07-18T15:28:10.200Z,1,8,false
2019-07-18T15:29:02.606Z,1,9,false
2019-07-18T15:30:22.234Z,1,1,false
2019-07-18T15:31:11.611Z,1,2,false
2019-07-18T15:32:00.859Z,1,3,false
2019-07-18T15:32:50.723Z,1,4,false
2019-07-18T15:33:40.424Z,1,5,false
2019-07-18T15:34:29.936Z,1,6,false
2019-07-18T15:35:19.231Z,1,7,false
2019-07-18T15:36:08.561Z,1,8,false
2019-07-18T15:36:57.953Z,1,9,false
2019-07-18T15:38:17.390Z,1,1,false
2019-07-18T15:39:06.329Z,1,2,false
2019-07-18T15:39:55.040Z,1,3,false
2019-07-18T15:40:45.419Z,1,4,false
2019-07-18T15:41:35.610Z,1,5,false
2019-07-18T15:42:25.098Z,1,6,false
2019-07-18T15:43:14.570Z,1,7,false
2019-07-18T15:44:03.785Z,1,8,false
2019-07-18T15:44:53.460Z,1,9,false
2019-07-18T15:46:12.857Z,1,1,false
2019-07-18T15:47:02.061Z,1,2,false
2019-07-18T15:47:51.195Z,1,3,false
2019-07-18T15:48:41.424Z,1,4,false
2019-07-18T15:49:31.392Z,1,5,false
2019-07-18T15:50:21.196Z,1,6,false
2019-07-18T15:51:10.613Z,1,7,false
2019-07-18T15:51:59.634Z,1,8,false
2019-07-18T15:52:49.319Z,1,9,false
2019-07-18T15:54:08.818Z,1,1,false
2019-07-18T15:54:58.060Z,1,2,false
2019-07-18T15:55:46.791Z,1,3,false
2019-07-18T15:56:36.605Z,1,4,false
2019-07-18T15:57:26.296Z,1,5,false
2019-07-18T15:58:15.523Z,1,6,false
2019-07-18T15:59:04.875Z,1,7,false
2019-07-18T15:59:54.206Z,1,8,false
2019-07-18T16:00:44.033Z,1,9,false
2019-07-18T16:02:03.709Z,1,1,false
2019-07-18T16:02:52.716Z,1,2,false
2019-07-18T16:03:41.644Z,1,3,false
2019-07-18T16:04:31.673Z,1,4,false
2019-07-18T16:05:21.145Z,1,5,false
2019-07-18T16:06:10.555Z,1,6,false
2019-07-18T16:06:59.859Z,1,7,false
2019-07-18T16:07:48.974Z,1,8,false
2019-07-18T16:08:38.684Z,1,9,false
2019-07-18T16:09:58.369Z,1,1,false
2019-07-18T16:10:47.037Z,1,2,false
2019-07-18T16:11:36.237Z,1,3,false
2019-07-18T16:12:25.933Z,1,4,false
2019-07-18T16:13:15.863Z,1,5,false
2019-07-18T16:14:05.386Z,1,6,false
2019-07-18T16:14:54.993Z,1,7,false
2019-07-18T16:15:44.121Z,1,8,false
2019-07-18T16:16:33.521Z,1,9,false
2019-07-18T16:17:52.748Z,1,1,false
2019-07-18T16:18:41.945Z,1,2,false
2019-07-18T16:19:31.119Z,1,3,false
2019-07-18T16:20:21.177Z,1,4,false
2019-07-18T16:21:10.958Z,1,5,false
2019-07-18T16:21:59.890Z,1,6,false
2019-07-18T16:22:49.699Z,1,7,false
2019-07-18T16:23:39.085Z,1,8,false
2019-07-18T16:24:28.756Z,1,9,false
2019-07-18T16:25:48.256Z,1,1,false
2019-07-18T16:26:37.128Z,1,2,false
2019-07-18T16:27:26.365Z,1,3,false
2019-07-18T16:28:16.571Z,1,4,false
2019-07-18T16:29:06.471Z,1,5,false
2019-07-18T16:29:55.854Z,1,6,false
2019-07-18T16:30:45.589Z,1,7,false
2019-07-18T16:31:35.360Z,1,8,false
2019-07-18T16:32:24.958Z,1,9,false
2019-07-18T16:33:44.002Z,1,1,false
2019-07-18T16:34:32.863Z,1,2,false
2019-07-18T16:35:21.965Z,1,3,false
2019-07-18T16:36:11.997Z,1,4,false
2019-07-18T16:37:01.793Z,1,5,false
2019-07-18T16:37:51.179Z,1,6,false
2019-07-18T16:38:40.819Z,1,7,false
2019-07-18T16:39:30.233Z,1,8,false
2019-07-18T16:40:19.920Z,1,9,false
2019-07-18T16:41:39.100Z,1,1,false
2019-07-18T16:42:27.857Z,1,2,false
2019-07-18T16:43:16.748Z,1,3,false
2019-07-18T16:44:06.321Z,1,4,false
2019-07-18T16:44:56.255Z,1,5,false
2019-07-18T16:45:45.633Z,1,6,false
2019-07-18T16:46:35.329Z,1,7,false
2019-07-18T16:47:26.961Z,1,8,false
2019-07-18T16:48:17.814Z,1,9,false
2019-07-18T16:49:37.234Z,1,1,false
2019-07-18T16:50:27.343Z,1,2,false
2019-07-18T16:51:16.550Z,1,3,false
2019-07-18T16:52:06.479Z,1,4,false
2019-07-18T16:52:56.492Z,1,5,false
2019-07-18T16:53:47.799Z,1,6,false
2019-07-18T16:54:37.899Z,1,7,false
2019-07-18T16:55:27.547Z,1,8,false
2019-07-18T16:56:17.030Z,1,9,false
2019-07-18T16:57:36.569Z,1,1,false
2019-07-18T16:58:25.467Z,1,2,false
2019-07-18T16:59:15.626Z,1,3,false
2019-07-18T17:00:06.047Z,1,4,false
2019-07-18T17:00:56.163Z,1,5,false
2019-07-18T17:01:45.556Z,1,6,false
2019-07-18T17:02:35.316Z,1,7,false
2019-07-18T17:03:24.601Z,1,8,false
2019-07-18T17:04:14.947Z,1,9,false
2019-07-18T17:05:34.782Z,1,1,false
2019-07-18T17:06:23.945Z,1,2,false
2019-07-18T17:07:15.748Z,1,3,false
2019-07-18T17:08:05.427Z,1,4,false
2019-07-18T17:08:56.447Z,1,5,false
2019-07-18T17:09:46.105Z,1,6,false
2019-07-18T17:10:36.191Z,1,7,false
2019-07-18T17:11:25.960Z,1,8,false
2019-07-18T17:12:16.084Z,1,9,false
2019-07-18T17:13:35.383Z,1,1,false
2019-07-18T17:14:24.389Z,1,2,false
2019-07-18T17:15:13.458Z,1,3,false
2019-07-18T17:16:02.865Z,1,4,false
2019-07-18T17:16:52.912Z,1,5,false
2019-07-18T17:17:42.569Z,1,6,false
2019-07-18T17:18:32.360Z,1,7,false
2019-07-18T17:19:21.293Z,1,8,false
2019-07-18T17:20:11.034Z,1,9,false
2019-07-18T17:21:30.453Z,1,1,false
2019-07-18T17:22:19.632Z,1,2,false
2019-07-18T17:23:08.783Z,1,3,false
2019-07-18T17:23:58.293Z,1,4,false
2019-07-18T17:24:48.573Z,1,5,false
2019-07-18T17:25:38.269Z,1,6,false
2019-07-18T17:26:27.769Z,1,7,false
2019-07-18T17:27:17.224Z,1,8,false
2019-07-18T17:28:07.106Z,1,9,false
2019-07-18T17:29:26.773Z,1,1,false
2019-07-18T17:30:15.902Z,1,2,false
2019-07-18T17:31:04.336Z,1,3,false
2019-07-18T17:31:54.240Z,1,4,false
2019-07-18T17:32:43.910Z,1,5,false
2019-07-18T17:33:33.189Z,1,6,false
2019-07-18T17:34:22.826Z,1,7,false
2019-07-18T17:35:11.757Z,1,8,false
2019-07-18T17:36:01.242Z,1,9,false
2019-07-18T17:37:21.016Z,1,1,false
2019-07-18T17:38:10.108Z,1,2,false
2019-07-18T17:38:58.285Z,1,3,false
2019-07-18T17:39:48.169Z,1,4,false
2019-07-18T17:40:37.735Z,1,5,false
2019-07-18T17:41:28.000Z,1,6,false
2019-07-18T17:42:17.789Z,1,7,false
2019-07-18T17:43:07.404Z,1,8,false
2019-07-18T17:43:56.513Z,1,9,false
2019-07-18T17:45:15.729Z,1,1,false
2019-07-18T17:46:04.493Z,1,2,false
2019-07-18T17:46:52.890Z,1,3,false
2019-07-18T17:47:44.148Z,1,4,false
2019-07-18T17:48:34.429Z,1,5,false
2019-07-18T17:49:24.897Z,1,6,false
2019-07-18T17:50:14.078Z,1,7,false
2019-07-18T17:51:03.518Z,1,8,false
2019-07-18T17:51:53.046Z,1,9,false
2019-07-18T17:53:12.384Z,1,1,false
2019-07-18T17:54:01.449Z,1,2,false
2019-07-18T17:54:50.627Z,1,3,false
2019-07-18T17:55:40.302Z,1,4,false
2019-07-18T17:56:30.001Z,1,5,false
2019-07-18T17:57:19.497Z,1,6,false
2019-07-18T17:58:09.345Z,1,7,false
2019-07-18T17:58:58.850Z,1,8,false
2019-07-18T17:59:47.916Z,1,9,false
2019-07-18T18:01:07.527Z,1,1,false
2019-07-18T18:01:56.204Z,1,2,false
2019-07-18T18:02:45.323Z,1,3,false
2019-07-18T18:03:35.229Z,1,4,false
2019-07-18T18:04:25.052Z,1,5,false
2019-07-18T18:05:14.727Z,1,6,false
2019-07-18T18:06:04.117Z,1,7,false
2019-07-18T18:06:53.621Z,1,8,false
2019-07-18T18:07:43.169Z,1,9,false
2019-07-18T18:09:02.595Z,1,1,false
2019-07-18T18:09:51.312Z,1,2,false
2019-07-18T18:10:40.092Z,1,3,false
2019-07-18T18:11:30.211Z,1,4,false
2019-07-18T18:12:20.223Z,1,5,false
2019-07-18T18:13:09.900Z,1,6,false
2019-07-18T18:13:59.931Z,1,7,false
2019-07-18T18:14:49.173Z,1,8,false
2019-07-18T18:15:38.603Z,1,9,false
2019-07-18T18:16:57.774Z,1,1,false
2019-07-18T18:17:46.641Z,1,2,false
2019-07-18T18:18:35.444Z,1,3,false
2019-07-18T18:19:25.271Z,1,4,false
2019-07-18T18:20:15.689Z,1,5,false
2019-07-18T18:21:05.318Z,1,6,false
2019-07-18T18:21:55.086Z,1,7,false
2019-07-18T18:22:44.394Z,1,8,false
2019-07-18T18:23:34.167Z,1,9,false
2019-07-18T18:24:54.225Z,1,1,false
2019-07-18T18:25:43.040Z,1,2,false
2019-07-18T18:26:32.761Z,1,3,false
2019-07-18T18:27:22.420Z,1,4,false
2019-07-18T18:28:12.420Z,1,5,false
2019-07-18T18:29:01.477Z,1,6,false
2019-07-18T18:29:51.122Z,1,7,false
2019-07-18T18:30:40.633Z,1,8,false
2019-07-18T18:31:30.907Z,1,9,false
2019-07-18T18:32:50.889Z,1,1,false
2019-07-18T18:33:39.646Z,1,2,false
2019-07-18T18:34:28.766Z,1,3,false
2019-07-18T18:35:18.809Z,1,4,false
2019-07-18T18:36:09.128Z,1,5,false
2019-07-18T18:36:58.272Z,1,6,false
2019-07-18T18:37:48.053Z,1,7,false
2019-07-18T18:38:37.366Z,1,8,false
2019-07-18T18:39:27.117Z,1,9,false
2019-07-18T18:40:46.735Z,1,1,false
2019-07-18T18:41:35.486Z,1,2,false
2019-07-18T18:42:24.796Z,1,3,false
2019-07-18T18:43:14.846Z,1,4,false
2019-07-18T18:44:04.997Z,1,5,false
2019-07-18T18:44:54.240Z,1,6,false
2019-07-18T18:45:43.742Z,1,7,false
2019-07-18T18:46:33.229Z,1,8,false
2019-07-18T18:47:24.090Z,1,9,false
2019-07-18T18:48:43.873Z,1,1,false
2019-07-18T18:49:33.130Z,1,2,false
2019-07-18T18:50:21.884Z,1,3,false
2019-07-18T18:51:11.832Z,1,4,false
2019-07-18T18:52:01.587Z,1,5,false
2019-07-18T18:52:51.958Z,1,6,false
2019-07-18T18:53:41.919Z,1,7,false
2019-07-18T18:54:31.339Z,1,8,false
2019-07-18T18:55:21.107Z,1,9,false
2019-07-18T18:56:40.772Z,1,1,false
2019-07-18T18:57:30.041Z,1,2,false
2019-07-18T18:58:19.405Z,1,3,false
2019-07-18T18:59:09.027Z,1,4,false
2019-07-18T18:59:59.143Z,1,5,false
2019-07-18T19:00:48.713Z,1,6,false
2019-07-18T19:01:38.170Z,1,7,false
2019-07-18T19:02:27.746Z,1,8,false
2019-07-18T19:03:17.671Z,1,9,false
2019-07-18T19:04:37.642Z,1,1,false
2019-07-18T19:05:27.066Z,1,2,false
2019-07-18T19:06:15.963Z,1,3,false
2019-07-18T19:07:06.784Z,1,4,false
2019-07-18T19:07:56.771Z,1,5,false
2019-07-18T19:08:46.936Z,1,6,false
2019-07-18T19:09:37.056Z,1,7,false
2019-07-18T19:10:26.575Z,1,8,false
2019-07-18T19:11:15.960Z,1,9,false
2019-07-18T19:12:35.880Z,1,1,false
2019-07-18T19:13:25.412Z,1,2,false
2019-07-18T19:14:14.439Z,1,3,false
2019-07-18T19:15:04.642Z,1,4,false
2019-07-18T19:15:54.974Z,1,5,false
2019-07-18T19:16:47.789Z,1,6,false
2019-07-18T19:17:41.785Z,1,7,false
2019-07-18T19:18:34.046Z,1,8,false
2019-07-18T19:19:26.697Z,1,9,false
2019-07-18T19:20:47.547Z,1,1,false
2019-07-18T19:21:36.803Z,1,2,false
2019-07-18T19:22:26.388Z,1,3,false
2019-07-18T19:23:15.845Z,1,4,false
2019-07-18T19:24:06.229Z,1,5,false
2019-07-18T19:24:55.869Z,1,6,false
2019-07-18T19:25:45.785Z,1,7,false
2019-07-18T19:26:36.277Z,1,8,false
2019-07-18T19:27:25.936Z,1,9,false
2019-07-18T19:28:46.039Z,1,1,false
2019-07-18T19:29:35.330Z,1,2,false
2019-07-18T19:30:25.651Z,1,3,false
2019-07-18T19:31:15.613Z,1,4,false
2019-07-18T19:32:05.061Z,1,5,false
2019-07-18T19:32:56.328Z,1,6,false
2019-07-18T19:33:46.436Z,1,7,false
2019-07-18T19:34:36.832Z,1,8,false
2019-07-18T19:35:26.591Z,1,9,false
2019-07-18T19:36:46.400Z,1,1,false
2019-07-18T19:37:35.454Z,1,2,false
2019-07-18T19:38:24.919Z,1,3,false
2019-07-18T19:39:15.229Z,1,4,false
2019-07-18T19:40:05.191Z,1,5,false
2019-07-18T19:40:54.956Z,1,6,false
2019-07-18T19:41:45.174Z,1,7,false
2019-07-18T19:42:34.541Z,1,8,false
2019-07-18T19:43:24.110Z,1,9,false
2019-07-18T19:44:44.220Z,1,1,false
2019-07-18T19:45:33.732Z,1,2,false
2019-07-18T19:46:23.046Z,1,3,false
2019-07-18T19:47:13.020Z,1,4,false
2019-07-18T19:48:02.401Z,1,5,false
2019-07-18T19:48:52.758Z,1,6,false
2019-07-18T19:49:42.338Z,1,7,false
2019-07-18T19:50:32.523Z,1,8,false
2019-07-18T19:51:22.060Z,1,9,false
2019-07-18T19:52:42.622Z,1,1,false
2019-07-18T19:53:31.031Z,1,2,false
2019-07-18T19:54:20.283Z,1,3,false
2019-07-18T19:55:10.017Z,1,4,false
2019-07-18T19:56:00.111Z,1,5,false
2019-07-18T19:56:49.726Z,1,6,false
2019-07-18T19:57:39.514Z,1,7,false
2019-07-18T19:58:28.807Z,1,8,false
2019-07-18T19:59:18.537Z,1,9,false
2019-07-18T20:00:38.182Z,1,1,false
2019-07-18T20:01:27.257Z,1,2,false
2019-07-18T20:02:16.520Z,1,3,false
2019-07-18T20:03:06.672Z,1,4,false
2019-07-18T20:03:57.183Z,1,5,false
2019-07-18T20:04:46.920Z,1,6,false
2019-07-18T20:05:36.725Z,1,7,false
2019-07-18T20:06:26.557Z,1,8,false
2019-07-18T20:07:16.655Z,1,9,false
2019-07-18T20:08:36.760Z,1,1,false
2019-07-18T20:09:25.836Z,1,2,false
2019-07-18T20:10:15.267Z,1,3,false
2019-07-18T20:11:04.521Z,1,4,false
2019-07-18T20:11:54.731Z,1,5,false
2019-07-18T20:12:44.367Z,1,6,false
2019-07-18T20:13:34.012Z,1,7,false
2019-07-18T20:14:23.608Z,1,8,false
2019-07-18T20:15:13.076Z,1,9,false
2019-07-18T20:16:32.380Z,1,1,false
2019-07-18T20:17:21.953Z,1,2,false
2019-07-18T20:18:11.187Z,1,3,false
2019-07-18T20:19:00.496Z,1,4,false
2019-07-18T20:19:50.464Z,1,5,false
2019-07-18T20:20:40.290Z,1,6,false
2019-07-18T20:21:29.997Z,1,7,false
2019-07-18T20:22:19.520Z,1,8,false
2019-07-18T20:23:08.877Z,1,9,false
2019-07-18T20:24:28.083Z,1,1,false
2019-07-18T20:25:17.288Z,1,2,false
2019-07-18T20:26:06.457Z,1,3,false
2019-07-18T20:26:56.391Z,1,4,false
2019-07-18T20:27:46.305Z,1,5,false
2019-07-18T20:28:35.790Z,1,6,false
2019-07-18T20:29:25.722Z,1,7,false
2019-07-18T20:30:15.117Z,1,8,false
2019-07-18T20:31:04.933Z,1,9,false
2019-07-18T20:32:24.056Z,1,1,false
2019-07-18T20:33:13.465Z,1,2,false
2019-07-18T20:34:02.333Z,1,3,false
2019-07-18T20:34:52.094Z,1,4,false
2019-07-18T20:35:41.933Z,1,5,false
2019-07-18T20:36:31.652Z,1,6,false
2019-07-18T20:37:21.063Z,1,7,false
2019-07-18T20:38:10.606Z,1,8,false
2019-07-18T20:39:00.507Z,1,9,false
2019-07-18T20:40:20.118Z,1,1,false
2019-07-18T20:41:08.881Z,1,2,false
2019-07-18T20:41:57.483Z,1,3,false
2019-07-18T20:42:47.333Z,1,4,false
2019-07-18T20:43:37.428Z,1,5,false
2019-07-18T20:44:27.325Z,1,6,false
2019-07-18T20:45:17.134Z,1,7,false
2019-07-18T20:46:06.445Z,1,8,false
2019-07-18T20:46:55.938Z,1,9,false
2019-07-18T20:48:15.499Z,1,1,false
2019-07-18T20:49:04.639Z,1,2,false
2019-07-18T20:49:53.749Z,1,3,false
2019-07-18T20:50:44.210Z,1,4,false
2019-07-18T20:51:34.669Z,1,5,false
2019-07-18T20:52:24.726Z,1,6,false
2019-07-18T20:53:14.280Z,1,7,false
2019-07-18T20:54:03.700Z,1,8,false
2019-07-18T20:54:53.566Z,1,9,false
2019-07-18T20:56:13.209Z,1,1,false
2019-07-18T20:57:02.180Z,1,2,false
2019-07-18T20:57:51.344Z,1,3,false
2019-07-18T20:58:41.679Z,1,4,false
2019-07-18T20:59:31.794Z,1,5,false
2019-07-18T21:00:21.768Z,1,6,false
2019-07-18T21:01:11.534Z,1,7,false
2019-07-18T21:02:00.258Z,1,8,false
2019-07-18T21:02:49.525Z,1,9,false
2019-07-18T21:04:08.694Z,1,1,false
2019-07-18T21:04:58.018Z,1,2,false
2019-07-18T21:05:47.923Z,1,3,false
2019-07-18T21:06:37.977Z,1,4,false
2019-07-18T21:07:28.070Z,1,5,false
2019-07-18T21:08:18.281Z,1,6,false
2019-07-18T21:09:07.899Z,1,7,false
2019-07-18T21:09:56.982Z,1,8,false
2019-07-18T21:10:46.781Z,1,9,false
2019-07-18T21:12:05.948Z,1,1,false
2019-07-18T21:12:55.527Z,1,2,false
2019-07-18T21:13:44.688Z,1,3,false
2019-07-18T21:14:34.987Z,1,4,false
2019-07-18T21:15:24.806Z,1,5,false
2019-07-18T21:16:14.704Z,1,6,false
2019-07-18T21:17:04.558Z,1,7,false
2019-07-18T21:17:53.918Z,1,8,false
2019-07-18T21:18:43.679Z,1,9,false
2019-07-18T21:20:03.502Z,1,1,false
2019-07-18T21:20:52.700Z,1,2,false
2019-07-18T21:21:41.436Z,1,3,false
2019-07-18T21:22:31.453Z,1,4,false
2019-07-18T21:23:21.581Z,1,5,false
2019-07-18T21:24:10.642Z,1,6,false
2019-07-18T21:25:00.526Z,1,7,false
2019-07-18T21:25:50.599Z,1,8,false
2019-07-18T21:26:40.252Z,1,9,false
2019-07-18T21:28:00.228Z,1,1,false
2019-07-18T21:28:49.657Z,1,2,false
2019-07-18T21:29:38.578Z,1,3,false
2019-07-18T21:30:28.335Z,1,4,false
2019-07-18T21:31:18.501Z,1,5,false
2019-07-18T21:32:08.195Z,1,6,false
2019-07-18T21:32:57.423Z,1,7,false
2019-07-18T21:33:46.527Z,1,8,false
2019-07-18T21:34:36.427Z,1,9,false
2019-07-18T21:35:55.772Z,1,1,false
2019-07-18T21:36:45.077Z,1,2,false
2019-07-18T21:37:34.236Z,1,3,false
2019-07-18T21:38:23.989Z,1,4,false
2019-07-18T21:39:14.768Z,1,5,false
2019-07-18T21:40:04.568Z,1,6,false
2019-07-18T21:40:54.321Z,1,7,false
2019-07-18T21:41:43.663Z,1,8,false
2019-07-18T21:42:33.148Z,1,9,false
2019-07-18T21:43:52.411Z,1,1,false
2019-07-18T21:44:41.477Z,1,2,false
2019-07-18T21:45:31.112Z,1,3,false
2019-07-18T21:46:20.739Z,1,4,false
2019-07-18T21:47:11.189Z,1,5,false
2019-07-18T21:47:59.877Z,1,6,false
2019-07-18T21:48:49.140Z,1,7,false
2019-07-18T21:49:38.188Z,1,8,false
2019-07-18T21:50:30.068Z,1,9,false
2019-07-18T21:51:53.806Z,1,1,false
2019-07-18T21:52:47.713Z,1,2,false
2019-07-18T21:53:40.992Z,1,3,false
2019-07-18T21:54:36.689Z,1,4,false
2019-07-18T21:55:28.803Z,1,5,false
2019-07-18T21:56:26.980Z,1,6,false
2019-07-18T21:57:19.660Z,1,7,false
2019-07-18T21:58:13.926Z,1,8,false
2019-07-18T21:59:06.985Z,1,9,false
2019-07-18T22:00:26.275Z,1,1,false
2019-07-18T22:01:16.079Z,1,2,false
2019-07-18T22:02:05.423Z,1,3,false
2019-07-18T22:02:55.792Z,1,4,false
2019-07-18T22:03:46.295Z,1,5,false
2019-07-18T22:04:35.689Z,1,6,false
2019-07-18T22:05:25.711Z,1,7,false
2019-07-18T22:06:15.151Z,1,8,false
2019-07-18T22:07:04.927Z,1,9,false
2019-07-18T22:08:24.332Z,1,1,false
2019-07-18T22:09:12.914Z,1,2,false
2019-07-18T22:10:01.705Z,1,3,false
2019-07-18T22:10:52.359Z,1,4,false
2019-07-18T22:11:42.387Z,1,5,false
2019-07-18T22:12:32.221Z,1,6,false
2019-07-18T22:13:22.422Z,1,7,false
2019-07-18T22:14:11.779Z,1,8,false
2019-07-18T22:15:01.617Z,1,9,false
2019-07-18T22:16:21.755Z,1,1,false
2019-07-18T22:17:11.593Z,1,2,false
2019-07-18T22:18:00.763Z,1,3,false
2019-07-18T22:18:50.566Z,1,4,false
2019-07-18T22:19:40.868Z,1,5,false
2019-07-18T22:20:30.886Z,1,6,false
2019-07-18T22:21:20.606Z,1,7,false
2019-07-18T22:22:09.986Z,1,8,false
2019-07-18T22:22:59.475Z,1,9,false
2019-07-18T22:24:19.318Z,1,1,false
2019-07-18T22:25:08.305Z,1,2,false
2019-07-18T22:25:57.808Z,1,3,false
2019-07-18T22:26:48.213Z,1,4,false
2019-07-18T22:27:38.034Z,1,5,false
2019-07-18T22:28:28.287Z,1,6,false
2019-07-18T22:29:18.139Z,1,7,false
2019-07-18T22:30:07.980Z,1,8,false
2019-07-18T22:30:57.677Z,1,9,false
2019-07-18T22:32:17.162Z,1,1,false
2019-07-18T22:33:06.321Z,1,2,false
2019-07-18T22:33:55.325Z,1,3,false
2019-07-18T22:34:45.651Z,1,4,false
2019-07-18T22:35:35.855Z,1,5,false
2019-07-18T22:36:25.690Z,1,6,false
2019-07-18T22:37:15.204Z,1,7,false
2019-07-18T22:38:04.712Z,1,8,false
2019-07-18T22:38:54.641Z,1,9,false
2019-07-18T22:40:14.438Z,1,1,false
2019-07-18T22:41:03.648Z,1,2,false
2019-07-18T22:41:52.841Z,1,3,false
2019-07-18T22:42:42.836Z,1,4,false
2019-07-18T22:43:33.216Z,1,5,false
2019-07-18T22:44:22.752Z,1,6,false
2019-07-18T22:45:12.581Z,1,7,false
2019-07-18T22:46:01.519Z,1,8,false
2019-07-18T22:46:51.427Z,1,9,false
2019-07-18T22:48:10.709Z,1,1,false
2019-07-18T22:48:59.635Z,1,2,false
2019-07-18T22:49:48.775Z,1,3,false
2019-07-18T22:50:39.028Z,1,4,false
2019-07-18T22:51:29.648Z,1,5,false
2019-07-18T22:52:19.246Z,1,6,false
2019-07-18T22:53:08.634Z,1,7,false
2019-07-18T22:53:58.027Z,1,8,false
2019-07-18T22:54:48.032Z,1,9,false
2019-07-18T22:56:07.927Z,1,1,false
2019-07-18T22:56:56.883Z,1,2,false
2019-07-18T22:57:46.222Z,1,3,false
2019-07-18T22:58:36.464Z,1,4,false
2019-07-18T22:59:26.123Z,1,5,false
2019-07-18T23:00:15.852Z,1,6,false
2019-07-18T23:01:05.293Z,1,7,false
2019-07-18T23:01:54.151Z,1,8,false
2019-07-18T23:02:43.657Z,1,9,false
2019-07-18T23:04:03.104Z,1,1,false
2019-07-18T23:04:52.058Z,1,2,false
2019-07-18T23:05:41.228Z,1,3,false
2019-07-18T23:06:30.905Z,1,4,false
2019-07-18T23:07:21.536Z,1,5,false
2019-07-18T23:08:10.852Z,1,6,false
2019-07-18T23:09:00.511Z,1,7,false
2019-07-18T23:09:49.833Z,1,8,false
2019-07-18T23:10:38.969Z,1,9,false
2019-07-18T23:11:58.539Z,1,1,false
2019-07-18T23:12:47.812Z,1,2,false
2019-07-18T23:13:36.892Z,1,3,false
2019-07-18T23:14:26.625Z,1,4,false
2019-07-18T23:15:16.492Z,1,5,false
2019-07-18T23:16:05.488Z,1,6,false
2019-07-18T23:16:55.201Z,1,7,false
2019-07-18T23:17:45.238Z,1,8,false
2019-07-18T23:18:34.753Z,1,9,false
2019-07-18T23:19:54.655Z,1,1,false
2019-07-18T23:20:43.864Z,1,2,false
2019-07-18T23:21:32.972Z,1,3,false
2019-07-18T23:22:22.354Z,1,4,false
2019-07-18T23:23:12.599Z,1,5,false
2019-07-18T23:24:01.863Z,1,6,false
2019-07-18T23:24:51.333Z,1,7,false
2019-07-18T23:25:40.750Z,1,8,false
2019-07-18T23:26:30.981Z,1,9,false
2019-07-18T23:27:50.715Z,1,1,false
2019-07-18T23:28:40.016Z,1,2,false
2019-07-18T23:29:28.861Z,1,3,false
2019-07-18T23:30:18.859Z,1,4,false
2019-07-18T23:31:08.605Z,1,5,false
2019-07-18T23:31:57.883Z,1,6,false
2019-07-18T23:32:47.720Z,1,7,false
2019-07-18T23:33:37.086Z,1,8,false
2019-07-18T23:34:26.381Z,1,9,false
2019-07-18T23:35:45.920Z,1,1,false
2019-07-18T23:36:35.075Z,1,2,false
2019-07-18T23:37:24.088Z,1,3,false
2019-07-18T23:38:13.872Z,1,4,false
2019-07-18T23:39:03.767Z,1,5,false
2019-07-18T23:39:53.422Z,1,6,false
2019-07-18T23:40:43.371Z,1,7,false
2019-07-18T23:44:23.921Z,1,8,false
2019-07-18T23:45:13.732Z,1,9,false
2019-07-18T23:46:32.808Z,1,1,false
2019-07-18T23:47:22.087Z,1,2,false
2019-07-18T23:48:11.550Z,1,3,false
2019-07-18T23:49:01.277Z,1,4,false
2019-07-18T23:49:51.430Z,1,5,false
2019-07-18T23:50:40.488Z,1,6,false
2019-07-18T23:51:30.251Z,1,7,false
2019-07-18T23:56:00.084Z,1,8,false
2019-07-18T23:56:49.256Z,1,9,false
2019-07-18T23:58:07.825Z,1,1,false
2019-07-18T23:58:57.051Z,1,2,false
2019-07-18T23:59:41.650Z,1,3,false
2019-07-19T00:00:24.476Z,1,4,false
2019-07-19T00:01:06.099Z,1,5,false
2019-07-19T00:01:40.118Z,1,6,false
2019-07-19T00:02:28.815Z,1,7,false
2019-07-19T00:04:44.139Z,1,8,false
2019-07-19T00:05:35.016Z,1,9,false
2019-07-19T00:06:56.617Z,1,1,false
2019-07-19T00:07:40.250Z,1,2,false
2019-07-19T00:08:29.770Z,1,3,false
2019-07-19T00:09:21.004Z,1,4,false
2019-07-19T00:10:12.377Z,1,5,false
2019-07-19T00:11:03.172Z,1,6,false
2019-07-19T00:11:54.494Z,1,7,false
2019-07-19T00:12:45.039Z,1,8,false
2019-07-19T00:13:35.653Z,1,9,false
2019-07-19T00:14:56.852Z,1,1,false
2019-07-19T00:15:40.384Z,1,2,false
2019-07-19T00:16:26.718Z,1,3,false
2019-07-19T00:17:17.894Z,1,4,false
2019-07-19T00:18:09.105Z,1,5,false
2019-07-19T00:18:59.635Z,1,6,false
2019-07-19T00:19:50.736Z,1,7,false
2019-07-19T00:20:41.126Z,1,8,false
2019-07-19T00:21:31.754Z,1,9,false
2019-07-19T00:22:52.828Z,1,1,false
2019-07-19T00:23:37.495Z,1,2,false
2019-07-19T00:24:27.396Z,1,3,false
2019-07-19T00:25:17.968Z,1,4,false
2019-07-19T00:26:08.958Z,1,5,false
2019-07-19T00:26:59.612Z,1,6,false
2019-07-19T00:27:50.473Z,1,7,false
2019-07-19T00:28:41.250Z,1,8,false
2019-07-19T00:29:32.266Z,1,9,false
2019-07-19T00:30:53.409Z,1,1,false
2019-07-19T00:31:35.073Z,1,2,false
2019-07-19T00:32:24.803Z,1,3,false
2019-07-19T00:33:16.019Z,1,4,false
2019-07-19T00:34:07.251Z,1,5,false
2019-07-19T00:34:57.178Z,1,6,false
2019-07-19T00:35:48.280Z,1,7,false
2019-07-19T00:36:39.218Z,1,8,false
2019-07-19T00:37:30.454Z,1,9,false
2019-07-19T00:38:51.785Z,1,1,false
2019-07-19T00:39:33.995Z,1,2,false
2019-07-19T00:40:20.782Z,1,3,false
2019-07-19T00:41:11.803Z,1,4,false
2019-07-19T00:42:03.246Z,1,5,false
2019-07-19T00:42:54.075Z,1,6,false
2019-07-19T00:43:44.642Z,1,7,false
2019-07-19T00:44:34.836Z,1,8,false
2019-07-19T00:45:26.043Z,1,9,false
2019-07-19T00:46:46.929Z,1,1,false
2019-07-19T00:47:30.698Z,1,2,false
2019-07-19T00:48:19.897Z,1,3,false
2019-07-19T00:49:10.785Z,1,4,false
2019-07-19T00:50:01.697Z,1,5,false
2019-07-19T00:50:52.838Z,1,6,false
2019-07-19T00:51:43.866Z,1,7,false
2019-07-19T00:52:33.989Z,1,8,false
2019-07-19T00:53:24.713Z,1,9,false
2019-07-19T00:54:45.569Z,1,1,false
2019-07-19T00:55:30.438Z,1,2,false
2019-07-19T00:56:19.806Z,1,3,false
2019-07-19T00:57:10.599Z,1,4,false
2019-07-19T00:58:01.929Z,1,5,false
2019-07-19T00:58:52.365Z,1,6,false
2019-07-19T00:59:43.066Z,1,7,false
2019-07-19T01:00:33.972Z,1,8,false
2019-07-19T01:01:25.053Z,1,9,false
2019-07-19T01:02:45.175Z,1,1,false
2019-07-19T01:03:15.795Z,1,2,false
2019-07-19T01:03:38.303Z,1,3,false
2019-07-19T01:04:07.528Z,1,4,false
2019-07-19T01:04:47.344Z,1,5,false
2019-07-19T01:05:38.024Z,1,6,false
2019-07-19T01:06:29.096Z,1,7,false
2019-07-19T01:07:19.700Z,1,8,false
2019-07-19T01:08:10.640Z,1,9,false
2019-07-19T01:09:31.329Z,1,1,false
2019-07-19T01:10:15.677Z,1,2,false
2019-07-19T01:12:02.426Z,1,3,false
2019-07-19T01:12:53.198Z,1,4,false
2019-07-19T01:13:44.791Z,1,5,false
2019-07-19T01:14:35.496Z,1,6,false
2019-07-19T01:15:26.463Z,1,7,false
2019-07-19T01:16:17.297Z,1,8,false
2019-07-19T01:17:07.815Z,1,9,false
2019-07-19T01:18:28.446Z,1,1,false
2019-07-19T01:19:19.391Z,1,2,false
2019-07-19T01:20:09.818Z,1,3,false
2019-07-19T01:21:00.876Z,1,4,false
2019-07-19T01:21:52.145Z,1,5,false
2019-07-19T01:22:42.956Z,1,6,false
2019-07-19T01:23:33.956Z,1,7,false
2019-07-19T01:24:24.444Z,1,8,false
2019-07-19T01:25:14.768Z,1,9,false
2019-07-19T01:26:35.713Z,1,1,false
2019-07-19T01:27:26.037Z,1,2,false
2019-07-19T01:28:16.812Z,1,3,false
2019-07-19T01:29:07.353Z,1,4,false
2019-07-19T01:29:58.660Z,1,5,false
2019-07-19T01:30:49.054Z,1,6,false
2019-07-19T01:31:40.090Z,1,7,false
2019-07-19T01:32:29.741Z,1,8,false
2019-07-19T01:33:20.766Z,1,9,false
2019-07-19T01:34:41.352Z,1,1,false
2019-07-19T01:35:31.724Z,1,2,false
2019-07-19T01:36:22.393Z,1,3,false
2019-07-19T01:37:13.587Z,1,4,false
2019-07-19T01:38:04.977Z,1,5,false
2019-07-19T01:38:55.600Z,1,6,false
2019-07-19T01:39:46.484Z,1,7,false
2019-07-19T01:40:36.474Z,1,8,false
2019-07-19T01:41:27.624Z,1,9,false
2019-07-19T01:42:48.277Z,1,1,false
2019-07-19T01:43:38.410Z,1,2,false
2019-07-19T01:44:28.624Z,1,3,false
2019-07-19T01:45:20.803Z,1,4,false
2019-07-19T01:46:12.561Z,1,5,false
2019-07-19T01:47:02.839Z,1,6,false
2019-07-19T01:47:53.247Z,1,7,false
2019-07-19T01:48:43.905Z,1,8,false
2019-07-19T01:49:34.899Z,1,9,false
2019-07-19T01:50:55.529Z,1,1,false
2019-07-19T01:51:45.873Z,1,2,false
2019-07-19T01:52:36.200Z,1,3,false
2019-07-19T01:53:27.088Z,1,4,false
2019-07-19T01:54:18.656Z,1,5,false
2019-07-19T01:55:09.527Z,1,6,false
2019-07-19T01:56:00.329Z,1,7,false
2019-07-19T01:56:50.846Z,1,8,false
2019-07-19T01:57:41.860Z,1,9,false
2019-07-19T01:59:03.318Z,1,1,false
2019-07-19T01:59:53.708Z,1,2,false
2019-07-19T02:00:43.998Z,1,3,false
2019-07-19T02:01:35.590Z,1,4,false
2019-07-19T02:02:26.733Z,1,5,false
2019-07-19T02:03:17.579Z,1,6,false
2019-07-19T02:04:08.676Z,1,7,false
2019-07-19T02:04:59.061Z,1,8,false
2019-07-19T02:05:49.860Z,1,9,false
2019-07-19T02:07:10.730Z,1,1,false
2019-07-19T02:08:01.093Z,1,2,false
2019-07-19T02:08:51.352Z,1,3,false
2019-07-19T02:09:42.567Z,1,4,false
2019-07-19T02:10:34.255Z,1,5,false
2019-07-19T02:11:25.021Z,1,6,false
2019-07-19T02:12:15.873Z,1,7,false
2019-07-19T02:13:06.625Z,1,8,false
2019-07-19T02:13:57.610Z,1,9,false
2019-07-19T02:15:18.466Z,1,1,false
2019-07-19T02:16:08.556Z,1,2,false
2019-07-19T02:16:58.951Z,1,3,false
2019-07-19T02:17:49.868Z,1,4,false
2019-07-19T02:18:41.385Z,1,5,false
2019-07-19T02:19:32.272Z,1,6,false
2019-07-19T02:20:23.552Z,1,7,false
2019-07-19T02:21:14.429Z,1,8,false
2019-07-19T02:22:04.869Z,1,9,false
2019-07-19T02:23:25.764Z,1,1,false
2019-07-19T02:24:15.980Z,1,2,false
2019-07-19T02:25:06.596Z,1,3,false
2019-07-19T02:25:57.225Z,1,4,false
2019-07-19T02:26:48.326Z,1,5,false
2019-07-19T02:27:39.482Z,1,6,false
2019-07-19T02:28:30.719Z,1,7,false
2019-07-19T02:29:20.979Z,1,8,false
2019-07-19T02:30:11.722Z,1,9,false
2019-07-19T02:31:31.998Z,1,1,false
2019-07-19T02:32:22.677Z,1,2,false
2019-07-19T02:33:12.937Z,1,3,false
2019-07-19T02:34:03.590Z,1,4,false
2019-07-19T02:34:54.228Z,1,5,false
2019-07-19T02:35:45.259Z,1,6,false
2019-07-19T02:36:36.111Z,1,7,false
2019-07-19T02:37:27.016Z,1,8,false
2019-07-19T02:38:18.060Z,1,9,false
2019-07-19T02:39:39.066Z,1,1,false
2019-07-19T02:40:29.480Z,1,2,false
2019-07-19T02:41:19.510Z,1,3,false
2019-07-19T02:42:10.531Z,1,4,false
2019-07-19T02:43:01.681Z,1,5,false
2019-07-19T02:43:52.948Z,1,6,false
2019-07-19T02:44:43.746Z,1,7,false
2019-07-19T02:45:34.610Z,1,8,false
2019-07-19T02:46:24.786Z,1,9,false
2019-07-19T02:47:45.422Z,1,1,false
2019-07-19T02:48:35.530Z,1,2,false
2019-07-19T02:49:26.120Z,1,3,false
2019-07-19T02:50:17.416Z,1,4,false
2019-07-19T02:51:08.926Z,1,5,false
2019-07-19T02:51:59.824Z,1,6,false
2019-07-19T02:52:50.544Z,1,7,false
2019-07-19T02:53:41.258Z,1,8,false
2019-07-19T02:54:32.484Z,1,9,false
2019-07-19T02:55:53.449Z,1,1,false
2019-07-19T02:56:44.086Z,1,2,false
2019-07-19T02:57:34.901Z,1,3,false
2019-07-19T02:58:25.367Z,1,4,false
2019-07-19T02:59:16.838Z,1,5,false
2019-07-19T03:00:07.614Z,1,6,false
2019-07-19T03:00:58.760Z,1,7,false
2019-07-19T03:01:49.246Z,1,8,false
2019-07-19T03:02:40.003Z,1,9,false
2019-07-19T03:04:01.186Z,1,1,false
2019-07-19T03:04:53.738Z,1,2,false
2019-07-19T03:05:46.985Z,1,3,false
2019-07-19T03:06:40.873Z,1,4,false
2019-07-19T03:07:34.355Z,1,5,false
2019-07-19T03:08:25.397Z,1,6,false
2019-07-19T03:09:16.187Z,1,7,false
2019-07-19T03:10:07.303Z,1,8,false
2019-07-19T03:10:58.257Z,1,9,false
2019-07-19T03:12:19.255Z,1,1,false
2019-07-19T03:13:10.459Z,1,2,false
2019-07-19T03:14:01.027Z,1,3,false
2019-07-19T03:14:51.963Z,1,4,false
2019-07-19T03:15:43.374Z,1,5,false
2019-07-19T03:16:34.084Z,1,6,false
2019-07-19T03:17:25.296Z,1,7,false
2019-07-19T03:18:16.313Z,1,8,false
2019-07-19T03:19:09.004Z,1,9,false
2019-07-19T03:20:29.606Z,1,1,false
2019-07-19T03:21:20.320Z,1,2,false
2019-07-19T03:22:10.818Z,1,3,false
2019-07-19T03:23:03.004Z,1,4,false
2019-07-19T03:23:54.578Z,1,5,false
2019-07-19T03:24:46.327Z,1,6,false
2019-07-19T03:25:36.861Z,1,7,false
2019-07-19T03:26:27.672Z,1,8,false
2019-07-19T03:27:18.841Z,1,9,false
2019-07-19T03:28:39.337Z,1,1,false
2019-07-19T03:29:30.104Z,1,2,false
2019-07-19T03:30:20.594Z,1,3,false
2019-07-19T03:31:11.656Z,1,4,false
2019-07-19T03:32:02.695Z,1,5,false
2019-07-19T03:32:53.646Z,1,6,false
2019-07-19T03:33:44.531Z,1,7,false
2019-07-19T03:34:35.386Z,1,8,false
2019-07-19T03:35:26.525Z,1,9,false
2019-07-19T03:36:47.775Z,1,1,false
2019-07-19T03:37:37.850Z,1,2,false
2019-07-19T03:38:28.544Z,1,3,false
2019-07-19T03:39:19.507Z,1,4,false
2019-07-19T03:40:10.518Z,1,5,false
2019-07-19T03:41:00.850Z,1,6,false
2019-07-19T03:41:51.917Z,1,7,false
2019-07-19T03:42:42.472Z,1,8,false
2019-07-19T03:43:34.249Z,1,9,false
2019-07-19T03:44:54.984Z,1,1,false
2019-07-19T03:45:45.759Z,1,2,false
2019-07-19T03:46:37.363Z,1,3,false
2019-07-19T03:47:28.096Z,1,4,false
2019-07-19T03:48:19.244Z,1,5,false
2019-07-19T03:49:09.978Z,1,6,false
2019-07-19T03:50:00.874Z,1,7,false
2019-07-19T03:50:51.665Z,1,8,false
2019-07-19T03:51:42.458Z,1,9,false
2019-07-19T03:53:03.330Z,1,1,false
2019-07-19T03:53:53.709Z,1,2,false
2019-07-19T03:54:44.051Z,1,3,false
2019-07-19T03:55:35.502Z,1,4,false
2019-07-19T03:56:26.995Z,1,5,false
2019-07-19T03:57:18.224Z,1,6,false
2019-07-19T03:58:08.548Z,1,7,false
2019-07-19T03:58:58.720Z,1,8,false
2019-07-19T03:59:49.304Z,1,9,false
2019-07-19T04:01:10.171Z,1,1,false
2019-07-19T04:01:59.659Z,1,2,false
2019-07-19T04:02:50.146Z,1,3,false
2019-07-19T04:03:41.590Z,1,4,false
2019-07-19T04:04:33.027Z,1,5,false
2019-07-19T04:05:24.181Z,1,6,false
2019-07-19T04:06:15.421Z,1,7,false
2019-07-19T04:07:05.997Z,1,8,false
2019-07-19T04:07:56.356Z,1,9,false
2019-07-19T04:09:17.112Z,1,1,false
2019-07-19T04:10:06.979Z,1,2,false
2019-07-19T04:10:57.150Z,1,3,false
2019-07-19T04:11:48.900Z,1,4,false
2019-07-19T04:12:40.029Z,1,5,false
2019-07-19T04:13:31.462Z,1,6,false
2019-07-19T04:14:22.748Z,1,7,false
2019-07-19T04:15:13.201Z,1,8,false
2019-07-19T04:16:03.942Z,1,9,false
2019-07-19T04:17:24.659Z,1,1,false
2019-07-19T04:18:15.035Z,1,2,false
2019-07-19T04:19:05.302Z,1,3,false
2019-07-19T04:19:56.117Z,1,4,false
2019-07-19T04:20:47.445Z,1,5,false
2019-07-19T04:21:38.452Z,1,6,false
2019-07-19T04:22:28.955Z,1,7,false
2019-07-19T04:23:19.741Z,1,8,false
2019-07-19T04:24:10.335Z,1,9,false
2019-07-19T04:25:31.057Z,1,1,false
2019-07-19T04:26:21.513Z,1,2,false
2019-07-19T04:27:12.210Z,1,3,false
2019-07-19T04:28:02.830Z,1,4,false
2019-07-19T04:28:54.164Z,1,5,false
2019-07-19T04:29:44.844Z,1,6,false
2019-07-19T04:30:35.896Z,1,7,false
2019-07-19T04:31:26.537Z,1,8,false
2019-07-19T04:32:17.456Z,1,9,false
2019-07-19T04:33:38.161Z,1,1,false
2019-07-19T04:34:28.739Z,1,2,false
2019-07-19T04:35:19.485Z,1,3,false
2019-07-19T04:36:10.876Z,1,4,false
2019-07-19T04:37:02.079Z,1,5,false
2019-07-19T04:37:52.924Z,1,6,false
2019-07-19T04:38:43.599Z,1,7,false
2019-07-19T04:39:34.529Z,1,8,false
2019-07-19T04:40:25.227Z,1,9,false
2019-07-19T04:41:46.547Z,1,1,false
2019-07-19T04:42:36.951Z,1,2,false
2019-07-19T04:43:26.818Z,1,3,false
2019-07-19T04:44:18.171Z,1,4,false
2019-07-19T04:45:09.222Z,1,5,false
2019-07-19T04:45:59.821Z,1,6,false
2019-07-19T04:46:50.402Z,1,7,false
2019-07-19T04:47:40.848Z,1,8,false
2019-07-19T04:48:31.816Z,1,9,false
2019-07-19T04:49:53.196Z,1,1,false
2019-07-19T04:50:43.555Z,1,2,false
2019-07-19T04:51:33.679Z,1,3,false
2019-07-19T04:52:24.748Z,1,4,false
2019-07-19T04:53:15.550Z,1,5,false
2019-07-19T04:54:06.363Z,1,6,false
2019-07-19T04:54:57.166Z,1,7,false
2019-07-19T04:55:48.227Z,1,8,false
2019-07-19T04:56:39.243Z,1,9,false
2019-07-19T04:58:00.306Z,1,1,false
2019-07-19T04:58:50.653Z,1,2,false
2019-07-19T04:59:41.052Z,1,3,false
2019-07-19T05:00:32.075Z,1,4,false
2019-07-19T05:01:24.130Z,1,5,false
2019-07-19T05:02:14.941Z,1,6,false
2019-07-19T05:03:05.799Z,1,7,false
2019-07-19T05:03:55.815Z,1,8,false
2019-07-19T05:04:46.692Z,1,9,false
2019-07-19T05:06:07.829Z,1,1,false
2019-07-19T05:06:58.113Z,1,2,false
2019-07-19T05:07:48.236Z,1,3,false
2019-07-19T05:08:39.141Z,1,4,false
2019-07-19T05:09:30.986Z,1,5,false
2019-07-19T05:10:22.211Z,1,6,false
2019-07-19T05:11:12.879Z,1,7,false
2019-07-19T05:12:03.446Z,1,8,false
2019-07-19T05:12:54.379Z,1,9,false
2019-07-19T05:14:15.422Z,1,1,false
2019-07-19T05:15:05.343Z,1,2,false
2019-07-19T05:15:55.560Z,1,3,false
2019-07-19T05:16:47.132Z,1,4,false
2019-07-19T05:17:38.312Z,1,5,false
2019-07-19T05:18:29.126Z,1,6,false
2019-07-19T05:19:19.655Z,1,7,false
2019-07-19T05:20:11.467Z,1,8,false
2019-07-19T05:21:02.321Z,1,9,false
2019-07-19T05:22:23.391Z,1,1,false
2019-07-19T05:23:14.007Z,1,2,false
2019-07-19T05:24:04.332Z,1,3,false
2019-07-19T05:24:55.415Z,1,4,false
2019-07-19T05:25:46.809Z,1,5,false
2019-07-19T05:26:37.302Z,1,6,false
2019-07-19T05:27:28.012Z,1,7,false
2019-07-19T05:28:18.792Z,1,8,false
2019-07-19T05:29:09.677Z,1,9,false
2019-07-19T05:30:29.880Z,1,1,false
2019-07-19T05:31:20.473Z,1,2,false
2019-07-19T05:32:11.009Z,1,3,false
2019-07-19T05:33:01.934Z,1,4,false
2019-07-19T05:33:52.919Z,1,5,false
2019-07-19T05:34:44.186Z,1,6,false
2019-07-19T05:35:34.627Z,1,7,false
2019-07-19T05:36:25.151Z,1,8,false
2019-07-19T05:37:15.900Z,1,9,false
2019-07-19T05:38:36.722Z,1,1,false
2019-07-19T05:39:26.685Z,1,2,false
2019-07-19T05:40:17.398Z,1,3,false
2019-07-19T05:41:08.335Z,1,4,false
2019-07-19T05:41:59.917Z,1,5,false
2019-07-19T05:42:50.215Z,1,6,false
2019-07-19T05:43:41.482Z,1,7,false
2019-07-19T05:44:32.435Z,1,8,false
2019-07-19T05:45:22.951Z,1,9,false
2019-07-19T05:46:43.621Z,1,1,false
2019-07-19T05:47:34.179Z,1,2,false
2019-07-19T05:48:24.704Z,1,3,false
2019-07-19T05:49:15.534Z,1,4,false
2019-07-19T05:50:07.034Z,1,5,false
2019-07-19T05:50:57.910Z,1,6,false
2019-07-19T05:51:49.216Z,1,7,false
2019-07-19T05:52:39.835Z,1,8,false
2019-07-19T05:53:30.417Z,1,9,false
2019-07-19T05:54:51.632Z,1,1,false
2019-07-19T05:55:42.214Z,1,2,false
2019-07-19T05:56:32.474Z,1,3,false
2019-07-19T05:57:23.579Z,1,4,false
2019-07-19T05:58:15.212Z,1,5,false
2019-07-19T05:59:07.040Z,1,6,false
2019-07-19T05:59:57.919Z,1,7,false
2019-07-19T06:00:48.578Z,1,8,false
2019-07-19T06:01:39.504Z,1,9,false
2019-07-19T06:03:00.808Z,1,1,false
2019-07-19T06:03:51.521Z,1,2,false
2019-07-19T06:04:41.614Z,1,3,false
2019-07-19T06:05:33.059Z,1,4,false
2019-07-19T06:06:24.254Z,1,5,false
2019-07-19T06:07:15.225Z,1,6,false
2019-07-19T06:08:05.338Z,1,7,false
2019-07-19T06:08:55.947Z,1,8,false
2019-07-19T06:09:47.272Z,1,9,false
2019-07-19T06:11:08.115Z,1,1,false
2019-07-19T06:11:58.745Z,1,2,false
2019-07-19T06:12:49.278Z,1,3,false
2019-07-19T06:13:40.307Z,1,4,false
2019-07-19T06:14:31.683Z,1,5,false
2019-07-19T06:15:22.231Z,1,6,false
2019-07-19T06:16:13.415Z,1,7,false
2019-07-19T06:17:03.605Z,1,8,false
2019-07-19T06:17:54.320Z,1,9,false
2019-07-19T06:19:14.878Z,1,1,false
2019-07-19T06:20:04.941Z,1,2,false
2019-07-19T06:20:54.900Z,1,3,false
2019-07-19T06:21:45.893Z,1,4,false
2019-07-19T06:22:37.267Z,1,5,false
2019-07-19T06:23:28.465Z,1,6,false
2019-07-19T06:24:19.595Z,1,7,false
2019-07-19T06:25:10.397Z,1,8,false
2019-07-19T06:26:00.842Z,1,9,false
2019-07-19T06:27:21.728Z,1,1,false
2019-07-19T06:28:12.953Z,1,2,false
2019-07-19T06:29:02.872Z,1,3,false
2019-07-19T06:29:54.158Z,1,4,false
2019-07-19T06:30:45.479Z,1,5,false
2019-07-19T06:31:37.172Z,1,6,false
2019-07-19T06:32:27.421Z,1,7,false
2019-07-19T06:33:17.996Z,1,8,false
2019-07-19T06:34:08.658Z,1,9,false
2019-07-19T06:35:28.826Z,1,1,false
2019-07-19T06:36:19.424Z,1,2,false
2019-07-19T06:37:10.077Z,1,3,false
2019-07-19T06:38:01.038Z,1,4,false
2019-07-19T06:38:52.120Z,1,5,false
2019-07-19T06:39:42.975Z,1,6,false
2019-07-19T06:40:34.115Z,1,7,false
2019-07-19T06:41:24.785Z,1,8,false
2019-07-19T06:42:15.577Z,1,9,false
2019-07-19T06:43:36.438Z,1,1,false
2019-07-19T06:44:26.711Z,1,2,false
2019-07-19T06:45:16.963Z,1,3,false
2019-07-19T06:46:08.915Z,1,4,false
2019-07-19T06:46:59.971Z,1,5,false
2019-07-19T06:47:50.563Z,1,6,false
2019-07-19T06:48:41.268Z,1,7,false
2019-07-19T06:49:32.082Z,1,8,false
2019-07-19T06:50:22.932Z,1,9,false
2019-07-19T06:51:44.462Z,1,1,false
2019-07-19T06:52:34.821Z,1,2,false
2019-07-19T06:53:25.561Z,1,3,false
2019-07-19T06:54:16.994Z,1,4,false
2019-07-19T06:55:08.275Z,1,5,false
2019-07-19T06:55:59.472Z,1,6,false
2019-07-19T06:56:50.418Z,1,7,false
2019-07-19T06:57:40.640Z,1,8,false
2019-07-19T06:58:32.100Z,1,9,false
2019-07-19T06:59:52.673Z,1,1,false
2019-07-19T07:00:43.398Z,1,2,false
2019-07-19T07:01:33.335Z,1,3,false
2019-07-19T07:02:24.428Z,1,4,false
2019-07-19T07:03:15.285Z,1,5,false
2019-07-19T07:04:05.898Z,1,6,false
2019-07-19T07:04:56.475Z,1,7,false
2019-07-19T07:05:47.437Z,1,8,false
2019-07-19T07:06:38.511Z,1,9,false
2019-07-19T07:07:59.597Z,1,1,false
2019-07-19T07:08:49.722Z,1,2,false
2019-07-19T07:09:40.169Z,1,3,false
2019-07-19T07:10:31.562Z,1,4,false
2019-07-19T07:11:23.158Z,1,5,false
2019-07-19T07:12:14.057Z,1,6,false
2019-07-19T07:13:05.285Z,1,7,false
2019-07-19T07:13:55.709Z,1,8,false
2019-07-19T07:14:47.248Z,1,9,false
2019-07-19T07:16:08.712Z,1,1,false
2019-07-19T07:16:59.133Z,1,2,false
2019-07-19T07:17:49.603Z,1,3,false
2019-07-19T07:18:40.454Z,1,4,false
2019-07-19T07:19:32.652Z,1,5,false
2019-07-19T07:20:24.053Z,1,6,false
2019-07-19T07:21:14.913Z,1,7,false
2019-07-19T07:22:05.822Z,1,8,false
2019-07-19T07:22:56.091Z,1,9,false
2019-07-19T07:24:17.041Z,1,1,false
2019-07-19T07:25:08.479Z,1,2,false
2019-07-19T07:26:01.527Z,1,3,false
2019-07-19T07:26:54.638Z,1,4,false
2019-07-19T07:27:48.766Z,1,5,false
2019-07-19T07:28:39.538Z,1,6,false
2019-07-19T07:29:30.571Z,1,7,false
2019-07-19T07:30:21.415Z,1,8,false
2019-07-19T07:31:12.492Z,1,9,false
2019-07-19T07:32:33.312Z,1,1,false
2019-07-19T07:33:24.951Z,1,2,false
2019-07-19T07:34:16.018Z,1,3,false
2019-07-19T07:35:07.107Z,1,4,false
2019-07-19T07:35:59.096Z,1,5,false
2019-07-19T07:36:49.855Z,1,6,false
2019-07-19T07:37:41.384Z,1,7,false
2019-07-19T07:38:32.550Z,1,8,false
2019-07-19T07:39:23.683Z,1,9,false
2019-07-19T07:40:44.714Z,1,1,false
2019-07-19T07:41:35.147Z,1,2,false
2019-07-19T07:42:25.941Z,1,3,false
2019-07-19T07:43:16.896Z,1,4,false
2019-07-19T07:44:08.764Z,1,5,false
2019-07-19T07:45:00.005Z,1,6,false
2019-07-19T07:45:50.742Z,1,7,false
2019-07-19T07:46:41.530Z,1,8,false
2019-07-19T07:47:32.898Z,1,9,false
2019-07-19T07:48:54.983Z,1,1,false
2019-07-19T07:49:45.528Z,1,2,false
2019-07-19T07:50:37.032Z,1,3,false
2019-07-19T07:51:27.965Z,1,4,false
2019-07-19T07:52:19.671Z,1,5,false
2019-07-19T07:53:10.378Z,1,6,false
2019-07-19T07:54:01.413Z,1,7,false
2019-07-19T07:54:52.122Z,1,8,false
2019-07-19T07:55:43.169Z,1,9,false
2019-07-19T07:57:04.589Z,1,1,false
2019-07-19T07:57:55.180Z,1,2,false
2019-07-19T07:58:45.599Z,1,3,false
2019-07-19T07:59:36.745Z,1,4,false
2019-07-19T08:00:28.381Z,1,5,false
2019-07-19T08:01:19.165Z,1,6,false
2019-07-19T08:02:10.086Z,1,7,false
2019-07-19T08:03:00.367Z,1,8,false
2019-07-19T08:03:50.918Z,1,9,false
2019-07-19T08:05:11.662Z,1,1,false
2019-07-19T08:06:02.006Z,1,2,false
2019-07-19T08:06:51.575Z,1,3,false
2019-07-19T08:07:42.787Z,1,4,false
2019-07-19T08:08:34.144Z,1,5,false
2019-07-19T08:09:25.068Z,1,6,false
2019-07-19T08:10:16.465Z,1,7,false
2019-07-19T08:11:07.271Z,1,8,false
2019-07-19T08:11:57.988Z,1,9,false
2019-07-19T08:13:19.003Z,1,1,false
2019-07-19T08:14:09.071Z,1,2,false
2019-07-19T08:14:59.588Z,1,3,false
2019-07-19T08:15:49.986Z,1,4,false
2019-07-19T08:16:41.483Z,1,5,false
2019-07-19T08:17:32.478Z,1,6,false
2019-07-19T08:18:23.876Z,1,7,false
2019-07-19T08:19:13.796Z,1,8,false
2019-07-19T08:20:04.841Z,1,9,false
2019-07-19T08:21:24.860Z,1,1,false
2019-07-19T08:22:15.548Z,1,2,false
2019-07-19T08:23:05.355Z,1,3,false
2019-07-19T08:23:56.226Z,1,4,false
2019-07-19T08:24:47.247Z,1,5,false
2019-07-19T08:25:38.398Z,1,6,false
2019-07-19T08:26:29.099Z,1,7,false
2019-07-19T08:27:19.785Z,1,8,false
2019-07-19T08:28:09.978Z,1,9,false
2019-07-19T08:29:30.479Z,1,1,false
2019-07-19T08:30:20.517Z,1,2,false
2019-07-19T08:31:10.887Z,1,3,false
2019-07-19T08:32:01.696Z,1,4,false
2019-07-19T08:32:52.548Z,1,5,false
2019-07-19T08:33:43.825Z,1,6,false
2019-07-19T08:34:34.953Z,1,7,false
2019-07-19T08:35:25.908Z,1,8,false
2019-07-19T08:36:17.867Z,1,9,false
2019-07-19T08:37:38.680Z,1,1,false
2019-07-19T08:38:29.237Z,1,2,false
2019-07-19T08:39:19.708Z,1,3,false
2019-07-19T08:40:10.636Z,1,4,false
2019-07-19T08:41:02.048Z,1,5,false
2019-07-19T08:41:53.061Z,1,6,false
2019-07-19T08:42:43.635Z,1,7,false
2019-07-19T08:43:34.363Z,1,8,false
2019-07-19T08:44:25.098Z,1,9,false
2019-07-19T08:45:46.004Z,1,1,false
2019-07-19T08:46:36.763Z,1,2,false
2019-07-19T08:47:26.942Z,1,3,false
2019-07-19T08:48:18.170Z,1,4,false
2019-07-19T08:49:09.330Z,1,5,false
2019-07-19T08:50:00.174Z,1,6,false
2019-07-19T08:50:51.439Z,1,7,false
2019-07-19T08:51:42.131Z,1,8,false
2019-07-19T08:52:33.187Z,1,9,false
2019-07-19T08:53:53.750Z,1,1,false
2019-07-19T08:54:44.684Z,1,2,false
2019-07-19T08:55:34.905Z,1,3,false
2019-07-19T08:56:26.080Z,1,4,false
2019-07-19T08:57:16.708Z,1,5,false
2019-07-19T08:58:07.825Z,1,6,false
2019-07-19T08:58:58.607Z,1,7,false
2019-07-19T08:59:49.419Z,1,8,false
2019-07-19T09:00:40.582Z,1,9,false
2019-07-19T09:02:01.226Z,1,1,false
2019-07-19T09:02:51.585Z,1,2,false
2019-07-19T09:03:42.378Z,1,3,false
2019-07-19T09:04:33.541Z,1,4,false
2019-07-19T09:05:25.400Z,1,5,false
2019-07-19T09:06:15.855Z,1,6,false
2019-07-19T09:07:07.057Z,1,7,false
2019-07-19T09:07:57.371Z,1,8,false
2019-07-19T09:08:48.464Z,1,9,false
2019-07-19T09:10:09.622Z,1,1,false
2019-07-19T09:10:59.865Z,1,2,false
2019-07-19T09:11:50.100Z,1,3,false
2019-07-19T09:12:41.008Z,1,4,false
2019-07-19T09:13:32.665Z,1,5,false
2019-07-19T09:14:23.839Z,1,6,false
2019-07-19T09:15:14.824Z,1,7,false
2019-07-19T09:16:05.317Z,1,8,false
2019-07-19T09:16:55.362Z,1,9,false
2019-07-19T09:18:16.328Z,1,1,false
2019-07-19T09:19:06.859Z,1,2,false
2019-07-19T09:19:57.071Z,1,3,false
2019-07-19T09:20:48.635Z,1,4,false
2019-07-19T09:21:40.218Z,1,5,false
2019-07-19T09:22:31.550Z,1,6,false
2019-07-19T09:23:21.976Z,1,7,false
2019-07-19T09:24:12.856Z,1,8,false
2019-07-19T09:25:03.299Z,1,9,false
2019-07-19T09:26:24.243Z,1,1,false
2019-07-19T09:27:14.937Z,1,2,false
2019-07-19T09:28:05.417Z,1,3,false
2019-07-19T09:28:56.607Z,1,4,false
2019-07-19T09:29:47.987Z,1,5,false
2019-07-19T09:30:39.093Z,1,6,false
2019-07-19T09:31:30.237Z,1,7,false
2019-07-19T09:32:20.607Z,1,8,false
2019-07-19T09:33:11.770Z,1,9,false
2019-07-19T09:34:32.074Z,1,1,false
2019-07-19T09:35:22.823Z,1,2,false
2019-07-19T09:36:13.561Z,1,3,false
2019-07-19T09:37:04.273Z,1,4,false
2019-07-19T09:37:55.660Z,1,5,false
2019-07-19T09:38:46.526Z,1,6,false
2019-07-19T09:39:37.154Z,1,7,false
2019-07-19T09:40:27.664Z,1,8,false
2019-07-19T09:41:19.006Z,1,9,false
2019-07-19T09:42:39.409Z,1,1,false
2019-07-19T09:43:30.136Z,1,2,false
2019-07-19T09:44:20.812Z,1,3,false
2019-07-19T09:45:12.108Z,1,4,false
2019-07-19T09:46:03.437Z,1,5,false
2019-07-19T09:46:54.819Z,1,6,false
2019-07-19T09:47:45.664Z,1,7,false
2019-07-19T09:48:36.648Z,1,8,false
2019-07-19T09:49:27.393Z,1,9,false
2019-07-19T09:50:48.336Z,1,1,false
2019-07-19T09:51:38.599Z,1,2,false
2019-07-19T09:52:28.689Z,1,3,false
2019-07-19T09:53:19.051Z,1,4,false
2019-07-19T09:54:11.062Z,1,5,false
2019-07-19T09:55:01.786Z,1,6,false
2019-07-19T09:55:52.966Z,1,7,false
2019-07-19T09:56:43.964Z,1,8,false
2019-07-19T09:57:34.555Z,1,9,false
2019-07-19T09:58:55.486Z,1,1,false
2019-07-19T09:59:45.611Z,1,2,false
2019-07-19T10:00:36.107Z,1,3,false
2019-07-19T10:01:26.520Z,1,4,false
2019-07-19T10:02:17.732Z,1,5,false
2019-07-19T10:03:08.409Z,1,6,false
2019-07-19T10:03:59.481Z,1,7,false
2019-07-19T10:04:50.253Z,1,8,false
2019-07-19T10:05:41.297Z,1,9,false
2019-07-19T10:07:02.215Z,1,1,false
2019-07-19T10:07:52.553Z,1,2,false
2019-07-19T10:08:43.028Z,1,3,false
2019-07-19T10:09:33.854Z,1,4,false
2019-07-19T10:10:25.832Z,1,5,false
2019-07-19T10:11:16.261Z,1,6,false
2019-07-19T10:12:07.663Z,1,7,false
2019-07-19T10:12:57.628Z,1,8,false
2019-07-19T10:13:48.566Z,1,9,false
2019-07-19T10:15:09.676Z,1,1,false
2019-07-19T10:16:00.407Z,1,2,false
2019-07-19T10:16:50.562Z,1,3,false
2019-07-19T10:17:41.672Z,1,4,false
2019-07-19T10:18:33.164Z,1,5,false
2019-07-19T10:19:23.947Z,1,6,false
2019-07-19T10:20:15.260Z,1,7,false
2019-07-19T10:21:05.653Z,1,8,false
2019-07-19T10:21:56.557Z,1,9,false
2019-07-19T10:23:17.327Z,1,1,false
2019-07-19T10:24:07.684Z,1,2,false
2019-07-19T10:24:58.095Z,1,3,false
2019-07-19T10:25:48.940Z,1,4,false
2019-07-19T10:26:40.290Z,1,5,false
2019-07-19T10:27:31.148Z,1,6,false
2019-07-19T10:28:21.995Z,1,7,false
2019-07-19T10:29:12.753Z,1,8,false
2019-07-19T10:30:03.640Z,1,9,false
2019-07-19T10:31:24.491Z,1,1,false
2019-07-19T10:32:15.069Z,1,2,false
2019-07-19T10:33:05.836Z,1,3,false
2019-07-19T10:33:56.885Z,1,4,false
2019-07-19T10:34:48.514Z,1,5,false
2019-07-19T10:35:39.806Z,1,6,false
2019-07-19T10:36:30.690Z,1,7,false
2019-07-19T10:37:21.742Z,1,8,false
2019-07-19T10:38:12.686Z,1,9,false
2019-07-19T10:39:33.387Z,1,1,false
2019-07-19T10:40:23.880Z,1,2,false
2019-07-19T10:41:14.031Z,1,3,false
2019-07-19T10:42:05.071Z,1,4,false
2019-07-19T10:42:55.895Z,1,5,false
2019-07-19T10:43:46.923Z,1,6,false
2019-07-19T10:44:37.929Z,1,7,false
2019-07-19T10:45:28.719Z,1,8,false
2019-07-19T10:46:19.714Z,1,9,false
2019-07-19T10:47:40.845Z,1,1,false
2019-07-19T10:48:31.407Z,1,2,false
2019-07-19T10:49:22.302Z,1,3,false
2019-07-19T10:50:13.555Z,1,4,false
2019-07-19T10:51:04.665Z,1,5,false
2019-07-19T10:51:55.707Z,1,6,false
2019-07-19T10:52:46.967Z,1,7,false
2019-07-19T10:53:37.349Z,1,8,false
2019-07-19T10:54:29.799Z,1,9,false
2019-07-19T10:55:50.512Z,1,1,false
2019-07-19T10:56:40.353Z,1,2,false
2019-07-19T10:57:30.941Z,1,3,false
2019-07-19T10:58:21.751Z,1,4,false
2019-07-19T10:59:13.276Z,1,5,false
2019-07-19T11:00:04.425Z,1,6,false
2019-07-19T11:00:55.117Z,1,7,false
2019-07-19T11:01:46.063Z,1,8,false
2019-07-19T11:02:36.740Z,1,9,false
2019-07-19T11:03:57.803Z,1,1,false
2019-07-19T11:04:48.433Z,1,2,false
2019-07-19T11:05:38.889Z,1,3,false
2019-07-19T11:06:30.361Z,1,4,false
2019-07-19T11:07:22.154Z,1,5,false
2019-07-19T11:08:13.113Z,1,6,false
2019-07-19T11:09:04.073Z,1,7,false
2019-07-19T11:09:54.386Z,1,8,false
2019-07-19T11:10:45.526Z,1,9,false
2019-07-19T11:12:06.593Z,1,1,false
2019-07-19T11:12:56.736Z,1,2,false
2019-07-19T11:13:47.518Z,1,3,false
2019-07-19T11:14:38.786Z,1,4,false
2019-07-19T11:15:30.084Z,1,5,false
2019-07-19T11:16:20.638Z,1,6,false
2019-07-19T11:17:11.073Z,1,7,false
2019-07-19T11:21:25.304Z,1,8,false
2019-07-19T11:22:17.099Z,1,9,false
2019-07-19T11:23:37.469Z,1,1,false
2019-07-19T11:24:27.648Z,1,2,false
2019-07-19T11:25:18.120Z,1,3,false
2019-07-19T11:26:09.389Z,1,4,false
2019-07-19T11:27:00.719Z,1,5,false
2019-07-19T11:27:51.584Z,1,6,false
2019-07-19T11:28:42.839Z,1,7,false
2019-07-19T11:29:33.904Z,1,8,false
2019-07-19T11:30:24.673Z,1,9,false
2019-07-19T11:31:45.659Z,1,1,false
2019-07-19T11:32:35.822Z,1,2,false
2019-07-19T11:33:26.052Z,1,3,false
2019-07-19T11:34:17.067Z,1,4,false
2019-07-19T11:35:08.615Z,1,5,false
2019-07-19T11:35:58.885Z,1,6,false
2019-07-19T11:36:49.943Z,1,7,false
2019-07-19T11:37:40.818Z,1,8,false
2019-07-19T11:38:31.656Z,1,9,false
2019-07-19T11:39:52.909Z,1,1,false
2019-07-19T11:40:43.440Z,1,2,false
2019-07-19T11:41:33.904Z,1,3,false
2019-07-19T11:42:24.872Z,1,4,false
2019-07-19T11:43:16.707Z,1,5,false
2019-07-19T11:44:07.350Z,1,6,false
2019-07-19T11:44:58.003Z,1,7,false
2019-07-19T11:45:49.057Z,1,8,false
2019-07-19T11:46:39.479Z,1,9,false
2019-07-19T11:48:00.544Z,1,1,false
2019-07-19T11:48:51.124Z,1,2,false
2019-07-19T11:49:41.862Z,1,3,false
2019-07-19T11:50:32.630Z,1,4,false
2019-07-19T11:51:24.671Z,1,5,false
2019-07-19T11:52:15.296Z,1,6,false
2019-07-19T11:53:06.591Z,1,7,false
2019-07-19T11:53:57.711Z,1,8,false
2019-07-19T11:54:49.032Z,1,9,false
2019-07-19T11:56:09.876Z,1,1,false
2019-07-19T11:57:00.727Z,1,2,false
2019-07-19T11:57:51.320Z,1,3,false
2019-07-19T11:58:42.455Z,1,4,false
2019-07-19T11:59:33.987Z,1,5,false
2019-07-19T12:00:24.703Z,1,6,false
2019-07-19T12:01:15.582Z,1,7,false
2019-07-19T12:02:24.072Z,1,8,false
2019-07-19T12:03:14.921Z,1,9,false
2019-07-19T12:04:35.507Z,1,1,false
2019-07-19T12:05:26.155Z,1,2,false
2019-07-19T12:06:16.542Z,1,3,false
2019-07-19T12:07:07.832Z,1,4,false
2019-07-19T12:07:59.171Z,1,5,false
2019-07-19T12:08:49.726Z,1,6,false
2019-07-19T12:09:41.371Z,1,7,false
2019-07-19T12:10:32.279Z,1,8,false
2019-07-19T12:11:23.498Z,1,9,false
2019-07-19T12:12:44.478Z,1,1,false
2019-07-19T12:13:34.953Z,1,2,false
2019-07-19T12:14:25.785Z,1,3,false
2019-07-19T12:15:16.856Z,1,4,false
2019-07-19T12:16:10.439Z,1,5,false
2019-07-19T12:17:04.590Z,1,6,false
2019-07-19T12:17:55.483Z,1,7,false
2019-07-19T12:18:46.678Z,1,8,false
2019-07-19T12:19:37.605Z,1,9,false
2019-07-19T12:20:58.720Z,1,1,false
2019-07-19T12:21:49.237Z,1,2,false
2019-07-19T12:22:39.739Z,1,3,false
2019-07-19T12:23:30.940Z,1,4,false
2019-07-19T12:24:22.937Z,1,5,false
2019-07-19T12:25:13.501Z,1,6,false
2019-07-19T12:26:04.751Z,1,7,false
2019-07-19T12:26:56.135Z,1,8,false
2019-07-19T12:27:46.968Z,1,9,false
2019-07-19T12:29:07.821Z,1,1,false
2019-07-19T12:29:58.241Z,1,2,false
2019-07-19T12:30:49.062Z,1,3,false
2019-07-19T12:31:40.057Z,1,4,false
2019-07-19T12:32:31.260Z,1,5,false
2019-07-19T12:33:22.012Z,1,6,false
2019-07-19T12:34:13.335Z,1,7,false
2019-07-19T12:35:03.921Z,1,8,false
2019-07-19T12:35:55.691Z,1,9,false
2019-07-19T12:37:17.299Z,1,1,false
2019-07-19T12:38:07.652Z,1,2,false
2019-07-19T12:38:57.635Z,1,3,false
2019-07-19T12:39:49.312Z,1,4,false
2019-07-19T12:40:40.747Z,1,5,false
2019-07-19T12:41:31.841Z,1,6,false
2019-07-19T12:42:22.796Z,1,7,false
2019-07-19T12:43:13.500Z,1,8,false
2019-07-19T12:44:04.407Z,1,9,false
2019-07-19T12:45:25.675Z,1,1,false
2019-07-19T12:46:16.039Z,1,2,false
2019-07-19T12:47:06.210Z,1,3,false
2019-07-19T12:47:56.895Z,1,4,false
2019-07-19T12:48:47.938Z,1,5,false
2019-07-19T12:49:38.748Z,1,6,false
2019-07-19T12:50:29.548Z,1,7,false
2019-07-19T12:51:19.840Z,1,8,false
2019-07-19T12:52:10.611Z,1,9,false
2019-07-19T12:53:30.944Z,1,1,false
2019-07-19T12:54:21.612Z,1,2,false
2019-07-19T12:55:12.226Z,1,3,false
2019-07-19T12:56:03.106Z,1,4,false
2019-07-19T12:56:54.430Z,1,5,false
2019-07-19T12:57:45.250Z,1,6,false
2019-07-19T12:58:35.917Z,1,7,false
2019-07-19T12:59:27.159Z,1,8,false
2019-07-19T13:00:18.402Z,1,9,false
2019-07-19T13:01:39.156Z,1,1,false
2019-07-19T13:02:29.823Z,1,2,false
2019-07-19T13:03:20.071Z,1,3,false
2019-07-19T13:04:11.539Z,1,4,false
2019-07-19T13:05:02.424Z,1,5,false
2019-07-19T13:05:53.449Z,1,6,false
2019-07-19T13:06:43.733Z,1,7,false
2019-07-19T13:07:34.486Z,1,8,false
2019-07-19T13:08:25.185Z,1,9,false
2019-07-19T13:09:46.576Z,1,1,false
2019-07-19T13:10:37.231Z,1,2,false
2019-07-19T13:11:27.759Z,1,3,false
2019-07-19T13:12:19.070Z,1,4,false
2019-07-19T13:13:10.821Z,1,5,false
2019-07-19T13:14:01.630Z,1,6,false
2019-07-19T13:14:52.254Z,1,7,false
2019-07-19T13:15:43.058Z,1,8,false
2019-07-19T13:16:34.062Z,1,9,false
2019-07-19T13:17:54.581Z,1,1,false
2019-07-19T13:18:45.387Z,1,2,false
2019-07-19T13:19:36.367Z,1,3,false
2019-07-19T13:20:27.070Z,1,4,false
2019-07-19T13:21:19.758Z,1,5,false
2019-07-19T13:22:10.571Z,1,6,false
2019-07-19T13:23:01.576Z,1,7,false
2019-07-19T13:23:52.114Z,1,8,false
2019-07-19T13:24:42.946Z,1,9,false
2019-07-19T13:26:04.036Z,1,1,false
2019-07-19T13:26:54.887Z,1,2,false
2019-07-19T13:27:45.479Z,1,3,false
2019-07-19T13:28:36.850Z,1,4,false
2019-07-19T13:29:28.205Z,1,5,false
2019-07-19T13:30:19.183Z,1,6,false
2019-07-19T13:31:10.335Z,1,7,false
2019-07-19T13:32:00.570Z,1,8,false
2019-07-19T13:32:51.906Z,1,9,false
2019-07-19T13:34:13.855Z,1,1,false
2019-07-19T13:35:04.670Z,1,2,false
2019-07-19T13:35:55.10Z,1,3,false
2019-07-19T13:36:46.571Z,1,4,false
2019-07-19T13:37:38.273Z,1,5,false
2019-07-19T13:38:29.158Z,1,6,false
2019-07-19T13:39:20.513Z,1,7,false
2019-07-19T13:40:11.132Z,1,8,false
2019-07-19T13:41:01.708Z,1,9,false
2019-07-19T13:42:22.373Z,1,1,false
2019-07-19T13:43:12.175Z,1,2,false
2019-07-19T13:44:02.681Z,1,3,false
2019-07-19T13:44:53.758Z,1,4,false
2019-07-19T13:45:45.473Z,1,5,false
2019-07-19T13:46:36.816Z,1,6,false
2019-07-19T13:47:28.117Z,1,7,false
2019-07-19T13:48:18.517Z,1,8,false
2019-07-19T13:49:09.492Z,1,9,false
2019-07-19T13:50:30.835Z,1,1,false
2019-07-19T13:51:21.182Z,1,2,false
2019-07-19T13:52:11.505Z,1,3,false
2019-07-19T13:53:02.875Z,1,4,false
2019-07-19T13:53:55.152Z,1,5,false
2019-07-19T13:54:46.511Z,1,6,false
2019-07-19T13:55:37.676Z,1,7,false
2019-07-19T13:56:28.180Z,1,8,false
2019-07-19T13:57:18.999Z,1,9,false
2019-07-19T13:58:39.685Z,1,1,false
2019-07-19T13:59:30.491Z,1,2,false
2019-07-19T14:00:20.646Z,1,3,false
2019-07-19T14:01:11.287Z,1,4,false
2019-07-19T14:02:02.575Z,1,5,false
2019-07-19T14:02:53.457Z,1,6,false
2019-07-19T14:03:44.142Z,1,7,false
2019-07-19T14:04:35.200Z,1,8,false
2019-07-19T14:05:26.317Z,1,9,false
2019-07-19T14:06:47.547Z,1,1,false
2019-07-19T14:07:38.062Z,1,2,false
2019-07-19T14:08:28.333Z,1,3,false
2019-07-19T14:09:19.689Z,1,4,false
2019-07-19T14:10:10.839Z,1,5,false
2019-07-19T14:11:01.366Z,1,6,false
2019-07-19T14:11:51.877Z,1,7,false
2019-07-19T14:12:42.580Z,1,8,false
2019-07-19T14:13:33.631Z,1,9,false
2019-07-19T14:14:54.609Z,1,1,false
2019-07-19T14:15:44.895Z,1,2,false
2019-07-19T14:16:36.130Z,1,3,false
2019-07-19T14:17:27.290Z,1,4,false
2019-07-19T14:18:18.972Z,1,5,false
2019-07-19T14:19:09.489Z,1,6,false
2019-07-19T14:20:00.483Z,1,7,false
2019-07-19T14:20:50.519Z,1,8,false
2019-07-19T14:21:41.657Z,1,9,false
2019-07-19T14:23:02.566Z,1,1,false
2019-07-19T14:23:53.293Z,1,2,false
2019-07-19T14:24:44.106Z,1,3,false
2019-07-19T14:25:35.351Z,1,4,false
2019-07-19T14:26:26.918Z,1,5,false
2019-07-19T14:27:17.776Z,1,6,false
2019-07-19T14:28:09.101Z,1,7,false
2019-07-19T14:28:59.459Z,1,8,false
2019-07-19T14:29:50.124Z,1,9,false
2019-07-19T14:31:11.338Z,1,1,false
2019-07-19T14:32:01.761Z,1,2,false
2019-07-19T14:32:52.223Z,1,3,false
2019-07-19T14:33:43.373Z,1,4,false
2019-07-19T14:34:35.110Z,1,5,false
2019-07-19T14:35:25.336Z,1,6,false
2019-07-19T14:36:16.246Z,1,7,false
2019-07-19T14:37:06.862Z,1,8,false
2019-07-19T14:37:57.578Z,1,9,false
2019-07-19T14:39:18.415Z,1,1,false
2019-07-19T14:40:09.387Z,1,2,false
2019-07-19T14:40:59.875Z,1,3,false
2019-07-19T14:41:52.043Z,1,4,false
2019-07-19T14:42:43.751Z,1,5,false
2019-07-19T14:43:34.994Z,1,6,false
2019-07-19T14:44:26.591Z,1,7,false
2019-07-19T14:45:17.276Z,1,8,false
2019-07-19T14:46:08.050Z,1,9,false
2019-07-19T14:47:28.539Z,1,1,false
2019-07-19T14:48:19.468Z,1,2,false
2019-07-19T14:49:10.431Z,1,3,false
2019-07-19T14:50:01.146Z,1,4,false
2019-07-19T14:50:52.672Z,1,5,false
2019-07-19T14:51:43.897Z,1,6,false
2019-07-19T14:52:34.881Z,1,7,false
2019-07-19T14:53:25.830Z,1,8,false
2019-07-19T14:54:17.646Z,1,9,false
2019-07-19T14:55:38.477Z,1,1,false
2019-07-19T14:56:29.470Z,1,2,false
2019-07-19T14:57:20.167Z,1,3,false
2019-07-19T14:58:11.709Z,1,4,false
2019-07-19T14:59:03.164Z,1,5,false
2019-07-19T14:59:54.871Z,1,6,false
2019-07-19T15:00:45.589Z,1,7,false
2019-07-19T15:01:36.436Z,1,8,false
2019-07-19T15:02:27.063Z,1,9,false
2019-07-19T15:03:48.499Z,1,1,false
2019-07-19T15:04:38.977Z,1,2,false
2019-07-19T15:05:29.627Z,1,3,false
2019-07-19T15:06:20.246Z,1,4,false
2019-07-19T15:07:12.547Z,1,5,false
2019-07-19T15:08:03.261Z,1,6,false
2019-07-19T15:08:54.337Z,1,7,false
2019-07-19T15:09:44.898Z,1,8,false
2019-07-19T15:10:36.191Z,1,9,false
2019-07-19T15:11:57.638Z,1,1,false
2019-07-19T15:12:48.562Z,1,2,false
2019-07-19T15:13:38.953Z,1,3,false
2019-07-19T15:14:30.502Z,1,4,false
2019-07-19T15:15:22.267Z,1,5,false
2019-07-19T15:16:13.432Z,1,6,false
2019-07-19T15:17:04.395Z,1,7,false
2019-07-19T15:17:55.416Z,1,8,false
2019-07-19T15:18:46.374Z,1,9,false
2019-07-19T15:20:07.678Z,1,1,false
2019-07-19T15:20:58.041Z,1,2,false
2019-07-19T15:21:49.053Z,1,3,false
2019-07-19T15:22:40.627Z,1,4,false
2019-07-19T15:23:32.255Z,1,5,false
2019-07-19T15:24:23.060Z,1,6,false
2019-07-19T15:25:14.202Z,1,7,false
2019-07-19T15:26:04.607Z,1,8,false
2019-07-19T15:26:55.594Z,1,9,false
2019-07-19T15:28:16.177Z,1,1,false
2019-07-19T15:29:09.215Z,1,2,false
2019-07-19T15:30:02.254Z,1,3,false
2019-07-19T15:30:56.388Z,1,4,false
2019-07-19T15:31:48.171Z,1,5,false
2019-07-19T15:32:40.042Z,1,6,false
2019-07-19T15:33:31.454Z,1,7,false
2019-07-19T15:34:22.781Z,1,8,false
2019-07-19T15:35:13.499Z,1,9,false
2019-07-19T15:36:35.680Z,1,1,false
2019-07-19T15:37:26.947Z,1,2,false
2019-07-19T15:38:17.655Z,1,3,false
2019-07-19T15:39:09.522Z,1,4,false
2019-07-19T15:40:01.612Z,1,5,false
2019-07-19T15:40:52.677Z,1,6,false
2019-07-19T15:41:44.312Z,1,7,false
2019-07-19T15:42:35.458Z,1,8,false
2019-07-19T15:43:26.892Z,1,9,false
2019-07-19T15:44:47.840Z,1,1,false
2019-07-19T15:45:38.498Z,1,2,false
2019-07-19T15:46:28.884Z,1,3,false
2019-07-19T15:47:20.520Z,1,4,false
2019-07-19T15:48:12.156Z,1,5,false
2019-07-19T15:49:04.696Z,1,6,false
2019-07-19T15:49:55.789Z,1,7,false
2019-07-19T15:50:46.651Z,1,8,false
2019-07-19T15:51:37.608Z,1,9,false
2019-07-19T15:52:58.565Z,1,1,false
2019-07-19T15:53:49.313Z,1,2,false
2019-07-19T15:54:40.133Z,1,3,false
2019-07-19T15:55:31.517Z,1,4,false
2019-07-19T15:56:22.920Z,1,5,false
2019-07-19T15:57:13.855Z,1,6,false
2019-07-19T15:58:04.709Z,1,7,false
2019-07-19T15:58:55.129Z,1,8,false
2019-07-19T15:59:46.335Z,1,9,false
2019-07-19T16:01:06.671Z,1,1,false
2019-07-19T16:01:58.590Z,1,2,false
2019-07-19T16:02:48.774Z,1,3,false
2019-07-19T16:03:40.208Z,1,4,false
2019-07-19T16:04:31.686Z,1,5,false
2019-07-19T16:05:22.493Z,1,6,false
2019-07-19T16:06:12.741Z,1,7,false
2019-07-19T16:07:03.707Z,1,8,false
2019-07-19T16:07:54.807Z,1,9,false
2019-07-19T16:09:15.723Z,1,1,false
2019-07-19T16:10:05.428Z,1,2,false
2019-07-19T16:10:55.589Z,1,3,false
2019-07-19T16:11:47.373Z,1,4,false
2019-07-19T16:12:39.343Z,1,5,false
2019-07-19T16:13:30.679Z,1,6,false
2019-07-19T16:14:21.664Z,1,7,false
2019-07-19T16:15:12.469Z,1,8,false
2019-07-19T16:16:03.365Z,1,9,false
2019-07-19T16:17:24.185Z,1,1,false
2019-07-19T16:18:14.737Z,1,2,false
2019-07-19T16:19:04.804Z,1,3,false
2019-07-19T16:19:55.760Z,1,4,false
2019-07-19T16:20:47.411Z,1,5,false
2019-07-19T16:21:38.976Z,1,6,false
2019-07-19T16:22:29.966Z,1,7,false
2019-07-19T16:23:20.651Z,1,8,false
2019-07-19T16:24:11.399Z,1,9,false
2019-07-19T16:25:31.985Z,1,1,false
2019-07-19T16:26:22.684Z,1,2,false
2019-07-19T16:27:13.337Z,1,3,false
2019-07-19T16:28:03.615Z,1,4,false
2019-07-19T16:28:54.732Z,1,5,false
2019-07-19T16:29:46.221Z,1,6,false
2019-07-19T16:30:37.207Z,1,7,false
2019-07-19T16:31:27.934Z,1,8,false
2019-07-19T16:32:19.226Z,1,9,false
2019-07-19T16:33:40.737Z,1,1,false
2019-07-19T16:34:31.056Z,1,2,false
2019-07-19T16:35:21.779Z,1,3,false
2019-07-19T16:36:12.428Z,1,4,false
2019-07-19T16:37:03.598Z,1,5,false
2019-07-19T16:37:54.792Z,1,6,false
2019-07-19T16:38:45.784Z,1,7,false
2019-07-19T16:39:36.804Z,1,8,false
2019-07-19T16:40:27.623Z,1,9,false
2019-07-19T16:41:48.574Z,1,1,false
2019-07-19T16:42:39.052Z,1,2,false
2019-07-19T16:43:29.703Z,1,3,false
2019-07-19T16:44:22.012Z,1,4,false
2019-07-19T16:45:13.606Z,1,5,false
2019-07-19T16:46:05.755Z,1,6,false
2019-07-19T16:46:56.743Z,1,7,false
2019-07-19T16:48:09.324Z,1,8,false
2019-07-19T16:49:00.510Z,1,9,false
2019-07-19T16:50:20.901Z,1,1,false
2019-07-19T16:51:11.766Z,1,2,false
2019-07-19T16:52:02.096Z,1,3,false
2019-07-19T16:52:53.269Z,1,4,false
2019-07-19T16:53:44.353Z,1,5,false
2019-07-19T16:54:35.727Z,1,6,false
2019-07-19T16:55:26.904Z,1,7,false
2019-07-19T16:56:17.943Z,1,8,false
2019-07-19T16:57:08.834Z,1,9,false
2019-07-19T16:58:29.643Z,1,1,false
2019-07-19T16:59:20.044Z,1,2,false
2019-07-19T17:00:10.826Z,1,3,false
2019-07-19T17:01:02.102Z,1,4,false
2019-07-19T17:01:53.681Z,1,5,false
2019-07-19T17:02:44.230Z,1,6,false
2019-07-19T17:03:35.538Z,1,7,false
2019-07-19T17:04:25.432Z,1,8,false
2019-07-19T17:05:16.162Z,1,9,false
2019-07-19T17:06:36.960Z,1,1,false
2019-07-19T17:07:27.947Z,1,2,false
2019-07-19T17:08:19.462Z,1,3,false
2019-07-19T17:09:10.710Z,1,4,false
2019-07-19T17:10:01.498Z,1,5,false
2019-07-19T17:10:52.486Z,1,6,false
2019-07-19T17:11:43.488Z,1,7,false
2019-07-19T17:12:34.361Z,1,8,false
2019-07-19T17:13:25.538Z,1,9,false
2019-07-19T17:14:46.752Z,1,1,false
2019-07-19T17:15:37.377Z,1,2,false
2019-07-19T17:16:28.289Z,1,3,false
2019-07-19T17:17:19.471Z,1,4,false
2019-07-19T17:18:10.859Z,1,5,false
2019-07-19T17:19:01.311Z,1,6,false
2019-07-19T17:19:52.536Z,1,7,false
2019-07-19T17:20:43.090Z,1,8,false
2019-07-19T17:21:34.108Z,1,9,false
2019-07-19T17:22:55.396Z,1,1,false
2019-07-19T17:23:46.297Z,1,2,false
2019-07-19T17:24:36.409Z,1,3,false
2019-07-19T17:25:27.516Z,1,4,false
2019-07-19T17:26:19.328Z,1,5,false
2019-07-19T17:27:09.802Z,1,6,false
2019-07-19T17:28:01.109Z,1,7,false
2019-07-19T17:28:52.421Z,1,8,false
2019-07-19T17:29:43.445Z,1,9,false
2019-07-19T17:31:04.451Z,1,1,false
2019-07-19T17:31:55.047Z,1,2,false
2019-07-19T17:32:45.685Z,1,3,false
2019-07-19T17:33:37.030Z,1,4,false
2019-07-19T17:34:28.199Z,1,5,false
2019-07-19T17:35:18.861Z,1,6,false
2019-07-19T17:36:10.169Z,1,7,false
2019-07-19T17:37:00.610Z,1,8,false
2019-07-19T17:37:51.272Z,1,9,false
2019-07-19T17:39:12.177Z,1,1,false
2019-07-19T17:40:02.880Z,1,2,false
2019-07-19T17:40:53.208Z,1,3,false
2019-07-19T17:41:44.484Z,1,4,false
2019-07-19T17:42:36.808Z,1,5,false
2019-07-19T17:43:27.828Z,1,6,false
2019-07-19T17:44:19.031Z,1,7,false
2019-07-19T17:45:09.534Z,1,8,false
2019-07-19T17:46:00.795Z,1,9,false
2019-07-19T17:47:22.275Z,1,1,false
2019-07-19T17:48:12.297Z,1,2,false
2019-07-19T17:49:02.597Z,1,3,false
2019-07-19T17:49:53.674Z,1,4,false
2019-07-19T17:50:46.183Z,1,5,false
2019-07-19T17:51:37.481Z,1,6,false
2019-07-19T17:52:28.756Z,1,7,false
2019-07-19T17:53:19.221Z,1,8,false
2019-07-19T17:54:09.613Z,1,9,false
2019-07-19T17:55:30.350Z,1,1,false
2019-07-19T17:56:20.293Z,1,2,false
2019-07-19T17:57:11.161Z,1,3,false
2019-07-19T17:58:02.370Z,1,4,false
2019-07-19T17:58:54.102Z,1,5,false
2019-07-19T17:59:44.767Z,1,6,false
2019-07-19T18:00:36.208Z,1,7,false
2019-07-19T18:01:26.678Z,1,8,false
2019-07-19T18:02:17.707Z,1,9,false
2019-07-19T18:03:38.129Z,1,1,false
2019-07-19T18:04:28.423Z,1,2,false
2019-07-19T18:05:19.090Z,1,3,false
2019-07-19T18:06:10.315Z,1,4,false
2019-07-19T18:07:03.722Z,1,5,false
2019-07-19T18:07:54.944Z,1,6,false
2019-07-19T18:08:45.837Z,1,7,false
2019-07-19T18:09:36.895Z,1,8,false
2019-07-19T18:10:27.938Z,1,9,false
2019-07-19T18:11:49.307Z,1,1,false
2019-07-19T18:12:39.674Z,1,2,false
2019-07-19T18:13:29.992Z,1,3,false
2019-07-19T18:14:21.065Z,1,4,false
2019-07-19T18:15:12.798Z,1,5,false
2019-07-19T18:16:03.465Z,1,6,false
2019-07-19T18:16:54.326Z,1,7,false
2019-07-19T18:17:44.658Z,1,8,false
2019-07-19T18:18:35.710Z,1,9,false
2019-07-19T18:19:57.131Z,1,1,false
2019-07-19T18:20:47.751Z,1,2,false
2019-07-19T18:21:38.236Z,1,3,false
2019-07-19T18:22:29.298Z,1,4,false
2019-07-19T18:23:21.341Z,1,5,false
2019-07-19T18:24:12.321Z,1,6,false
2019-07-19T18:25:03.542Z,1,7,false
2019-07-19T18:25:53.975Z,1,8,false
2019-07-19T18:26:45.200Z,1,9,false
2019-07-19T18:28:06.127Z,1,1,false
2019-07-19T18:28:56.939Z,1,2,false
2019-07-19T18:29:47.786Z,1,3,false
2019-07-19T18:30:38.989Z,1,4,false
2019-07-19T18:31:30.695Z,1,5,false
2019-07-19T18:32:22.133Z,1,6,false
2019-07-19T18:33:13.736Z,1,7,false
2019-07-19T18:34:04.484Z,1,8,false
2019-07-19T18:34:54.821Z,1,9,false
2019-07-19T18:36:16.265Z,1,1,false
2019-07-19T18:37:06.740Z,1,2,false
2019-07-19T18:37:57.457Z,1,3,false
2019-07-19T18:38:48.246Z,1,4,false
2019-07-19T18:39:39.938Z,1,5,false
2019-07-19T18:40:31.097Z,1,6,false
2019-07-19T18:41:22.417Z,1,7,false
2019-07-19T18:42:12.541Z,1,8,false
2019-07-19T18:43:03.583Z,1,9,false
2019-07-19T18:44:24.665Z,1,1,false
2019-07-19T18:45:15.726Z,1,2,false
2019-07-19T18:46:07.004Z,1,3,false
2019-07-19T18:46:58.129Z,1,4,false
2019-07-19T18:47:49.515Z,1,5,false
2019-07-19T18:48:40.298Z,1,6,false
2019-07-19T18:49:31.279Z,1,7,false
2019-07-19T18:50:22.101Z,1,8,false
2019-07-19T18:51:12.958Z,1,9,false
2019-07-19T18:52:34.110Z,1,1,false
2019-07-19T18:53:24.156Z,1,2,false
2019-07-19T18:54:15.262Z,1,3,false
2019-07-19T18:55:06.379Z,1,4,false
2019-07-19T18:55:58.370Z,1,5,false
2019-07-19T18:56:49.520Z,1,6,false
2019-07-19T18:57:40.910Z,1,7,false
2019-07-19T18:58:31.525Z,1,8,false
2019-07-19T18:59:22.878Z,1,9,false
2019-07-19T19:00:43.954Z,1,1,false
2019-07-19T19:01:34.352Z,1,2,false
2019-07-19T19:02:25.005Z,1,3,false
2019-07-19T19:03:16.154Z,1,4,false
2019-07-19T19:04:08.069Z,1,5,false
2019-07-19T19:04:58.663Z,1,6,false
2019-07-19T19:05:49.235Z,1,7,false
2019-07-19T19:06:39.809Z,1,8,false
2019-07-19T19:07:30.384Z,1,9,false
2019-07-19T19:08:51.714Z,1,1,false
2019-07-19T19:09:42.754Z,1,2,false
2019-07-19T19:10:33.599Z,1,3,false
2019-07-19T19:11:24.789Z,1,4,false
2019-07-19T19:12:16.514Z,1,5,false
2019-07-19T19:13:07.287Z,1,6,false
2019-07-19T19:13:58.268Z,1,7,false
2019-07-19T19:14:49.190Z,1,8,false
2019-07-19T19:15:39.990Z,1,9,false
2019-07-19T19:17:01.518Z,1,1,false
2019-07-19T19:17:52.123Z,1,2,false
2019-07-19T19:18:42.221Z,1,3,false
2019-07-19T19:19:33.995Z,1,4,false
2019-07-19T19:20:25.645Z,1,5,false
2019-07-19T19:21:16.766Z,1,6,false
2019-07-19T19:22:07.739Z,1,7,false
2019-07-19T19:22:58.368Z,1,8,false
2019-07-19T19:23:50.145Z,1,9,false
2019-07-19T19:25:12.891Z,1,1,false
2019-07-19T19:26:05.834Z,1,2,false
2019-07-19T19:27:00.453Z,1,3,false
2019-07-19T19:27:51.533Z,1,4,false
2019-07-19T19:28:43.963Z,1,5,false
2019-07-19T19:29:35.509Z,1,6,false
2019-07-19T19:30:27.076Z,1,7,false
2019-07-19T19:31:18.878Z,1,8,false
2019-07-19T19:32:09.972Z,1,9,false
2019-07-19T19:33:31.397Z,1,1,false
2019-07-19T19:34:22.264Z,1,2,false
2019-07-19T19:35:13.170Z,1,3,false
2019-07-19T19:36:04.369Z,1,4,false
2019-07-19T19:36:55.802Z,1,5,false
2019-07-19T19:37:47.914Z,1,6,false
2019-07-19T19:38:38.918Z,1,7,false
2019-07-19T19:39:29.811Z,1,8,false
2019-07-19T19:40:20.994Z,1,9,false
2019-07-19T19:41:41.931Z,1,1,false
2019-07-19T19:42:32.845Z,1,2,false
2019-07-19T19:43:23.621Z,1,3,false
2019-07-19T19:44:14.997Z,1,4,false
2019-07-19T19:45:06.572Z,1,5,false
2019-07-19T19:45:58.144Z,1,6,false
2019-07-19T19:46:50.484Z,1,7,false
2019-07-19T19:47:42.138Z,1,8,false
2019-07-19T19:48:33.404Z,1,9,false
2019-07-19T19:49:54.968Z,1,1,false
2019-07-19T19:50:45.529Z,1,2,false
2019-07-19T19:51:36.584Z,1,3,false
2019-07-19T19:52:27.818Z,1,4,false
2019-07-19T19:53:19.438Z,1,5,false
2019-07-19T19:54:10.370Z,1,6,false
2019-07-19T19:55:01.408Z,1,7,false
2019-07-19T19:55:52.372Z,1,8,false
2019-07-19T19:56:43.474Z,1,9,false
2019-07-19T19:58:04.356Z,1,1,false
2019-07-19T19:58:54.956Z,1,2,false
2019-07-19T19:59:45.500Z,1,3,false
2019-07-19T20:00:36.939Z,1,4,false
2019-07-19T20:01:28.370Z,1,5,false
2019-07-19T20:02:19.459Z,1,6,false
2019-07-19T20:03:10.664Z,1,7,false
2019-07-19T20:04:01.355Z,1,8,false
2019-07-19T20:04:52.612Z,1,9,false
2019-07-19T20:06:14.400Z,1,1,false
2019-07-19T20:07:05.346Z,1,2,false
2019-07-19T20:07:55.983Z,1,3,false
2019-07-19T20:08:47.656Z,1,4,false
2019-07-19T20:09:39.168Z,1,5,false
2019-07-19T20:10:30.711Z,1,6,false
2019-07-19T20:11:21.518Z,1,7,false
2019-07-19T20:12:12.120Z,1,8,false
2019-07-19T20:13:02.808Z,1,9,false
2019-07-19T20:14:23.525Z,1,1,false
2019-07-19T20:15:14.300Z,1,2,false
2019-07-19T20:16:04.790Z,1,3,false
2019-07-19T20:16:56.024Z,1,4,false
2019-07-19T20:17:47.797Z,1,5,false
2019-07-19T20:18:38.927Z,1,6,false
2019-07-19T20:19:30.341Z,1,7,false
2019-07-19T20:20:21.149Z,1,8,false
2019-07-19T20:21:11.958Z,1,9,false
2019-07-19T20:22:32.821Z,1,1,false
2019-07-19T20:23:23.465Z,1,2,false
2019-07-19T20:24:14.177Z,1,3,false
2019-07-19T20:25:05.317Z,1,4,false
2019-07-19T20:25:56.578Z,1,5,false
2019-07-19T20:26:48.269Z,1,6,false
2019-07-19T20:27:39.505Z,1,7,false
2019-07-19T20:28:30.348Z,1,8,false
2019-07-19T20:29:20.642Z,1,9,false
2019-07-19T20:30:41.952Z,1,1,false
2019-07-19T20:31:31.940Z,1,2,false
2019-07-19T20:32:22.357Z,1,3,false
2019-07-19T20:33:13.525Z,1,4,false
2019-07-19T20:34:05.483Z,1,5,false
2019-07-19T20:34:56.294Z,1,6,false
2019-07-19T20:35:47.869Z,1,7,false
2019-07-19T20:36:38.783Z,1,8,false
2019-07-19T20:37:29.473Z,1,9,false
2019-07-19T20:38:50.253Z,1,1,false
2019-07-19T20:39:40.581Z,1,2,false
2019-07-19T20:40:31.437Z,1,3,false
2019-07-19T20:41:23.226Z,1,4,false
2019-07-19T20:42:14.814Z,1,5,false
2019-07-19T20:43:07.440Z,1,6,false
2019-07-19T20:43:58.604Z,1,7,false
2019-07-19T20:44:49.436Z,1,8,false
2019-07-19T20:45:40.659Z,1,9,false
2019-07-19T20:47:01.747Z,1,1,false
2019-07-19T20:47:52.611Z,1,2,false
2019-07-19T20:48:43.304Z,1,3,false
2019-07-19T20:49:34.384Z,1,4,false
2019-07-19T20:50:25.823Z,1,5,false
2019-07-19T20:51:16.970Z,1,6,false
2019-07-19T20:52:08.199Z,1,7,false
2019-07-19T20:52:58.488Z,1,8,false
2019-07-19T20:53:49.243Z,1,9,false
2019-07-19T20:55:10.446Z,1,1,false
2019-07-19T20:56:01.316Z,1,2,false
2019-07-19T20:56:51.543Z,1,3,false
2019-07-19T20:57:42.945Z,1,4,false
2019-07-19T20:58:34.651Z,1,5,false
2019-07-19T20:59:25.332Z,1,6,false
2019-07-19T21:00:17.019Z,1,7,false
2019-07-19T21:01:07.683Z,1,8,false
2019-07-19T21:01:58.831Z,1,9,false
2019-07-19T21:03:19.783Z,1,1,false
2019-07-19T21:04:10.384Z,1,2,false
2019-07-19T21:05:00.256Z,1,3,false
2019-07-19T21:05:51.629Z,1,4,false
2019-07-19T21:06:43.284Z,1,5,false
2019-07-19T21:07:34.358Z,1,6,false
2019-07-19T21:08:25.398Z,1,7,false
2019-07-19T21:09:16.553Z,1,8,false
2019-07-19T21:10:07.057Z,1,9,false
2019-07-19T21:11:28.439Z,1,1,false
2019-07-19T21:12:19.448Z,1,2,false
2019-07-19T21:13:10.073Z,1,3,false
2019-07-19T21:14:01.303Z,1,4,false
2019-07-19T21:14:52.871Z,1,5,false
2019-07-19T21:15:43.956Z,1,6,false
2019-07-19T21:16:35.591Z,1,7,false
2019-07-19T21:17:26.328Z,1,8,false
2019-07-19T21:18:17.457Z,1,9,false
2019-07-19T21:19:38.668Z,1,1,false
2019-07-19T21:20:29.285Z,1,2,false
2019-07-19T21:21:19.874Z,1,3,false
2019-07-19T21:22:11.772Z,1,4,false
2019-07-19T21:23:02.982Z,1,5,false
2019-07-19T21:23:54.395Z,1,6,false
2019-07-19T21:24:45.788Z,1,7,false
2019-07-19T21:25:36.388Z,1,8,false
2019-07-19T21:26:27.483Z,1,9,false
2019-07-19T21:27:48.615Z,1,1,false
2019-07-19T21:28:39.242Z,1,2,false
2019-07-19T21:29:30.152Z,1,3,false
2019-07-19T21:30:20.651Z,1,4,false
2019-07-19T21:31:12.012Z,1,5,false
2019-07-19T21:32:03.117Z,1,6,false
2019-07-19T21:32:54.246Z,1,7,false
2019-07-19T21:33:45.121Z,1,8,false
2019-07-19T21:34:35.849Z,1,9,false
2019-07-19T21:35:57.080Z,1,1,false
2019-07-19T21:36:48.085Z,1,2,false
2019-07-19T21:37:39.065Z,1,3,false
2019-07-19T21:38:30.024Z,1,4,false
2019-07-19T21:39:21.735Z,1,5,false
2019-07-19T21:40:12.484Z,1,6,false
2019-07-19T21:41:03.666Z,1,7,false
2019-07-19T21:41:54.509Z,1,8,false
2019-07-19T21:42:45.544Z,1,9,false
2019-07-19T21:44:06.755Z,1,1,false
2019-07-19T21:44:57.447Z,1,2,false
2019-07-19T21:45:48.239Z,1,3,false
2019-07-19T21:46:39.609Z,1,4,false
2019-07-19T21:47:31.338Z,1,5,false
2019-07-19T21:48:22.734Z,1,6,false
2019-07-19T21:49:14.963Z,1,7,false
2019-07-19T21:50:05.661Z,1,8,false
2019-07-19T21:50:55.953Z,1,9,false
2019-07-19T21:52:17.372Z,1,1,false
2019-07-19T21:53:08.203Z,1,2,false
2019-07-19T21:53:58.756Z,1,3,false
2019-07-19T21:54:50.118Z,1,4,false
2019-07-19T21:55:41.695Z,1,5,false
2019-07-19T21:56:32.914Z,1,6,false
2019-07-19T21:57:24.277Z,1,7,false
2019-07-19T21:58:15.293Z,1,8,false
2019-07-19T21:59:06.001Z,1,9,false
2019-07-19T22:00:26.816Z,1,1,false
2019-07-19T22:01:17.748Z,1,2,false
2019-07-19T22:02:08.200Z,1,3,false
2019-07-19T22:02:59.604Z,1,4,false
2019-07-19T22:03:50.317Z,1,5,false
2019-07-19T22:04:41.720Z,1,6,false
2019-07-19T22:05:33.051Z,1,7,false
2019-07-19T22:06:23.495Z,1,8,false
2019-07-19T22:07:15.013Z,1,9,false
2019-07-19T22:08:36.016Z,1,1,false
2019-07-19T22:09:26.353Z,1,2,false
2019-07-19T22:10:16.968Z,1,3,false
2019-07-19T22:11:08.203Z,1,4,false
2019-07-19T22:11:59.088Z,1,5,false
2019-07-19T22:12:49.675Z,1,6,false
2019-07-19T22:13:41.008Z,1,7,false
2019-07-19T22:14:31.792Z,1,8,false
2019-07-19T22:15:23.852Z,1,9,false
2019-07-19T22:16:45.133Z,1,1,false
2019-07-19T22:17:35.648Z,1,2,false
2019-07-19T22:18:26.378Z,1,3,false
2019-07-19T22:19:17.651Z,1,4,false
2019-07-19T22:20:09.361Z,1,5,false
2019-07-19T22:21:00.473Z,1,6,false
2019-07-19T22:21:51.816Z,1,7,false
2019-07-19T22:22:42.846Z,1,8,false
2019-07-19T22:23:34.029Z,1,9,false
2019-07-19T22:24:55.415Z,1,1,false
2019-07-19T22:25:45.926Z,1,2,false
2019-07-19T22:26:36.710Z,1,3,false
2019-07-19T22:27:27.840Z,1,4,false
2019-07-19T22:28:19.315Z,1,5,false
2019-07-19T22:29:10.468Z,1,6,false
2019-07-19T22:30:01.513Z,1,7,false
2019-07-19T22:30:52.000Z,1,8,false
2019-07-19T22:31:43.318Z,1,9,false
2019-07-19T22:33:04.835Z,1,1,false
2019-07-19T22:33:55.353Z,1,2,false
2019-07-19T22:34:46.054Z,1,3,false
2019-07-19T22:35:37.683Z,1,4,false
2019-07-19T22:36:29.589Z,1,5,false
2019-07-19T22:37:21.452Z,1,6,false
2019-07-19T22:38:12.754Z,1,7,false
2019-07-19T22:39:02.953Z,1,8,false
2019-07-19T22:39:54.066Z,1,9,false
2019-07-19T22:41:14.674Z,1,1,false
2019-07-19T22:42:05.492Z,1,2,false
2019-07-19T22:42:55.879Z,1,3,false
2019-07-19T22:43:47.441Z,1,4,false
2019-07-19T22:44:39.358Z,1,5,false
2019-07-19T22:45:30.627Z,1,6,false
2019-07-19T22:46:21.700Z,1,7,false
2019-07-19T22:47:13.558Z,1,8,false
2019-07-19T22:48:04.791Z,1,9,false
2019-07-19T22:49:26.139Z,1,1,false
2019-07-19T22:50:16.801Z,1,2,false
2019-07-19T22:51:07.575Z,1,3,false
2019-07-19T22:51:58.793Z,1,4,false
2019-07-19T22:52:49.733Z,1,5,false
2019-07-19T22:53:40.614Z,1,6,false
2019-07-19T22:54:31.919Z,1,7,false
2019-07-19T22:55:22.413Z,1,8,false
2019-07-19T22:56:12.806Z,1,9,false
2019-07-19T22:57:33.597Z,1,1,false
2019-07-19T22:58:24.373Z,1,2,false
2019-07-19T22:59:15.492Z,1,3,false
2019-07-19T23:00:07.121Z,1,4,false
2019-07-19T23:00:58.409Z,1,5,false
2019-07-19T23:01:49.793Z,1,6,false
2019-07-19T23:02:41.098Z,1,7,false
2019-07-19T23:03:32.139Z,1,8,false
2019-07-19T23:04:23.561Z,1,9,false
2019-07-19T23:05:44.418Z,1,1,false
2019-07-19T23:06:35.743Z,1,2,false
2019-07-19T23:07:25.946Z,1,3,false
2019-07-19T23:08:17.551Z,1,4,false
2019-07-19T23:09:08.686Z,1,5,false
2019-07-19T23:09:59.498Z,1,6,false
2019-07-19T23:10:50.348Z,1,7,false
2019-07-19T23:11:41.234Z,1,8,false
2019-07-19T23:12:32.10Z,1,9,false
2019-07-19T23:13:53.230Z,1,1,false
2019-07-19T23:14:43.895Z,1,2,false
2019-07-19T23:15:34.971Z,1,3,false
2019-07-19T23:16:26.228Z,1,4,false
2019-07-19T23:17:17.935Z,1,5,false
2019-07-19T23:18:08.862Z,1,6,false
2019-07-19T23:19:00.193Z,1,7,false
2019-07-19T23:19:51.115Z,1,8,false
2019-07-19T23:20:42.069Z,1,9,false
2019-07-19T23:22:03.096Z,1,1,false
2019-07-19T23:22:53.593Z,1,2,false
2019-07-19T23:23:44.368Z,1,3,false
2019-07-19T23:24:35.879Z,1,4,false
2019-07-19T23:25:27.436Z,1,5,false
2019-07-19T23:26:18.493Z,1,6,false
2019-07-19T23:27:09.258Z,1,7,false
2019-07-19T23:28:03.545Z,1,8,false
2019-07-19T23:28:57.829Z,1,9,false
2019-07-19T23:30:21.100Z,1,1,false
2019-07-19T23:31:11.625Z,1,2,false
2019-07-19T23:32:02.326Z,1,3,false
2019-07-19T23:32:53.838Z,1,4,false
2019-07-19T23:33:45.268Z,1,5,false
2019-07-19T23:34:35.917Z,1,6,false
2019-07-19T23:35:27.748Z,1,7,false
2019-07-19T23:36:18.640Z,1,8,false
2019-07-19T23:37:10.110Z,1,9,false
2019-07-19T23:38:31.094Z,1,1,false
2019-07-19T23:39:21.804Z,1,2,false
2019-07-19T23:40:12.261Z,1,3,false
2019-07-19T23:41:03.582Z,1,4,false
2019-07-19T23:41:54.742Z,1,5,false
2019-07-19T23:42:45.750Z,1,6,false
2019-07-19T23:43:36.464Z,1,7,false
2019-07-19T23:44:27.385Z,1,8,false
2019-07-19T23:45:18.313Z,1,9,false
2019-07-19T23:46:39.154Z,1,1,false
2019-07-19T23:47:30.087Z,1,2,false
2019-07-19T23:48:20.321Z,1,3,false
2019-07-19T23:49:11.233Z,1,4,false
2019-07-19T23:50:02.578Z,1,5,false
2019-07-19T23:50:53.590Z,1,6,false
2019-07-19T23:51:44.973Z,1,7,false
2019-07-19T23:52:35.930Z,1,8,false
2019-07-19T23:53:27.045Z,1,9,false
2019-07-19T23:54:48.149Z,1,1,false
2019-07-19T23:55:38.628Z,1,2,false
2019-07-19T23:56:29.426Z,1,3,false
2019-07-19T23:57:20.834Z,1,4,false
2019-07-19T23:58:12.318Z,1,5,false
2019-07-19T23:59:03.192Z,1,6,false
2019-07-19T23:59:50.608Z,1,7,false
2019-07-20T00:00:38.240Z,1,8,false
2019-07-20T00:01:19.186Z,1,9,false
2019-07-20T00:02:41.366Z,1,1,false
2019-07-20T00:03:32.957Z,1,2,false
2019-07-20T00:04:22.964Z,1,3,false
2019-07-20T00:05:15.681Z,1,4,false
2019-07-20T00:06:08.114Z,1,5,false
2019-07-20T00:07:00.282Z,1,6,false
2019-07-20T00:07:52.589Z,1,7,false
2019-07-20T00:08:27.421Z,1,8,false
2019-07-20T00:09:12.109Z,1,9,false
2019-07-20T00:10:34.598Z,1,1,false
2019-07-20T00:11:22.291Z,1,2,false
2019-07-20T00:12:11.405Z,1,3,false
2019-07-20T00:13:03.916Z,1,4,false
2019-07-20T00:13:56.813Z,1,5,false
2019-07-20T00:14:49.154Z,1,6,false
2019-07-20T00:15:41.218Z,1,7,false
2019-07-20T00:16:15.313Z,1,8,false
2019-07-20T00:16:51.158Z,1,9,false
2019-07-20T00:18:14.146Z,1,1,false
2019-07-20T00:19:05.904Z,1,2,false
2019-07-20T00:19:50.413Z,1,3,false
2019-07-20T00:20:43.100Z,1,4,false
2019-07-20T00:21:35.697Z,1,5,false
2019-07-20T00:22:28.371Z,1,6,false
2019-07-20T00:23:20.360Z,1,7,false
2019-07-20T00:24:11.944Z,1,8,false
2019-07-20T00:24:43.460Z,1,9,false
2019-07-20T00:26:02.580Z,1,1,false
2019-07-20T00:27:10.000Z,1,2,false
2019-07-20T00:28:01.583Z,1,3,false
2019-07-20T00:28:53.706Z,1,4,false
2019-07-20T00:29:46.532Z,1,5,false
2019-07-20T00:30:38.952Z,1,6,false
2019-07-20T00:31:32.114Z,1,7,false
2019-07-20T00:32:22.473Z,1,8,false
2019-07-20T00:32:53.492Z,1,9,false
2019-07-20T00:34:13.729Z,1,1,false
2019-07-20T00:35:12.385Z,1,2,false
2019-07-20T00:35:44.564Z,1,3,false
2019-07-20T00:36:32.563Z,1,4,false
2019-07-20T00:37:24.925Z,1,5,false
2019-07-20T00:38:17.517Z,1,6,false
2019-07-20T00:39:09.524Z,1,7,false
2019-07-20T00:40:01.240Z,1,8,false
2019-07-20T00:40:35.877Z,1,9,false
2019-07-20T00:41:49.651Z,1,1,false
2019-07-20T00:42:34.181Z,1,2,false
2019-07-20T00:43:02.629Z,1,3,false
2019-07-20T00:43:45.142Z,1,4,false
2019-07-20T00:44:38.429Z,1,5,false
2019-07-20T00:45:30.949Z,1,6,false
2019-07-20T00:46:23.868Z,1,7,false
2019-07-20T00:47:15.449Z,1,8,false
2019-07-20T00:48:08.022Z,1,9,false
2019-07-20T00:49:12.805Z,1,1,false
2019-07-20T00:50:05.769Z,1,2,false
2019-07-20T00:50:57.756Z,1,3,false
2019-07-20T00:51:50.780Z,1,4,false
2019-07-20T00:52:43.692Z,1,5,false
2019-07-20T00:53:36.108Z,1,6,false
2019-07-20T00:54:28.697Z,1,7,false
2019-07-20T00:55:21.140Z,1,8,false
2019-07-20T00:56:13.837Z,1,9,false
2019-07-20T00:57:30.899Z,1,1,false
2019-07-20T00:58:16.769Z,1,2,false
2019-07-20T00:59:08.470Z,1,3,false
2019-07-20T01:00:00.802Z,1,4,false
2019-07-20T01:00:53.318Z,1,5,false
2019-07-20T01:01:45.503Z,1,6,false
2019-07-20T01:02:38.139Z,1,7,false
2019-07-20T01:03:30.283Z,1,8,false
2019-07-20T01:04:22.431Z,1,9,false
2019-07-20T01:05:40.039Z,1,1,false
2019-07-20T01:06:28.024Z,1,2,false
2019-07-20T01:07:19.499Z,1,3,false
2019-07-20T01:08:11.947Z,1,4,false
2019-07-20T01:09:04.295Z,1,5,false
2019-07-20T01:09:56.815Z,1,6,false
2019-07-20T01:10:49.786Z,1,7,false
2019-07-20T01:11:41.394Z,1,8,false
2019-07-20T01:12:34.171Z,1,9,false
2019-07-20T01:13:53.949Z,1,1,false
2019-07-20T01:14:41.179Z,1,2,false
2019-07-20T01:15:32.622Z,1,3,false
2019-07-20T01:16:25.435Z,1,4,false
2019-07-20T01:17:17.294Z,1,5,false
2019-07-20T01:18:09.974Z,1,6,false
2019-07-20T01:19:02.299Z,1,7,false
2019-07-20T01:19:53.853Z,1,8,false
2019-07-20T01:20:46.332Z,1,9,false
2019-07-20T01:22:13.099Z,1,1,false
2019-07-20T01:22:49.021Z,1,2,false
2019-07-20T01:23:40.538Z,1,3,false
2019-07-20T01:24:33.223Z,1,4,false
2019-07-20T01:25:25.844Z,1,5,false
2019-07-20T01:26:18.623Z,1,6,false
2019-07-20T01:27:10.996Z,1,7,false
2019-07-20T01:28:02.985Z,1,8,false
2019-07-20T01:28:54.714Z,1,9,false
2019-07-20T01:30:16.012Z,1,1,false
2019-07-20T01:30:59.676Z,1,2,false
2019-07-20T01:31:51.515Z,1,3,false
2019-07-20T01:32:44.165Z,1,4,false
2019-07-20T01:33:36.502Z,1,5,false
2019-07-20T01:34:28.653Z,1,6,false
2019-07-20T01:35:21.115Z,1,7,false
2019-07-20T01:36:12.935Z,1,8,false
2019-07-20T01:37:05.338Z,1,9,false
2019-07-20T01:38:26.883Z,1,1,false
2019-07-20T01:39:14.022Z,1,2,false
2019-07-20T01:40:05.579Z,1,3,false
2019-07-20T01:40:58.285Z,1,4,false
2019-07-20T01:41:51.232Z,1,5,false
2019-07-20T01:42:43.328Z,1,6,false
2019-07-20T01:43:36.334Z,1,7,false
2019-07-20T01:44:28.225Z,1,8,false
2019-07-20T01:45:21.130Z,1,9,false
2019-07-20T01:46:40.964Z,1,1,false
2019-07-20T01:47:26.971Z,1,2,false
2019-07-20T01:48:18.300Z,1,3,false
2019-07-20T01:49:11.030Z,1,4,false
2019-07-20T01:50:03.688Z,1,5,false
2019-07-20T01:50:55.921Z,1,6,false
2019-07-20T01:51:48.742Z,1,7,false
2019-07-20T01:52:40.645Z,1,8,false
2019-07-20T01:53:33.119Z,1,9,false
2019-07-20T01:54:51.435Z,1,1,false
2019-07-20T01:55:39.522Z,1,2,false
2019-07-20T01:56:31.082Z,1,3,false
2019-07-20T01:57:24.208Z,1,4,false
2019-07-20T01:58:16.883Z,1,5,false
2019-07-20T01:59:09.257Z,1,6,false
2019-07-20T02:00:01.649Z,1,7,false
2019-07-20T02:00:53.930Z,1,8,false
2019-07-20T02:01:46.511Z,1,9,false
2019-07-20T02:03:07.337Z,1,1,false
2019-07-20T02:03:50.376Z,1,2,false
2019-07-20T02:04:41.620Z,1,3,false
2019-07-20T02:05:33.905Z,1,4,false
2019-07-20T02:06:26.617Z,1,5,false
2019-07-20T02:07:19.247Z,1,6,false
2019-07-20T02:08:11.641Z,1,7,false
2019-07-20T02:09:03.571Z,1,8,false
2019-07-20T02:09:56.372Z,1,9,false
2019-07-20T02:11:18.165Z,1,1,false
2019-07-20T02:12:01.026Z,1,2,false
2019-07-20T02:12:52.590Z,1,3,false
2019-07-20T02:13:45.763Z,1,4,false
2019-07-20T02:14:38.905Z,1,5,false
2019-07-20T02:15:31.327Z,1,6,false
2019-07-20T02:16:24.075Z,1,7,false
2019-07-20T02:17:16.515Z,1,8,false
2019-07-20T02:18:08.804Z,1,9,false
2019-07-20T02:19:30.887Z,1,1,false
2019-07-20T02:20:13.655Z,1,2,false
2019-07-20T02:21:04.795Z,1,3,false
2019-07-20T02:21:57.254Z,1,4,false
2019-07-20T02:22:50.544Z,1,5,false
2019-07-20T02:23:42.881Z,1,6,false
2019-07-20T02:24:35.530Z,1,7,false
2019-07-20T02:25:27.500Z,1,8,false
2019-07-20T02:26:20.279Z,1,9,false
2019-07-20T02:27:41.989Z,1,1,false
2019-07-20T02:28:25.327Z,1,2,false
2019-07-20T02:29:17.246Z,1,3,false
2019-07-20T02:30:10.036Z,1,4,false
2019-07-20T02:31:05.163Z,1,5,false
2019-07-20T02:32:00.056Z,1,6,false
2019-07-20T02:32:54.690Z,1,7,false
2019-07-20T02:33:47.861Z,1,8,false
2019-07-20T02:34:40.502Z,1,9,false
2019-07-20T02:35:46.060Z,1,1,false
2019-07-20T02:36:38.295Z,1,2,false
2019-07-20T02:37:31.432Z,1,3,false
2019-07-20T02:38:25.900Z,1,4,false
2019-07-20T02:39:19.132Z,1,5,false
2019-07-20T02:40:11.295Z,1,6,false
2019-07-20T02:41:03.954Z,1,7,false
2019-07-20T02:41:55.974Z,1,8,false
2019-07-20T02:42:49.078Z,1,9,false
2019-07-20T02:44:10.792Z,1,1,false
2019-07-20T02:44:57.338Z,1,2,false
2019-07-20T02:45:48.380Z,1,3,false
2019-07-20T02:46:40.769Z,1,4,false
2019-07-20T02:47:33.494Z,1,5,false
2019-07-20T02:48:25.997Z,1,6,false
2019-07-20T02:49:18.621Z,1,7,false
2019-07-20T02:50:11.962Z,1,8,false
2019-07-20T02:51:05.303Z,1,9,false
2019-07-20T02:52:27.747Z,1,1,false
2019-07-20T02:53:11.185Z,1,2,false
2019-07-20T02:54:03.268Z,1,3,false
2019-07-20T02:54:56.231Z,1,4,false
2019-07-20T02:55:49.230Z,1,5,false
2019-07-20T02:56:41.495Z,1,6,false
2019-07-20T02:57:34.017Z,1,7,false
2019-07-20T02:58:26.138Z,1,8,false
2019-07-20T02:59:18.346Z,1,9,false
2019-07-20T03:00:36.528Z,1,1,false
2019-07-20T03:01:22.725Z,1,2,false
2019-07-20T03:02:14.384Z,1,3,false
2019-07-20T03:03:07.038Z,1,4,false
2019-07-20T03:03:59.700Z,1,5,false
2019-07-20T03:04:52.331Z,1,6,false
2019-07-20T03:05:45.105Z,1,7,false
2019-07-20T03:06:36.808Z,1,8,false
2019-07-20T03:07:29.135Z,1,9,false
2019-07-20T03:08:50.665Z,1,1,false
2019-07-20T03:09:37.500Z,1,2,false
2019-07-20T03:10:29.289Z,1,3,false
2019-07-20T03:11:22.087Z,1,4,false
2019-07-20T03:12:15.162Z,1,5,false
2019-07-20T03:13:07.674Z,1,6,false
2019-07-20T03:14:00.154Z,1,7,false
2019-07-20T03:14:51.979Z,1,8,false
2019-07-20T03:15:44.513Z,1,9,false
2019-07-20T03:17:07.583Z,1,1,false
2019-07-20T03:17:47.008Z,1,2,false
2019-07-20T03:18:38.834Z,1,3,false
2019-07-20T03:19:31.288Z,1,4,false
2019-07-20T03:20:24.032Z,1,5,false
2019-07-20T03:21:16.842Z,1,6,false
2019-07-20T03:22:09.029Z,1,7,false
2019-07-20T03:23:01.188Z,1,8,false
2019-07-20T03:23:53.359Z,1,9,false
2019-07-20T03:25:15.610Z,1,1,false
2019-07-20T03:25:58.717Z,1,2,false
2019-07-20T03:26:50.798Z,1,3,false
2019-07-20T03:27:43.588Z,1,4,false
2019-07-20T03:28:36.534Z,1,5,false
2019-07-20T03:29:29.154Z,1,6,false
2019-07-20T03:30:21.537Z,1,7,false
2019-07-20T03:31:13.483Z,1,8,false
2019-07-20T03:32:06.549Z,1,9,false
2019-07-20T03:33:28.232Z,1,1,false
2019-07-20T03:34:11.621Z,1,2,false
2019-07-20T03:35:03.204Z,1,3,false
2019-07-20T03:35:56.095Z,1,4,false
2019-07-20T03:36:49.001Z,1,5,false
2019-07-20T03:37:41.126Z,1,6,false
2019-07-20T03:38:34.152Z,1,7,false
2019-07-20T03:39:26.157Z,1,8,false
2019-07-20T03:40:19.150Z,1,9,false
2019-07-20T03:41:40.822Z,1,1,false
2019-07-20T03:42:27.748Z,1,2,false
2019-07-20T03:43:18.662Z,1,3,false
2019-07-20T03:44:11.844Z,1,4,false
2019-07-20T03:45:04.812Z,1,5,false
2019-07-20T03:45:57.251Z,1,6,false
2019-07-20T03:46:50.060Z,1,7,false
2019-07-20T03:47:41.916Z,1,8,false
2019-07-20T03:48:34.602Z,1,9,false
2019-07-20T03:49:51.843Z,1,1,false
2019-07-20T03:50:37.608Z,1,2,false
2019-07-20T03:51:29.202Z,1,3,false
2019-07-20T03:52:21.901Z,1,4,false
2019-07-20T03:53:14.908Z,1,5,false
2019-07-20T03:54:06.996Z,1,6,false
2019-07-20T03:54:59.730Z,1,7,false
2019-07-20T03:55:51.959Z,1,8,false
2019-07-20T03:56:44.478Z,1,9,false
2019-07-20T03:58:06.089Z,1,1,false
2019-07-20T03:58:52.117Z,1,2,false
2019-07-20T03:59:43.906Z,1,3,false
2019-07-20T04:00:36.717Z,1,4,false
2019-07-20T04:01:29.507Z,1,5,false
2019-07-20T04:02:22.103Z,1,6,false
2019-07-20T04:03:14.695Z,1,7,false
2019-07-20T04:04:06.911Z,1,8,false
2019-07-20T04:04:59.640Z,1,9,false
2019-07-20T04:06:20.608Z,1,1,false
2019-07-20T04:07:07.315Z,1,2,false
2019-07-20T04:07:58.930Z,1,3,false
2019-07-20T04:08:51.715Z,1,4,false
2019-07-20T04:09:44.648Z,1,5,false
2019-07-20T04:10:36.802Z,1,6,false
2019-07-20T04:11:29.347Z,1,7,false
2019-07-20T04:12:21.959Z,1,8,false
2019-07-20T04:13:14.529Z,1,9,false
2019-07-20T04:14:34.205Z,1,1,false
2019-07-20T04:15:21.850Z,1,2,false
2019-07-20T04:16:13.389Z,1,3,false
2019-07-20T04:17:06.331Z,1,4,false
2019-07-20T04:17:59.373Z,1,5,false
2019-07-20T04:18:51.650Z,1,6,false
2019-07-20T04:19:43.912Z,1,7,false
2019-07-20T04:20:36.132Z,1,8,false
2019-07-20T04:21:28.430Z,1,9,false
2019-07-20T04:22:49.956Z,1,1,false
2019-07-20T04:23:32.991Z,1,2,false
2019-07-20T04:24:24.769Z,1,3,false
2019-07-20T04:25:17.700Z,1,4,false
2019-07-20T04:26:10.668Z,1,5,false
2019-07-20T04:27:03.079Z,1,6,false
2019-07-20T04:27:55.502Z,1,7,false
2019-07-20T04:28:47.548Z,1,8,false
2019-07-20T04:29:39.795Z,1,9,false
2019-07-20T04:30:57.617Z,1,1,false
2019-07-20T04:31:44.623Z,1,2,false
2019-07-20T04:32:36.612Z,1,3,false
2019-07-20T04:33:29.438Z,1,4,false
2019-07-20T04:34:22.514Z,1,5,false
2019-07-20T04:35:15.039Z,1,6,false
2019-07-20T04:36:07.945Z,1,7,false
2019-07-20T04:37:00.512Z,1,8,false
2019-07-20T04:37:53.056Z,1,9,false
2019-07-20T04:39:12.024Z,1,1,false
2019-07-20T04:39:57.607Z,1,2,false
2019-07-20T04:40:49.660Z,1,3,false
2019-07-20T04:41:42.153Z,1,4,false
2019-07-20T04:42:35.361Z,1,5,false
2019-07-20T04:43:28.443Z,1,6,false
2019-07-20T04:44:21.386Z,1,7,false
2019-07-20T04:45:13.607Z,1,8,false
2019-07-20T04:46:06.100Z,1,9,false
2019-07-20T04:47:26.150Z,1,1,false
2019-07-20T04:48:13.994Z,1,2,false
2019-07-20T04:49:05.556Z,1,3,false
2019-07-20T04:49:57.857Z,1,4,false
2019-07-20T04:50:50.653Z,1,5,false
2019-07-20T04:51:42.861Z,1,6,false
2019-07-20T04:52:35.688Z,1,7,false
2019-07-20T04:53:28.992Z,1,8,false
2019-07-20T04:54:21.398Z,1,9,false
2019-07-20T04:55:39.107Z,1,1,false
2019-07-20T04:56:26.374Z,1,2,false
2019-07-20T04:57:18.295Z,1,3,false
2019-07-20T04:58:10.892Z,1,4,false
2019-07-20T04:59:03.663Z,1,5,false
2019-07-20T04:59:56.032Z,1,6,false
2019-07-20T05:00:48.977Z,1,7,false
2019-07-20T05:01:40.991Z,1,8,false
2019-07-20T05:02:34.017Z,1,9,false
2019-07-20T05:03:54.456Z,1,1,false
2019-07-20T05:04:35.192Z,1,2,false
2019-07-20T05:05:27.157Z,1,3,false
2019-07-20T05:06:19.337Z,1,4,false
2019-07-20T05:07:12.644Z,1,5,false
2019-07-20T05:08:04.493Z,1,6,false
2019-07-20T05:08:57.233Z,1,7,false
2019-07-20T05:09:49.282Z,1,8,false
2019-07-20T05:10:42.007Z,1,9,false
2019-07-20T05:11:47.728Z,1,1,false
2019-07-20T05:12:40.662Z,1,2,false
2019-07-20T05:13:32.217Z,1,3,false
2019-07-20T05:14:25.222Z,1,4,false
2019-07-20T05:15:17.782Z,1,5,false
2019-07-20T05:16:10.011Z,1,6,false
2019-07-20T05:17:02.708Z,1,7,false
2019-07-20T05:17:54.695Z,1,8,false
2019-07-20T05:18:47.578Z,1,9,false
2019-07-20T05:20:08.452Z,1,1,false
2019-07-20T05:20:54.830Z,1,2,false
2019-07-20T05:21:46.362Z,1,3,false
2019-07-20T05:22:39.601Z,1,4,false
2019-07-20T05:23:32.408Z,1,5,false
2019-07-20T05:24:25.019Z,1,6,false
2019-07-20T05:25:17.791Z,1,7,false
2019-07-20T05:26:09.757Z,1,8,false
2019-07-20T05:27:01.569Z,1,9,false
2019-07-20T05:28:21.245Z,1,1,false
2019-07-20T05:29:07.991Z,1,2,false
2019-07-20T05:30:00.197Z,1,3,false
2019-07-20T05:30:52.913Z,1,4,false
2019-07-20T05:31:46.703Z,1,5,false
2019-07-20T05:32:39.149Z,1,6,false
2019-07-20T05:33:31.712Z,1,7,false
2019-07-20T05:34:24.134Z,1,8,false
2019-07-20T05:35:17.118Z,1,9,false
2019-07-20T05:36:38.385Z,1,1,false
2019-07-20T05:37:23.006Z,1,2,false
2019-07-20T05:38:14.505Z,1,3,false
2019-07-20T05:39:07.641Z,1,4,false
2019-07-20T05:40:00.831Z,1,5,false
2019-07-20T05:40:53.161Z,1,6,false
2019-07-20T05:41:45.876Z,1,7,false
2019-07-20T05:42:38.467Z,1,8,false
2019-07-20T05:43:31.310Z,1,9,false
2019-07-20T05:44:53.134Z,1,1,false
2019-07-20T05:45:35.258Z,1,2,false
2019-07-20T05:46:26.642Z,1,3,false
2019-07-20T05:47:19.618Z,1,4,false
2019-07-20T05:48:12.663Z,1,5,false
2019-07-20T05:49:04.984Z,1,6,false
2019-07-20T05:49:57.528Z,1,7,false
2019-07-20T05:50:49.649Z,1,8,false
2019-07-20T05:51:41.800Z,1,9,false
2019-07-20T05:53:07.370Z,1,1,false
2019-07-20T05:53:51.863Z,1,2,false
2019-07-20T05:54:44.470Z,1,3,false
2019-07-20T05:55:36.730Z,1,4,false
2019-07-20T05:56:29.416Z,1,5,false
2019-07-20T05:57:21.899Z,1,6,false
2019-07-20T05:58:13.960Z,1,7,false
2019-07-20T05:59:05.766Z,1,8,false
2019-07-20T05:59:58.438Z,1,9,false
2019-07-20T06:01:20.466Z,1,1,false
2019-07-20T06:02:07.054Z,1,2,false
2019-07-20T06:02:58.715Z,1,3,false
2019-07-20T06:03:51.426Z,1,4,false
2019-07-20T06:04:43.868Z,1,5,false
2019-07-20T06:05:36.550Z,1,6,false
2019-07-20T06:06:28.766Z,1,7,false
2019-07-20T06:07:21.141Z,1,8,false
2019-07-20T06:08:13.346Z,1,9,false
2019-07-20T06:09:32.590Z,1,1,false
2019-07-20T06:10:19.474Z,1,2,false
2019-07-20T06:11:10.891Z,1,3,false
2019-07-20T06:12:03.580Z,1,4,false
2019-07-20T06:12:55.901Z,1,5,false
2019-07-20T06:13:48.717Z,1,6,false
2019-07-20T06:14:41.157Z,1,7,false
2019-07-20T06:15:33.608Z,1,8,false
2019-07-20T06:16:26.685Z,1,9,false
2019-07-20T06:17:45.592Z,1,1,false
2019-07-20T06:18:32.977Z,1,2,false
2019-07-20T06:19:24.917Z,1,3,false
2019-07-20T06:20:17.742Z,1,4,false
2019-07-20T06:21:10.025Z,1,5,false
2019-07-20T06:22:01.960Z,1,6,false
2019-07-20T06:22:54.709Z,1,7,false
2019-07-20T06:23:46.830Z,1,8,false
2019-07-20T06:24:39.758Z,1,9,false
2019-07-20T06:26:01.541Z,1,1,false
2019-07-20T06:26:43.724Z,1,2,false
2019-07-20T06:27:35.769Z,1,3,false
2019-07-20T06:28:28.856Z,1,4,false
2019-07-20T06:29:21.639Z,1,5,false
2019-07-20T06:30:14.471Z,1,6,false
2019-07-20T06:31:06.417Z,1,7,false
2019-07-20T06:31:58.364Z,1,8,false
2019-07-20T06:32:50.965Z,1,9,false
2019-07-20T06:34:08.674Z,1,1,false
2019-07-20T06:34:56.800Z,1,2,false
2019-07-20T06:35:48.232Z,1,3,false
2019-07-20T06:36:41.161Z,1,4,false
2019-07-20T06:37:34.377Z,1,5,false
2019-07-20T06:38:27.038Z,1,6,false
2019-07-20T06:39:20.051Z,1,7,false
2019-07-20T06:40:11.753Z,1,8,false
2019-07-20T06:41:04.165Z,1,9,false
2019-07-20T06:42:24.337Z,1,1,false
2019-07-20T06:43:05.741Z,1,2,false
2019-07-20T06:43:58.130Z,1,3,false
2019-07-20T06:44:50.981Z,1,4,false
2019-07-20T06:45:43.823Z,1,5,false
2019-07-20T06:46:36.362Z,1,6,false
2019-07-20T06:47:13.830Z,1,7,false
2019-07-20T06:47:51.494Z,1,8,false
2019-07-20T06:48:42.144Z,1,9,false
2019-07-20T06:50:05.515Z,1,1,false
2019-07-20T06:50:57.981Z,1,2,false
2019-07-20T06:51:49.968Z,1,3,false
2019-07-20T06:52:42.967Z,1,4,false
2019-07-20T06:53:35.819Z,1,5,false
2019-07-20T06:54:28.529Z,1,6,false
2019-07-20T06:55:20.749Z,1,7,false
2019-07-20T06:58:08.084Z,1,8,false
2019-07-20T06:59:00.419Z,1,9,false
2019-07-20T07:00:22.750Z,1,1,false
2019-07-20T07:01:15.203Z,1,2,false
2019-07-20T07:02:07.662Z,1,3,false
2019-07-20T07:03:00.090Z,1,4,false
2019-07-20T07:03:53.057Z,1,5,false
2019-07-20T07:04:45.627Z,1,6,false
2019-07-20T07:05:38.498Z,1,7,false
2019-07-20T07:06:30.408Z,1,8,false
2019-07-20T07:07:23.380Z,1,9,false
2019-07-20T07:08:45.702Z,1,1,false
2019-07-20T07:09:37.792Z,1,2,false
2019-07-20T07:10:29.678Z,1,3,false
2019-07-20T07:11:22.557Z,1,4,false
2019-07-20T07:12:15.722Z,1,5,false
2019-07-20T07:13:08.221Z,1,6,false
2019-07-20T07:14:00.678Z,1,7,false
2019-07-20T07:14:53.319Z,1,8,false
2019-07-20T07:15:45.881Z,1,9,false
2019-07-20T07:17:08.003Z,1,1,false
2019-07-20T07:17:59.992Z,1,2,false
2019-07-20T07:18:51.656Z,1,3,false
2019-07-20T07:19:43.961Z,1,4,false
2019-07-20T07:20:37.291Z,1,5,false
2019-07-20T07:21:29.117Z,1,6,false
2019-07-20T07:22:21.992Z,1,7,false
2019-07-20T07:23:13.607Z,1,8,false
2019-07-20T07:24:06.457Z,1,9,false
2019-07-20T07:25:28.852Z,1,1,false
2019-07-20T07:26:20.659Z,1,2,false
2019-07-20T07:27:12.350Z,1,3,false
2019-07-20T07:28:05.067Z,1,4,false
2019-07-20T07:28:57.687Z,1,5,false
2019-07-20T07:29:49.788Z,1,6,false
2019-07-20T07:30:42.612Z,1,7,false
2019-07-20T07:31:34.944Z,1,8,false
2019-07-20T07:32:28.184Z,1,9,false
2019-07-20T07:33:50.762Z,1,1,false
2019-07-20T07:34:42.905Z,1,2,false
2019-07-20T07:35:35.372Z,1,3,false
2019-07-20T07:36:27.962Z,1,4,false
2019-07-20T07:37:21.120Z,1,5,false
2019-07-20T07:38:13.699Z,1,6,false
2019-07-20T07:39:06.535Z,1,7,false
2019-07-20T07:39:58.760Z,1,8,false
2019-07-20T07:40:50.906Z,1,9,false
2019-07-20T07:42:13.325Z,1,1,false
2019-07-20T07:43:05.688Z,1,2,false
2019-07-20T07:43:57.300Z,1,3,false
2019-07-20T07:44:50.380Z,1,4,false
2019-07-20T07:45:43.558Z,1,5,false
2019-07-20T07:46:35.939Z,1,6,false
2019-07-20T07:47:28.292Z,1,7,false
2019-07-20T07:48:20.668Z,1,8,false
2019-07-20T07:49:13.436Z,1,9,false
2019-07-20T07:50:35.834Z,1,1,false
2019-07-20T07:51:28.152Z,1,2,false
2019-07-20T07:52:20.637Z,1,3,false
2019-07-20T07:53:13.611Z,1,4,false
2019-07-20T07:54:07.819Z,1,5,false
2019-07-20T07:55:00.355Z,1,6,false
2019-07-20T07:55:52.728Z,1,7,false
2019-07-20T07:56:44.979Z,1,8,false
2019-07-20T07:57:37.985Z,1,9,false
2019-07-20T07:59:01.103Z,1,1,false
2019-07-20T07:59:53.104Z,1,2,false
2019-07-20T08:00:45.362Z,1,3,false
2019-07-20T08:01:37.919Z,1,4,false
2019-07-20T08:02:30.936Z,1,5,false
2019-07-20T08:03:23.373Z,1,6,false
2019-07-20T08:04:16.256Z,1,7,false
2019-07-20T08:05:08.347Z,1,8,false
2019-07-20T08:06:00.326Z,1,9,false
2019-07-20T08:07:23.155Z,1,1,false
2019-07-20T08:08:14.822Z,1,2,false
2019-07-20T08:09:07.380Z,1,3,false
2019-07-20T08:10:00.202Z,1,4,false
2019-07-20T08:10:53.390Z,1,5,false
2019-07-20T08:11:45.678Z,1,6,false
2019-07-20T08:12:38.828Z,1,7,false
2019-07-20T08:13:30.960Z,1,8,false
2019-07-20T08:14:23.728Z,1,9,false
2019-07-20T08:15:45.865Z,1,1,false
2019-07-20T08:16:38.202Z,1,2,false
2019-07-20T08:17:29.862Z,1,3,false
2019-07-20T08:18:22.802Z,1,4,false
2019-07-20T08:19:15.873Z,1,5,false
2019-07-20T08:20:08.254Z,1,6,false
2019-07-20T08:21:00.602Z,1,7,false
2019-07-20T08:21:52.725Z,1,8,false
2019-07-20T08:22:45.168Z,1,9,false
2019-07-20T08:24:07.928Z,1,1,false
2019-07-20T08:24:59.604Z,1,2,false
2019-07-20T08:25:51.695Z,1,3,false
2019-07-20T08:26:43.944Z,1,4,false
2019-07-20T08:27:37.105Z,1,5,false
2019-07-20T08:28:29.653Z,1,6,false
2019-07-20T08:29:22.536Z,1,7,false
2019-07-20T08:30:14.989Z,1,8,false
2019-07-20T08:31:07.641Z,1,9,false
2019-07-20T08:32:29.879Z,1,1,false
2019-07-20T08:33:21.956Z,1,2,false
2019-07-20T08:34:13.686Z,1,3,false
2019-07-20T08:35:06.322Z,1,4,false
2019-07-20T08:35:59.415Z,1,5,false
2019-07-20T08:36:51.797Z,1,6,false
2019-07-20T08:37:44.363Z,1,7,false
2019-07-20T08:38:36.717Z,1,8,false
2019-07-20T08:39:29.086Z,1,9,false
2019-07-20T08:40:51.711Z,1,1,false
2019-07-20T08:41:44.050Z,1,2,false
2019-07-20T08:42:35.997Z,1,3,false
2019-07-20T08:43:28.615Z,1,4,false
2019-07-20T08:44:21.378Z,1,5,false
2019-07-20T08:45:13.959Z,1,6,false
2019-07-20T08:46:06.410Z,1,7,false
2019-07-20T08:46:58.286Z,1,8,false
2019-07-20T08:47:50.778Z,1,9,false
2019-07-20T08:49:13.412Z,1,1,false
2019-07-20T08:50:05.198Z,1,2,false
2019-07-20T08:50:57.220Z,1,3,false
2019-07-20T08:51:50.026Z,1,4,false
2019-07-20T08:52:42.919Z,1,5,false
2019-07-20T08:53:35.065Z,1,6,false
2019-07-20T08:54:28.125Z,1,7,false
2019-07-20T08:55:19.962Z,1,8,false
2019-07-20T08:56:12.552Z,1,9,false
2019-07-20T08:57:34.674Z,1,1,false
2019-07-20T08:58:27.106Z,1,2,false
2019-07-20T08:59:19.447Z,1,3,false
2019-07-20T09:00:11.793Z,1,4,false
2019-07-20T09:01:04.450Z,1,5,false
2019-07-20T09:01:57.432Z,1,6,false
2019-07-20T09:02:50.069Z,1,7,false
2019-07-20T09:03:42.632Z,1,8,false
2019-07-20T09:04:35.350Z,1,9,false
2019-07-20T09:05:58.226Z,1,1,false
2019-07-20T09:06:50.113Z,1,2,false
2019-07-20T09:07:42.045Z,1,3,false
2019-07-20T09:08:34.942Z,1,4,false
2019-07-20T09:09:28.206Z,1,5,false
2019-07-20T09:10:20.626Z,1,6,false
2019-07-20T09:11:13.592Z,1,7,false
2019-07-20T09:12:05.451Z,1,8,false
2019-07-20T09:12:57.743Z,1,9,false
2019-07-20T09:14:20.768Z,1,1,false
2019-07-20T09:15:15.112Z,1,2,false
2019-07-20T09:16:09.689Z,1,3,false
2019-07-20T09:17:02.341Z,1,4,false
2019-07-20T09:17:55.933Z,1,5,false
2019-07-20T09:18:48.321Z,1,6,false
2019-07-20T09:19:40.974Z,1,7,false
2019-07-20T09:20:33.711Z,1,8,false
2019-07-20T09:21:26.411Z,1,9,false
2019-07-20T09:22:49.407Z,1,1,false
2019-07-20T09:23:41.815Z,1,2,false
2019-07-20T09:24:33.683Z,1,3,false
2019-07-20T09:25:26.154Z,1,4,false
2019-07-20T09:26:19.378Z,1,5,false
2019-07-20T09:27:11.418Z,1,6,false
2019-07-20T09:28:03.756Z,1,7,false
2019-07-20T09:28:56.026Z,1,8,false
2019-07-20T09:29:48.214Z,1,9,false
2019-07-20T09:31:10.909Z,1,1,false
2019-07-20T09:32:03.053Z,1,2,false
2019-07-20T09:32:54.834Z,1,3,false
2019-07-20T09:33:47.262Z,1,4,false
2019-07-20T09:34:40.652Z,1,5,false
2019-07-20T09:35:33.120Z,1,6,false
2019-07-20T09:36:25.554Z,1,7,false
2019-07-20T09:37:17.771Z,1,8,false
2019-07-20T09:38:09.946Z,1,9,false
2019-07-20T09:39:32.570Z,1,1,false
2019-07-20T09:40:24.558Z,1,2,false
2019-07-20T09:41:17.104Z,1,3,false
2019-07-20T09:42:10.156Z,1,4,false
2019-07-20T09:43:02.877Z,1,5,false
2019-07-20T09:43:54.942Z,1,6,false
2019-07-20T09:44:47.353Z,1,7,false
2019-07-20T09:45:39.957Z,1,8,false
2019-07-20T09:46:32.531Z,1,9,false
2019-07-20T09:47:55.594Z,1,1,false
2019-07-20T09:48:47.675Z,1,2,false
2019-07-20T09:49:40.267Z,1,3,false
2019-07-20T09:50:32.636Z,1,4,false
2019-07-20T09:51:26.991Z,1,5,false
2019-07-20T09:52:19.707Z,1,6,false
2019-07-20T09:53:12.237Z,1,7,false
2019-07-20T09:54:04.739Z,1,8,false
2019-07-20T09:54:57.176Z,1,9,false
2019-07-20T09:56:19.942Z,1,1,false
2019-07-20T09:57:11.952Z,1,2,false
2019-07-20T09:58:04.139Z,1,3,false
2019-07-20T09:58:56.803Z,1,4,false
2019-07-20T09:59:49.467Z,1,5,false
2019-07-20T10:00:41.938Z,1,6,false
2019-07-20T10:01:34.884Z,1,7,false
2019-07-20T10:02:27.419Z,1,8,false
2019-07-20T10:03:19.587Z,1,9,false
2019-07-20T10:04:41.565Z,1,1,false
2019-07-20T10:05:33.936Z,1,2,false
2019-07-20T10:06:26.143Z,1,3,false
2019-07-20T10:07:19.051Z,1,4,false
2019-07-20T10:08:11.509Z,1,5,false
2019-07-20T10:09:03.933Z,1,6,false
2019-07-20T10:09:56.070Z,1,7,false
2019-07-20T10:10:48.130Z,1,8,false
2019-07-20T10:11:40.722Z,1,9,false
2019-07-20T10:13:03.150Z,1,1,false
2019-07-20T10:13:55.146Z,1,2,false
2019-07-20T10:14:47.511Z,1,3,false
2019-07-20T10:15:40.416Z,1,4,false
2019-07-20T10:16:33.130Z,1,5,false
2019-07-20T10:17:25.446Z,1,6,false
2019-07-20T10:18:18.098Z,1,7,false
2019-07-20T10:19:10.475Z,1,8,false
2019-07-20T10:20:02.894Z,1,9,false
2019-07-20T10:21:25.186Z,1,1,false
2019-07-20T10:22:17.627Z,1,2,false
2019-07-20T10:23:09.367Z,1,3,false
2019-07-20T10:24:01.947Z,1,4,false
2019-07-20T10:24:54.823Z,1,5,false
2019-07-20T10:25:47.418Z,1,6,false
2019-07-20T10:26:40.078Z,1,7,false
2019-07-20T10:27:32.834Z,1,8,false
2019-07-20T10:28:25.189Z,1,9,false
2019-07-20T10:29:48.147Z,1,1,false
2019-07-20T10:30:40.569Z,1,2,false
2019-07-20T10:31:32.692Z,1,3,false
2019-07-20T10:32:25.446Z,1,4,false
2019-07-20T10:33:18.097Z,1,5,false
2019-07-20T10:34:10.504Z,1,6,false
2019-07-20T10:35:03.056Z,1,7,false
2019-07-20T10:35:58.352Z,1,8,false
2019-07-20T10:36:50.689Z,1,9,false
2019-07-20T10:38:13.027Z,1,1,false
2019-07-20T10:39:05.721Z,1,2,false
2019-07-20T10:39:57.646Z,1,3,false
2019-07-20T10:40:50.575Z,1,4,false
2019-07-20T10:41:43.766Z,1,5,false
2019-07-20T10:42:36.359Z,1,6,false
2019-07-20T10:43:29.266Z,1,7,false
2019-07-20T10:44:22.125Z,1,8,false
2019-07-20T10:45:15.036Z,1,9,false
2019-07-20T10:46:37.694Z,1,1,false
2019-07-20T10:47:29.355Z,1,2,false
2019-07-20T10:48:21.623Z,1,3,false
2019-07-20T10:49:14.041Z,1,4,false
2019-07-20T10:50:07.329Z,1,5,false
2019-07-20T10:50:59.878Z,1,6,false
2019-07-20T10:51:52.167Z,1,7,false
2019-07-20T10:52:44.137Z,1,8,false
2019-07-20T10:53:36.468Z,1,9,false
2019-07-20T10:54:59.541Z,1,1,false
2019-07-20T10:55:51.311Z,1,2,false
2019-07-20T10:56:43.376Z,1,3,false
2019-07-20T10:57:36.287Z,1,4,false
2019-07-20T10:58:29.939Z,1,5,false
2019-07-20T10:59:21.915Z,1,6,false
2019-07-20T11:00:14.573Z,1,7,false
2019-07-20T11:01:06.461Z,1,8,false
2019-07-20T11:01:59.248Z,1,9,false
2019-07-20T11:03:21.270Z,1,1,false
2019-07-20T11:04:13.394Z,1,2,false
2019-07-20T11:05:05.832Z,1,3,false
2019-07-20T11:05:58.219Z,1,4,false
2019-07-20T11:06:50.961Z,1,5,false
2019-07-20T11:07:43.578Z,1,6,false
2019-07-20T11:08:36.299Z,1,7,false
2019-07-20T11:09:28.710Z,1,8,false
2019-07-20T11:10:21.369Z,1,9,false
2019-07-20T11:11:43.719Z,1,1,false
2019-07-20T11:12:35.538Z,1,2,false
2019-07-20T11:13:27.963Z,1,3,false
2019-07-20T11:14:20.363Z,1,4,false
2019-07-20T11:15:13.449Z,1,5,false
2019-07-20T11:16:05.930Z,1,6,false
2019-07-20T11:16:58.883Z,1,7,false
2019-07-20T11:17:50.847Z,1,8,false
2019-07-20T11:18:43.385Z,1,9,false
2019-07-20T11:20:05.979Z,1,1,false
2019-07-20T11:20:58.075Z,1,2,false
2019-07-20T11:21:50.196Z,1,3,false
2019-07-20T11:22:43.623Z,1,4,false
2019-07-20T11:23:36.836Z,1,5,false
2019-07-20T11:24:29.446Z,1,6,false
2019-07-20T11:25:22.096Z,1,7,false
2019-07-20T11:26:14.457Z,1,8,false
2019-07-20T11:27:07.122Z,1,9,false
2019-07-20T11:28:29.966Z,1,1,false
2019-07-20T11:29:22.274Z,1,2,false
2019-07-20T11:30:14.406Z,1,3,false
2019-07-20T11:31:06.908Z,1,4,false
2019-07-20T11:31:59.993Z,1,5,false
2019-07-20T11:32:52.438Z,1,6,false
2019-07-20T11:33:45.541Z,1,7,false
2019-07-20T11:34:38.404Z,1,8,false
2019-07-20T11:35:30.663Z,1,9,false
2019-07-20T11:36:53.239Z,1,1,false
2019-07-20T11:37:45.117Z,1,2,false
2019-07-20T11:38:37.849Z,1,3,false
2019-07-20T11:39:30.522Z,1,4,false
2019-07-20T11:40:23.813Z,1,5,false
2019-07-20T11:41:16.047Z,1,6,false
2019-07-20T11:42:08.618Z,1,7,false
2019-07-20T11:43:00.355Z,1,8,false
2019-07-20T11:43:53.029Z,1,9,false
2019-07-20T11:45:15.672Z,1,1,false
2019-07-20T11:46:08.297Z,1,2,false
2019-07-20T11:46:59.861Z,1,3,false
2019-07-20T11:47:54.119Z,1,4,false
2019-07-20T11:48:47.257Z,1,5,false
2019-07-20T11:49:39.801Z,1,6,false
2019-07-20T11:50:32.374Z,1,7,false
2019-07-20T11:51:24.601Z,1,8,false
2019-07-20T11:52:16.320Z,1,9,false
2019-07-20T11:53:38.904Z,1,1,false
2019-07-20T11:54:31.462Z,1,2,false
2019-07-20T11:55:24.182Z,1,3,false
2019-07-20T11:56:17.921Z,1,4,false
2019-07-20T11:57:13.476Z,1,5,false
2019-07-20T11:58:06.108Z,1,6,false
2019-07-20T11:58:58.609Z,1,7,false
2019-07-20T11:59:51.392Z,1,8,false
2019-07-20T12:00:43.968Z,1,9,false
2019-07-20T12:02:06.708Z,1,1,false
2019-07-20T12:02:59.131Z,1,2,false
2019-07-20T12:03:51.337Z,1,3,false
2019-07-20T12:04:44.717Z,1,4,false
2019-07-20T12:05:38.347Z,1,5,false
2019-07-20T12:06:30.661Z,1,6,false
2019-07-20T12:07:23.228Z,1,7,false
2019-07-20T12:08:15.652Z,1,8,false
2019-07-20T12:09:08.487Z,1,9,false
2019-07-20T12:10:31.394Z,1,1,false
2019-07-20T12:11:22.882Z,1,2,false
2019-07-20T12:12:14.983Z,1,3,false
2019-07-20T12:13:07.966Z,1,4,false
2019-07-20T12:14:01.099Z,1,5,false
2019-07-20T12:14:53.308Z,1,6,false
2019-07-20T12:15:46.362Z,1,7,false
2019-07-20T12:16:38.193Z,1,8,false
2019-07-20T12:17:30.763Z,1,9,false
2019-07-20T12:18:53.692Z,1,1,false
2019-07-20T12:19:46.059Z,1,2,false
2019-07-20T12:20:38.532Z,1,3,false
2019-07-20T12:21:31.349Z,1,4,false
2019-07-20T12:22:24.584Z,1,5,false
2019-07-20T12:23:16.946Z,1,6,false
2019-07-20T12:24:09.558Z,1,7,false
2019-07-20T12:25:01.647Z,1,8,false
2019-07-20T12:25:54.082Z,1,9,false
2019-07-20T12:27:16.586Z,1,1,false
2019-07-20T12:28:08.595Z,1,2,false
2019-07-20T12:29:00.310Z,1,3,false
2019-07-20T12:29:52.998Z,1,4,false
2019-07-20T12:30:45.714Z,1,5,false
2019-07-20T12:31:38.479Z,1,6,false
2019-07-20T12:32:30.918Z,1,7,false
2019-07-20T12:33:23.168Z,1,8,false
2019-07-20T12:34:15.367Z,1,9,false
2019-07-20T12:35:38.132Z,1,1,false
2019-07-20T12:36:29.916Z,1,2,false
2019-07-20T12:37:22.283Z,1,3,false
2019-07-20T12:38:15.379Z,1,4,false
2019-07-20T12:39:08.264Z,1,5,false
2019-07-20T12:40:00.286Z,1,6,false
2019-07-20T12:40:52.721Z,1,7,false
2019-07-20T12:41:45.129Z,1,8,false
2019-07-20T12:42:38.172Z,1,9,false
2019-07-20T12:44:00.801Z,1,1,false
2019-07-20T12:44:53.275Z,1,2,false
2019-07-20T12:45:45.452Z,1,3,false
2019-07-20T12:46:38.351Z,1,4,false
2019-07-20T12:47:31.596Z,1,5,false
2019-07-20T12:48:24.267Z,1,6,false
2019-07-20T12:49:16.456Z,1,7,false
2019-07-20T12:50:08.904Z,1,8,false
2019-07-20T12:51:01.073Z,1,9,false
2019-07-20T12:52:23.834Z,1,1,false
2019-07-20T12:53:15.903Z,1,2,false
2019-07-20T12:54:07.799Z,1,3,false
2019-07-20T12:55:00.181Z,1,4,false
2019-07-20T12:55:54.054Z,1,5,false
2019-07-20T12:56:46.604Z,1,6,false
2019-07-20T12:57:40.239Z,1,7,false
2019-07-20T12:58:32.514Z,1,8,false
2019-07-20T12:59:25.421Z,1,9,false
2019-07-20T13:00:47.518Z,1,1,false
2019-07-20T13:01:39.741Z,1,2,false
2019-07-20T13:02:31.988Z,1,3,false
2019-07-20T13:03:24.713Z,1,4,false
2019-07-20T13:04:17.786Z,1,5,false
2019-07-20T13:05:10.073Z,1,6,false
2019-07-20T13:06:02.880Z,1,7,false
2019-07-20T13:06:54.816Z,1,8,false
2019-07-20T13:07:47.574Z,1,9,false
2019-07-20T13:09:13.089Z,1,1,false
2019-07-20T13:10:05.524Z,1,2,false
2019-07-20T13:10:57.758Z,1,3,false
2019-07-20T13:11:50.365Z,1,4,false
2019-07-20T13:12:43.431Z,1,5,false
2019-07-20T13:13:36.155Z,1,6,false
2019-07-20T13:14:29.233Z,1,7,false
2019-07-20T13:15:22.335Z,1,8,false
2019-07-20T13:16:15.124Z,1,9,false
2019-07-20T13:17:36.994Z,1,1,false
2019-07-20T13:18:28.782Z,1,2,false
2019-07-20T13:19:20.947Z,1,3,false
2019-07-20T13:20:13.652Z,1,4,false
2019-07-20T13:21:06.741Z,1,5,false
2019-07-20T13:22:00.937Z,1,6,false
2019-07-20T13:22:53.770Z,1,7,false
2019-07-20T13:23:45.947Z,1,8,false
2019-07-20T13:24:38.702Z,1,9,false
2019-07-20T13:26:01.396Z,1,1,false
2019-07-20T13:26:53.962Z,1,2,false
2019-07-20T13:27:45.483Z,1,3,false
2019-07-20T13:28:38.474Z,1,4,false
2019-07-20T13:29:31.430Z,1,5,false
2019-07-20T13:30:24.032Z,1,6,false
2019-07-20T13:31:16.973Z,1,7,false
2019-07-20T13:32:09.394Z,1,8,false
2019-07-20T13:33:02.216Z,1,9,false
2019-07-20T13:34:24.599Z,1,1,false
2019-07-20T13:35:16.718Z,1,2,false
2019-07-20T13:36:08.681Z,1,3,false
2019-07-20T13:37:01.574Z,1,4,false
2019-07-20T13:37:54.823Z,1,5,false
2019-07-20T13:38:47.520Z,1,6,false
2019-07-20T13:39:40.069Z,1,7,false
2019-07-20T13:40:32.205Z,1,8,false
2019-07-20T13:41:24.982Z,1,9,false
2019-07-20T13:42:47.336Z,1,1,false
2019-07-20T13:43:39.501Z,1,2,false
2019-07-20T13:44:31.404Z,1,3,false
2019-07-20T13:45:24.154Z,1,4,false
2019-07-20T13:46:17.483Z,1,5,false
2019-07-20T13:47:09.897Z,1,6,false
2019-07-20T13:48:02.739Z,1,7,false
2019-07-20T13:48:54.984Z,1,8,false
2019-07-20T13:49:47.767Z,1,9,false
2019-07-20T13:51:10.247Z,1,1,false
2019-07-20T13:52:01.907Z,1,2,false
2019-07-20T13:52:54.344Z,1,3,false
2019-07-20T13:53:47.310Z,1,4,false
2019-07-20T13:54:40.476Z,1,5,false
2019-07-20T13:55:33.026Z,1,6,false
2019-07-20T13:56:26.094Z,1,7,false
2019-07-20T13:57:18.337Z,1,8,false
2019-07-20T13:58:11.560Z,1,9,false
2019-07-20T13:59:34.963Z,1,1,false
2019-07-20T14:00:27.339Z,1,2,false
2019-07-20T14:01:19.737Z,1,3,false
2019-07-20T14:02:12.438Z,1,4,false
2019-07-20T14:03:05.407Z,1,5,false
2019-07-20T14:03:58.062Z,1,6,false
2019-07-20T14:04:51.052Z,1,7,false
2019-07-20T14:05:43.289Z,1,8,false
2019-07-20T14:06:36.032Z,1,9,false
2019-07-20T14:07:58.166Z,1,1,false
2019-07-20T14:08:50.370Z,1,2,false
2019-07-20T14:09:42.840Z,1,3,false
2019-07-20T14:10:35.772Z,1,4,false
2019-07-20T14:11:28.593Z,1,5,false
2019-07-20T14:12:20.920Z,1,6,false
2019-07-20T14:13:13.437Z,1,7,false
2019-07-20T14:14:05.524Z,1,8,false
2019-07-20T14:14:57.997Z,1,9,false
2019-07-20T14:16:20.905Z,1,1,false
2019-07-20T14:17:12.647Z,1,2,false
2019-07-20T14:18:04.787Z,1,3,false
2019-07-20T14:18:57.277Z,1,4,false
2019-07-20T14:19:51.242Z,1,5,false
2019-07-20T14:20:43.892Z,1,6,false
2019-07-20T14:21:37.095Z,1,7,false
2019-07-20T14:22:29.682Z,1,8,false
2019-07-20T14:23:21.939Z,1,9,false
2019-07-20T14:24:44.427Z,1,1,false
2019-07-20T14:25:36.483Z,1,2,false
2019-07-20T14:26:28.466Z,1,3,false
2019-07-20T14:27:21.529Z,1,4,false
2019-07-20T14:28:14.370Z,1,5,false
2019-07-20T14:29:07.094Z,1,6,false
2019-07-20T14:29:59.973Z,1,7,false
2019-07-20T14:30:52.365Z,1,8,false
2019-07-20T14:31:45.157Z,1,9,false
2019-07-20T14:33:07.660Z,1,1,false
2019-07-20T14:33:59.840Z,1,2,false
2019-07-20T14:34:51.661Z,1,3,false
2019-07-20T14:35:44.932Z,1,4,false
2019-07-20T14:36:37.596Z,1,5,false
2019-07-20T14:37:30.612Z,1,6,false
2019-07-20T14:38:23.949Z,1,7,false
2019-07-20T14:39:15.805Z,1,8,false
2019-07-20T14:40:08.205Z,1,9,false
2019-07-20T14:41:30.872Z,1,1,false
2019-07-20T14:42:23.133Z,1,2,false
2019-07-20T14:43:15.692Z,1,3,false
2019-07-20T14:44:08.381Z,1,4,false
2019-07-20T14:45:00.972Z,1,5,false
2019-07-20T14:45:54.109Z,1,6,false
2019-07-20T14:46:46.710Z,1,7,false
2019-07-20T14:47:39.426Z,1,8,false
2019-07-20T14:48:32.072Z,1,9,false
2019-07-20T14:49:54.756Z,1,1,false
2019-07-20T14:50:47.217Z,1,2,false
2019-07-20T14:51:39.144Z,1,3,false
2019-07-20T14:52:32.259Z,1,4,false
2019-07-20T14:53:24.926Z,1,5,false
2019-07-20T14:54:17.313Z,1,6,false
2019-07-20T14:55:09.648Z,1,7,false
2019-07-20T14:56:02.262Z,1,8,false
2019-07-20T14:56:54.928Z,1,9,false
2019-07-20T14:58:17.833Z,1,1,false
2019-07-20T14:59:09.576Z,1,2,false
2019-07-20T15:00:01.628Z,1,3,false
2019-07-20T15:00:53.862Z,1,4,false
2019-07-20T15:01:46.868Z,1,5,false
2019-07-20T15:02:39.705Z,1,6,false
2019-07-20T15:03:32.382Z,1,7,false
2019-07-20T15:04:24.613Z,1,8,false
2019-07-20T15:05:17.351Z,1,9,false
2019-07-20T15:06:40.973Z,1,1,false
2019-07-20T15:07:33.134Z,1,2,false
2019-07-20T15:08:25.358Z,1,3,false
2019-07-20T15:09:18.019Z,1,4,false
2019-07-20T15:10:11.267Z,1,5,false
2019-07-20T15:11:04.038Z,1,6,false
2019-07-20T15:11:56.820Z,1,7,false
2019-07-20T15:12:49.350Z,1,8,false
2019-07-20T15:13:41.574Z,1,9,false
2019-07-20T15:15:04.532Z,1,1,false
2019-07-20T15:15:57.110Z,1,2,false
2019-07-20T15:16:49.134Z,1,3,false
2019-07-20T15:17:41.923Z,1,4,false
2019-07-20T15:18:35.256Z,1,5,false
2019-07-20T15:19:28.237Z,1,6,false
2019-07-20T15:20:23.099Z,1,7,false
2019-07-20T15:21:15.861Z,1,8,false
2019-07-20T15:22:08.882Z,1,9,false
2019-07-20T15:23:31.297Z,1,1,false
2019-07-20T15:24:23.956Z,1,2,false
2019-07-20T15:25:16.393Z,1,3,false
2019-07-20T15:26:09.012Z,1,4,false
2019-07-20T15:27:02.133Z,1,5,false
2019-07-20T15:27:54.381Z,1,6,false
2019-07-20T15:28:47.708Z,1,7,false
2019-07-20T15:29:39.987Z,1,8,false
2019-07-20T15:30:32.810Z,1,9,false
2019-07-20T15:31:55.705Z,1,1,false
2019-07-20T15:32:48.012Z,1,2,false
2019-07-20T15:33:40.302Z,1,3,false
2019-07-20T15:34:33.220Z,1,4,false
2019-07-20T15:35:26.688Z,1,5,false
2019-07-20T15:36:19.376Z,1,6,false
2019-07-20T15:37:12.162Z,1,7,false
2019-07-20T15:38:04.978Z,1,8,false
2019-07-20T15:38:57.509Z,1,9,false
2019-07-20T15:40:20.558Z,1,1,false
2019-07-20T15:41:12.501Z,1,2,false
2019-07-20T15:42:04.850Z,1,3,false
2019-07-20T15:42:57.881Z,1,4,false
2019-07-20T15:43:50.600Z,1,5,false
2019-07-20T15:44:43.364Z,1,6,false
2019-07-20T15:45:39.882Z,1,7,false
2019-07-20T15:46:33.614Z,1,8,false
2019-07-20T15:47:26.466Z,1,9,false
2019-07-20T15:48:49.661Z,1,1,false
2019-07-20T15:49:41.986Z,1,2,false
2019-07-20T15:50:34.494Z,1,3,false
2019-07-20T15:51:27.757Z,1,4,false
2019-07-20T15:52:21.365Z,1,5,false
2019-07-20T15:53:13.918Z,1,6,false
2019-07-20T15:54:06.936Z,1,7,false
2019-07-20T15:54:58.817Z,1,8,false
2019-07-20T15:55:51.567Z,1,9,false
2019-07-20T15:57:14.243Z,1,1,false
2019-07-20T15:58:06.589Z,1,2,false
2019-07-20T15:58:58.234Z,1,3,false
2019-07-20T15:59:50.994Z,1,4,false
2019-07-20T16:00:44.022Z,1,5,false
2019-07-20T16:01:36.576Z,1,6,false
2019-07-20T16:02:29.541Z,1,7,false
2019-07-20T16:03:21.651Z,1,8,false
2019-07-20T16:04:14.027Z,1,9,false
2019-07-20T16:05:36.840Z,1,1,false
2019-07-20T16:06:29.152Z,1,2,false
2019-07-20T16:07:21.972Z,1,3,false
2019-07-20T16:08:15.146Z,1,4,false
2019-07-20T16:09:08.212Z,1,5,false
2019-07-20T16:10:00.707Z,1,6,false
2019-07-20T16:10:53.300Z,1,7,false
2019-07-20T16:11:45.913Z,1,8,false
2019-07-20T16:12:39.012Z,1,9,false
2019-07-20T16:14:02.117Z,1,1,false
2019-07-20T16:14:54.394Z,1,2,false
2019-07-20T16:15:46.764Z,1,3,false
2019-07-20T16:16:39.844Z,1,4,false
2019-07-20T16:17:33.304Z,1,5,false
2019-07-20T16:18:26.204Z,1,6,false
2019-07-20T16:19:20.075Z,1,7,false
2019-07-20T16:20:12.616Z,1,8,false
2019-07-20T16:21:05.230Z,1,9,false
2019-07-20T16:22:28.193Z,1,1,false
2019-07-20T16:23:20.868Z,1,2,false
2019-07-20T16:24:12.768Z,1,3,false
2019-07-20T16:25:05.738Z,1,4,false
2019-07-20T16:25:58.926Z,1,5,false
2019-07-20T16:26:51.523Z,1,6,false
2019-07-20T16:27:44.304Z,1,7,false
2019-07-20T16:28:36.728Z,1,8,false
2019-07-20T16:29:29.652Z,1,9,false
2019-07-20T16:30:52.626Z,1,1,false
2019-07-20T16:31:44.368Z,1,2,false
2019-07-20T16:32:36.465Z,1,3,false
2019-07-20T16:33:29.281Z,1,4,false
2019-07-20T16:34:23.018Z,1,5,false
2019-07-20T16:35:15.752Z,1,6,false
2019-07-20T16:36:08.796Z,1,7,false
2019-07-20T16:37:00.812Z,1,8,false
2019-07-20T16:37:53.660Z,1,9,false
2019-07-20T16:39:15.888Z,1,1,false
2019-07-20T16:40:11.877Z,1,2,false
2019-07-20T16:41:03.987Z,1,3,false
2019-07-20T16:41:56.659Z,1,4,false
2019-07-20T16:42:50.294Z,1,5,false
2019-07-20T16:43:42.967Z,1,6,false
2019-07-20T16:44:35.940Z,1,7,false
2019-07-20T16:45:28.885Z,1,8,false
2019-07-20T16:46:22.084Z,1,9,false
2019-07-20T16:47:44.823Z,1,1,false
2019-07-20T16:48:37.015Z,1,2,false
2019-07-20T16:49:29.885Z,1,3,false
2019-07-20T16:50:22.816Z,1,4,false
2019-07-20T16:51:16.200Z,1,5,false
2019-07-20T16:52:08.758Z,1,6,false
2019-07-20T16:53:01.783Z,1,7,false
2019-07-20T16:53:54.214Z,1,8,false
2019-07-20T16:54:46.851Z,1,9,false
2019-07-20T16:56:10.122Z,1,1,false
2019-07-20T16:57:02.198Z,1,2,false
2019-07-20T16:57:54.247Z,1,3,false
2019-07-20T16:58:47.044Z,1,4,false
2019-07-20T16:59:40.244Z,1,5,false
2019-07-20T17:00:32.901Z,1,6,false
2019-07-20T17:01:25.723Z,1,7,false
2019-07-20T17:02:17.970Z,1,8,false
2019-07-20T17:03:10.296Z,1,9,false
2019-07-20T17:04:32.874Z,1,1,false
2019-07-20T17:05:25.515Z,1,2,false
2019-07-20T17:06:17.941Z,1,3,false
2019-07-20T17:07:10.910Z,1,4,false
2019-07-20T17:08:03.889Z,1,5,false
2019-07-20T17:08:56.488Z,1,6,false
2019-07-20T17:09:49.592Z,1,7,false
2019-07-20T17:10:42.147Z,1,8,false
2019-07-20T17:11:35.046Z,1,9,false
2019-07-20T17:12:57.972Z,1,1,false
2019-07-20T17:13:50.518Z,1,2,false
2019-07-20T17:14:43.163Z,1,3,false
2019-07-20T17:15:35.719Z,1,4,false
2019-07-20T17:16:29.476Z,1,5,false
2019-07-20T17:17:22.177Z,1,6,false
2019-07-20T17:18:14.935Z,1,7,false
2019-07-20T17:19:06.515Z,1,8,false
2019-07-20T17:19:59.062Z,1,9,false
2019-07-20T17:21:21.637Z,1,1,false
2019-07-20T17:22:13.623Z,1,2,false
2019-07-20T17:23:05.748Z,1,3,false
2019-07-20T17:23:58.006Z,1,4,false
2019-07-20T17:24:51.289Z,1,5,false
2019-07-20T17:25:44.060Z,1,6,false
2019-07-20T17:26:36.615Z,1,7,false
2019-07-20T17:27:29.252Z,1,8,false
2019-07-20T17:28:21.983Z,1,9,false
2019-07-20T17:29:44.077Z,1,1,false
2019-07-20T17:30:36.415Z,1,2,false
2019-07-20T17:31:28.951Z,1,3,false
2019-07-20T17:32:21.829Z,1,4,false
2019-07-20T17:33:15.023Z,1,5,false
2019-07-20T17:34:07.640Z,1,6,false
2019-07-20T17:35:00.573Z,1,7,false
2019-07-20T17:35:52.897Z,1,8,false
2019-07-20T17:36:45.364Z,1,9,false
2019-07-20T17:38:07.889Z,1,1,false
2019-07-20T17:39:00.055Z,1,2,false
2019-07-20T17:39:52.210Z,1,3,false
2019-07-20T17:40:45.466Z,1,4,false
2019-07-20T17:41:38.559Z,1,5,false
2019-07-20T17:42:31.885Z,1,6,false
2019-07-20T17:43:24.903Z,1,7,false
2019-07-20T17:44:19.329Z,1,8,false
2019-07-20T17:45:11.849Z,1,9,false
2019-07-20T17:46:34.967Z,1,1,false
2019-07-20T17:47:31.523Z,1,2,false
2019-07-20T17:48:23.472Z,1,3,false
2019-07-20T17:49:16.278Z,1,4,false
2019-07-20T17:50:09.475Z,1,5,false
2019-07-20T17:51:02.299Z,1,6,false
2019-07-20T17:51:55.162Z,1,7,false
2019-07-20T17:52:47.552Z,1,8,false
2019-07-20T17:53:40.370Z,1,9,false
2019-07-20T17:55:02.892Z,1,1,false
2019-07-20T17:55:55.173Z,1,2,false
2019-07-20T17:56:47.369Z,1,3,false
2019-07-20T17:57:39.610Z,1,4,false
2019-07-20T17:58:32.910Z,1,5,false
2019-07-20T17:59:25.841Z,1,6,false
2019-07-20T18:00:18.172Z,1,7,false
2019-07-20T18:01:10.529Z,1,8,false
2019-07-20T18:02:03.175Z,1,9,false
2019-07-20T18:03:25.641Z,1,1,false
2019-07-20T18:04:18.017Z,1,2,false
2019-07-20T18:05:10.242Z,1,3,false
2019-07-20T18:06:03.151Z,1,4,false
2019-07-20T18:06:56.453Z,1,5,false
2019-07-20T18:07:49.510Z,1,6,false
2019-07-20T18:08:42.755Z,1,7,false
2019-07-20T18:09:35.310Z,1,8,false
2019-07-20T18:10:27.586Z,1,9,false
2019-07-20T18:11:50.378Z,1,1,false
2019-07-20T18:12:42.144Z,1,2,false
2019-07-20T18:13:34.369Z,1,3,false
2019-07-20T18:14:26.967Z,1,4,false
2019-07-20T18:15:20.588Z,1,5,false
2019-07-20T18:16:12.748Z,1,6,false
2019-07-20T18:17:05.843Z,1,7,false
2019-07-20T18:17:58.024Z,1,8,false
2019-07-20T18:18:50.359Z,1,9,false
2019-07-20T18:20:13.072Z,1,1,false
2019-07-20T18:21:06.799Z,1,2,false
2019-07-20T18:21:58.766Z,1,3,false
2019-07-20T18:22:51.521Z,1,4,false
2019-07-20T18:23:44.924Z,1,5,false
2019-07-20T18:24:37.391Z,1,6,false
2019-07-20T18:25:30.535Z,1,7,false
2019-07-20T18:26:23.293Z,1,8,false
2019-07-20T18:27:16.173Z,1,9,false
2019-07-20T18:28:39.267Z,1,1,false
2019-07-20T18:29:31.395Z,1,2,false
2019-07-20T18:30:24.391Z,1,3,false
2019-07-20T18:31:17.032Z,1,4,false
2019-07-20T18:32:09.882Z,1,5,false
2019-07-20T18:33:02.721Z,1,6,false
2019-07-20T18:33:55.670Z,1,7,false
2019-07-20T18:34:48.535Z,1,8,false
2019-07-20T18:35:41.586Z,1,9,false
2019-07-20T18:37:04.147Z,1,1,false
2019-07-20T18:37:56.736Z,1,2,false
2019-07-20T18:38:48.757Z,1,3,false
2019-07-20T18:39:41.541Z,1,4,false
2019-07-20T18:40:34.955Z,1,5,false
2019-07-20T18:41:28.175Z,1,6,false
2019-07-20T18:42:21.913Z,1,7,false
2019-07-20T18:43:15.016Z,1,8,false
2019-07-20T18:44:08.003Z,1,9,false
2019-07-20T18:45:30.871Z,1,1,false
2019-07-20T18:46:22.487Z,1,2,false
2019-07-20T18:47:14.722Z,1,3,false
2019-07-20T18:48:07.444Z,1,4,false
2019-07-20T18:49:00.614Z,1,5,false
2019-07-20T18:49:53.430Z,1,6,false
2019-07-20T18:50:46.190Z,1,7,false
2019-07-20T18:51:38.537Z,1,8,false
2019-07-20T18:52:31.706Z,1,9,false
2019-07-20T18:53:54.388Z,1,1,false
2019-07-20T18:54:46.632Z,1,2,false
2019-07-20T18:55:38.942Z,1,3,false
2019-07-20T18:56:31.859Z,1,4,false
2019-07-20T18:57:25.571Z,1,5,false
2019-07-20T18:58:18.162Z,1,6,false
2019-07-20T18:59:11.034Z,1,7,false
2019-07-20T19:00:03.691Z,1,8,false
2019-07-20T19:00:56.645Z,1,9,false
2019-07-20T19:02:19.524Z,1,1,false
2019-07-20T19:03:11.644Z,1,2,false
2019-07-20T19:04:04.631Z,1,3,false
2019-07-20T19:04:57.846Z,1,4,false
2019-07-20T19:05:50.990Z,1,5,false
2019-07-20T19:06:43.799Z,1,6,false
2019-07-20T19:07:37.345Z,1,7,false
2019-07-20T19:08:29.459Z,1,8,false
2019-07-20T19:09:22.605Z,1,9,false
2019-07-20T19:10:45.748Z,1,1,false
2019-07-20T19:11:38.192Z,1,2,false
2019-07-20T19:12:30.407Z,1,3,false
2019-07-20T19:13:23.264Z,1,4,false
2019-07-20T19:14:17.032Z,1,5,false
2019-07-20T19:15:09.504Z,1,6,false
2019-07-20T19:16:02.370Z,1,7,false
2019-07-20T19:16:54.505Z,1,8,false
2019-07-20T19:17:47.179Z,1,9,false
2019-07-20T19:19:09.748Z,1,1,false
2019-07-20T19:20:01.980Z,1,2,false
2019-07-20T19:20:54.032Z,1,3,false
2019-07-20T19:21:47.006Z,1,4,false
2019-07-20T19:22:40.495Z,1,5,false
2019-07-20T19:23:33.176Z,1,6,false
2019-07-20T19:24:26.174Z,1,7,false
2019-07-20T19:25:18.467Z,1,8,false
2019-07-20T19:26:11.615Z,1,9,false
2019-07-20T19:27:34.260Z,1,1,false
2019-07-20T19:28:26.304Z,1,2,false
2019-07-20T19:29:18.581Z,1,3,false
2019-07-20T19:30:11.478Z,1,4,false
2019-07-20T19:31:04.744Z,1,5,false
2019-07-20T19:31:57.447Z,1,6,false
2019-07-20T19:32:50.788Z,1,7,false
2019-07-20T19:33:43.606Z,1,8,false
2019-07-20T19:34:36.387Z,1,9,false
2019-07-20T19:35:59.433Z,1,1,false
2019-07-20T19:36:52.094Z,1,2,false
2019-07-20T19:37:44.261Z,1,3,false
2019-07-20T19:38:36.972Z,1,4,false
2019-07-20T19:39:30.370Z,1,5,false
2019-07-20T19:40:22.738Z,1,6,false
2019-07-20T19:41:15.744Z,1,7,false
2019-07-20T19:42:08.038Z,1,8,false
2019-07-20T19:43:00.483Z,1,9,false
2019-07-20T19:44:23.438Z,1,1,false
2019-07-20T19:45:15.774Z,1,2,false
2019-07-20T19:46:08.306Z,1,3,false
2019-07-20T19:47:01.405Z,1,4,false
2019-07-20T19:47:55.040Z,1,5,false
2019-07-20T19:48:47.907Z,1,6,false
2019-07-20T19:49:40.575Z,1,7,false
2019-07-20T19:50:33.561Z,1,8,false
2019-07-20T19:51:26.269Z,1,9,false
2019-07-20T19:52:49.090Z,1,1,false
2019-07-20T19:53:41.046Z,1,2,false
2019-07-20T19:54:33.431Z,1,3,false
2019-07-20T19:55:26.256Z,1,4,false
2019-07-20T19:56:19.815Z,1,5,false
2019-07-20T19:57:12.389Z,1,6,false
2019-07-20T19:58:05.598Z,1,7,false
2019-07-20T19:58:57.579Z,1,8,false
2019-07-20T19:59:50.457Z,1,9,false
2019-07-20T20:01:12.356Z,1,1,false
2019-07-20T20:02:07.202Z,1,2,false
2019-07-20T20:02:59.501Z,1,3,false
2019-07-20T20:03:53.132Z,1,4,false
2019-07-20T20:04:46.103Z,1,5,false
2019-07-20T20:05:39.785Z,1,6,false
2019-07-20T20:06:32.458Z,1,7,false
2019-07-20T20:07:25.277Z,1,8,false
2019-07-20T20:08:17.936Z,1,9,false
2019-07-20T20:09:41.060Z,1,1,false
2019-07-20T20:10:33.829Z,1,2,false
2019-07-20T20:11:26.168Z,1,3,false
2019-07-20T20:12:19.456Z,1,4,false
2019-07-20T20:13:13.127Z,1,5,false
2019-07-20T20:14:05.469Z,1,6,false
2019-07-20T20:14:58.181Z,1,7,false
2019-07-20T20:15:51.162Z,1,8,false
2019-07-20T20:16:44.037Z,1,9,false
2019-07-20T20:18:07.306Z,1,1,false
2019-07-20T20:18:59.646Z,1,2,false
2019-07-20T20:19:52.053Z,1,3,false
2019-07-20T20:20:44.505Z,1,4,false
2019-07-20T20:21:38.122Z,1,5,false
2019-07-20T20:22:30.907Z,1,6,false
2019-07-20T20:23:23.776Z,1,7,false
2019-07-20T20:24:15.646Z,1,8,false
2019-07-20T20:25:08.699Z,1,9,false
2019-07-20T20:26:31.906Z,1,1,false
2019-07-20T20:27:24.151Z,1,2,false
2019-07-20T20:28:16.434Z,1,3,false
2019-07-20T20:29:09.034Z,1,4,false
2019-07-20T20:30:01.702Z,1,5,false
2019-07-20T20:30:54.584Z,1,6,false
2019-07-20T20:31:47.327Z,1,7,false
2019-07-20T20:32:40.000Z,1,8,false
2019-07-20T20:33:32.816Z,1,9,false
2019-07-20T20:34:55.896Z,1,1,false
2019-07-20T20:35:48.484Z,1,2,false
2019-07-20T20:36:41.335Z,1,3,false
2019-07-20T20:37:34.374Z,1,4,false
2019-07-20T20:38:27.697Z,1,5,false
2019-07-20T20:39:19.907Z,1,6,false
2019-07-20T20:40:12.682Z,1,7,false
2019-07-20T20:41:04.672Z,1,8,false
2019-07-20T20:41:57.352Z,1,9,false
2019-07-20T20:43:20.741Z,1,1,false
2019-07-20T20:44:13.225Z,1,2,false
2019-07-20T20:45:05.679Z,1,3,false
2019-07-20T20:45:59.014Z,1,4,false
2019-07-20T20:46:52.133Z,1,5,false
2019-07-20T20:47:45.024Z,1,6,false
2019-07-20T20:48:37.763Z,1,7,false
2019-07-20T20:49:30.332Z,1,8,false
2019-07-20T20:50:22.867Z,1,9,false
2019-07-20T20:51:45.203Z,1,1,false
2019-07-20T20:52:37.731Z,1,2,false
2019-07-20T20:53:30.311Z,1,3,false
2019-07-20T20:54:23.493Z,1,4,false
2019-07-20T20:55:16.771Z,1,5,false
2019-07-20T20:56:09.467Z,1,6,false
2019-07-20T20:57:02.800Z,1,7,false
2019-07-20T20:57:55.521Z,1,8,false
2019-07-20T20:58:48.442Z,1,9,false
2019-07-20T21:00:11.579Z,1,1,false
2019-07-20T21:01:03.868Z,1,2,false
2019-07-20T21:01:56.317Z,1,3,false
2019-07-20T21:02:50.715Z,1,4,false
2019-07-20T21:03:44.10Z,1,5,false
2019-07-20T21:04:36.973Z,1,6,false
2019-07-20T21:05:30.255Z,1,7,false
2019-07-20T21:06:22.316Z,1,8,false
2019-07-20T21:07:15.536Z,1,9,false
2019-07-20T21:08:38.053Z,1,1,false
2019-07-20T21:09:30.024Z,1,2,false
2019-07-20T21:10:22.616Z,1,3,false
2019-07-20T21:11:16.008Z,1,4,false
2019-07-20T21:12:09.619Z,1,5,false
2019-07-20T21:13:02.293Z,1,6,false
2019-07-20T21:13:54.778Z,1,7,false
2019-07-20T21:14:47.588Z,1,8,false
2019-07-20T21:15:40.359Z,1,9,false
2019-07-20T21:17:02.934Z,1,1,false
2019-07-20T21:17:55.751Z,1,2,false
2019-07-20T21:18:47.912Z,1,3,false
2019-07-20T21:19:41.161Z,1,4,false
2019-07-20T21:20:33.909Z,1,5,false
2019-07-20T21:21:26.633Z,1,6,false
2019-07-20T21:22:19.474Z,1,7,false
2019-07-20T21:23:11.831Z,1,8,false
2019-07-20T21:24:05.410Z,1,9,false
2019-07-20T21:25:27.544Z,1,1,false
2019-07-20T21:26:19.766Z,1,2,false
2019-07-20T21:27:11.606Z,1,3,false
2019-07-20T21:28:04.795Z,1,4,false
2019-07-20T21:28:58.171Z,1,5,false
2019-07-20T21:29:50.856Z,1,6,false
2019-07-20T21:30:43.854Z,1,7,false
2019-07-20T21:31:36.185Z,1,8,false
2019-07-20T21:32:28.868Z,1,9,false
2019-07-20T21:33:51.788Z,1,1,false
2019-07-20T21:34:44.124Z,1,2,false
2019-07-20T21:35:36.864Z,1,3,false
2019-07-20T21:36:29.390Z,1,4,false
2019-07-20T21:37:22.605Z,1,5,false
2019-07-20T21:38:15.314Z,1,6,false
2019-07-20T21:39:08.410Z,1,7,false
2019-07-20T21:40:00.579Z,1,8,false
2019-07-20T21:40:53.249Z,1,9,false
2019-07-20T21:42:16.288Z,1,1,false
2019-07-20T21:43:08.671Z,1,2,false
2019-07-20T21:44:00.702Z,1,3,false
2019-07-20T21:44:53.694Z,1,4,false
2019-07-20T21:45:46.367Z,1,5,false
2019-07-20T21:46:39.143Z,1,6,false
2019-07-20T21:47:32.091Z,1,7,false
2019-07-20T21:48:24.531Z,1,8,false
2019-07-20T21:49:17.531Z,1,9,false
2019-07-20T21:50:40.333Z,1,1,false
2019-07-20T21:51:32.690Z,1,2,false
2019-07-20T21:52:25.395Z,1,3,false
2019-07-20T21:53:18.330Z,1,4,false
2019-07-20T21:54:11.254Z,1,5,false
2019-07-20T21:55:03.273Z,1,6,false
2019-07-20T21:55:55.968Z,1,7,false
2019-07-20T21:56:48.355Z,1,8,false
2019-07-20T21:57:41.342Z,1,9,false
2019-07-20T21:59:04.471Z,1,1,false
2019-07-20T21:59:57.326Z,1,2,false
2019-07-20T22:00:50.013Z,1,3,false
2019-07-20T22:01:43.480Z,1,4,false
2019-07-20T22:02:36.597Z,1,5,false
2019-07-20T22:03:29.408Z,1,6,false
2019-07-20T22:04:22.203Z,1,7,false
2019-07-20T22:05:14.783Z,1,8,false
2019-07-20T22:06:07.311Z,1,9,false
2019-07-20T22:07:30.089Z,1,1,false
2019-07-20T22:08:22.266Z,1,2,false
2019-07-20T22:09:14.371Z,1,3,false
2019-07-20T22:10:07.420Z,1,4,false
2019-07-20T22:11:00.683Z,1,5,false
2019-07-20T22:11:53.040Z,1,6,false
2019-07-20T22:12:45.469Z,1,7,false
2019-07-20T22:13:38.304Z,1,8,false
2019-07-20T22:14:31.290Z,1,9,false
2019-07-20T22:15:54.323Z,1,1,false
2019-07-20T22:16:46.557Z,1,2,false
2019-07-20T22:17:39.338Z,1,3,false
2019-07-20T22:18:32.058Z,1,4,false
2019-07-20T22:19:25.530Z,1,5,false
2019-07-20T22:20:17.780Z,1,6,false
2019-07-20T22:21:10.595Z,1,7,false
2019-07-20T22:22:03.10Z,1,8,false
2019-07-20T22:22:55.924Z,1,9,false
2019-07-20T22:24:19.126Z,1,1,false
2019-07-20T22:25:11.854Z,1,2,false
2019-07-20T22:26:03.850Z,1,3,false
2019-07-20T22:26:56.876Z,1,4,false
2019-07-20T22:27:50.356Z,1,5,false
2019-07-20T22:28:43.053Z,1,6,false
2019-07-20T22:29:36.164Z,1,7,false
2019-07-20T22:30:28.728Z,1,8,false
2019-07-20T22:31:21.361Z,1,9,false
2019-07-20T22:32:44.315Z,1,1,false
2019-07-20T22:33:36.360Z,1,2,false
2019-07-20T22:34:28.971Z,1,3,false
2019-07-20T22:35:22.100Z,1,4,false
2019-07-20T22:36:14.934Z,1,5,false
2019-07-20T22:37:07.732Z,1,6,false
2019-07-20T22:38:01.591Z,1,7,false
2019-07-20T22:38:58.578Z,1,8,false
2019-07-20T22:39:51.823Z,1,9,false
2019-07-20T22:41:14.772Z,1,1,false
2019-07-20T22:42:07.481Z,1,2,false
2019-07-20T22:43:00.496Z,1,3,false
2019-07-20T22:43:53.488Z,1,4,false
2019-07-20T22:44:47.639Z,1,5,false
2019-07-20T22:45:40.588Z,1,6,false
2019-07-20T22:46:33.624Z,1,7,false
2019-07-20T22:47:25.972Z,1,8,false
2019-07-20T22:48:20.477Z,1,9,false
2019-07-20T22:49:42.843Z,1,1,false
2019-07-20T22:50:35.135Z,1,2,false
2019-07-20T22:51:27.305Z,1,3,false
2019-07-20T22:52:20.346Z,1,4,false
2019-07-20T22:53:13.210Z,1,5,false
2019-07-20T22:54:06.308Z,1,6,false
2019-07-20T22:54:58.644Z,1,7,false
2019-07-20T22:55:51.013Z,1,8,false
2019-07-20T22:56:43.982Z,1,9,false
2019-07-20T22:58:06.892Z,1,1,false
2019-07-20T22:58:59.448Z,1,2,false
2019-07-20T22:59:51.523Z,1,3,false
2019-07-20T23:00:44.431Z,1,4,false
2019-07-20T23:01:37.520Z,1,5,false
2019-07-20T23:02:30.221Z,1,6,false
2019-07-20T23:03:23.155Z,1,7,false
2019-07-20T23:04:15.731Z,1,8,false
2019-07-20T23:05:08.580Z,1,9,false
2019-07-20T23:06:31.362Z,1,1,false
2019-07-20T23:07:23.528Z,1,2,false
2019-07-20T23:08:16.156Z,1,3,false
2019-07-20T23:09:08.710Z,1,4,false
2019-07-20T23:10:01.192Z,1,5,false
2019-07-20T23:10:54.025Z,1,6,false
2019-07-20T23:11:46.986Z,1,7,false
2019-07-20T23:12:39.232Z,1,8,false
2019-07-20T23:13:32.013Z,1,9,false
2019-07-20T23:14:54.971Z,1,1,false
2019-07-20T23:15:47.453Z,1,2,false
2019-07-20T23:16:39.488Z,1,3,false
2019-07-20T23:17:32.542Z,1,4,false
2019-07-20T23:18:26.155Z,1,5,false
2019-07-20T23:19:18.746Z,1,6,false
2019-07-20T23:20:11.615Z,1,7,false
2019-07-20T23:21:04.196Z,1,8,false
2019-07-20T23:21:56.907Z,1,9,false
2019-07-20T23:23:20.068Z,1,1,false
2019-07-20T23:24:12.100Z,1,2,false
2019-07-20T23:25:04.588Z,1,3,false
2019-07-20T23:25:57.213Z,1,4,false
2019-07-20T23:26:50.592Z,1,5,false
2019-07-20T23:27:43.549Z,1,6,false
2019-07-20T23:28:36.459Z,1,7,false
2019-07-20T23:29:28.788Z,1,8,false
2019-07-20T23:30:21.523Z,1,9,false
2019-07-20T23:31:44.463Z,1,1,false
2019-07-20T23:32:37.053Z,1,2,false
2019-07-20T23:33:28.829Z,1,3,false
2019-07-20T23:34:22.796Z,1,4,false
2019-07-20T23:35:15.944Z,1,5,false
2019-07-20T23:36:08.414Z,1,6,false
2019-07-20T23:37:01.349Z,1,7,false
2019-07-20T23:37:54.088Z,1,8,false
2019-07-20T23:38:47.087Z,1,9,false
2019-07-20T23:40:10.152Z,1,1,false
2019-07-20T23:41:02.578Z,1,2,false
2019-07-20T23:41:54.740Z,1,3,false
2019-07-20T23:42:47.619Z,1,4,false
2019-07-20T23:43:41.000Z,1,5,false
2019-07-20T23:44:34.543Z,1,6,false
2019-07-20T23:45:28.778Z,1,7,false
2019-07-20T23:46:21.154Z,1,8,false
2019-07-20T23:47:14.114Z,1,9,false
2019-07-20T23:48:37.070Z,1,1,false
2019-07-20T23:49:29.176Z,1,2,false
2019-07-20T23:50:20.989Z,1,3,false
2019-07-20T23:51:13.468Z,1,4,false
2019-07-20T23:52:06.817Z,1,5,false
2019-07-20T23:52:59.845Z,1,6,false
2019-07-20T23:53:52.655Z,1,7,false
2019-07-20T23:54:45.445Z,1,8,false
2019-07-20T23:55:38.418Z,1,9,false
2019-07-20T23:57:01.172Z,1,1,false
2019-07-20T23:57:53.360Z,1,2,false
2019-07-20T23:58:45.571Z,1,3,false
2019-07-20T23:59:31.021Z,1,4,false
2019-07-21T00:00:17.183Z,1,5,false
2019-07-21T00:01:02.354Z,1,6,false
2019-07-21T00:01:55.498Z,1,7,false
2019-07-21T00:02:48.998Z,1,8,false
2019-07-21T00:03:43.351Z,1,9,false
2019-07-21T00:05:07.484Z,1,1,false
2019-07-21T00:05:59.155Z,1,2,false
2019-07-21T00:06:50.128Z,1,3,false
2019-07-21T00:07:44.595Z,1,4,false
2019-07-21T00:08:39.542Z,1,5,false
2019-07-21T00:09:17.873Z,1,6,false
2019-07-21T00:09:55.619Z,1,7,false
2019-07-21T00:10:49.543Z,1,8,false
2019-07-21T00:11:43.527Z,1,9,false
2019-07-21T00:13:08.057Z,1,1,false
2019-07-21T00:13:58.254Z,1,2,false
2019-07-21T00:14:52.213Z,1,3,false
2019-07-21T00:15:50.069Z,1,4,false
2019-07-21T00:16:45.768Z,1,5,false
2019-07-21T00:17:21.742Z,1,6,false
2019-07-21T00:17:58.864Z,1,7,false
2019-07-21T00:18:52.452Z,1,8,false
2019-07-21T00:19:46.634Z,1,9,false
2019-07-21T00:21:10.893Z,1,1,false
2019-07-21T00:22:16.966Z,1,2,false
2019-07-21T00:23:10.688Z,1,3,false
2019-07-21T00:24:05.213Z,1,4,false
2019-07-21T00:24:59.783Z,1,5,false
2019-07-21T00:25:54.822Z,1,6,false
2019-07-21T00:26:29.163Z,1,7,false
2019-07-21T00:27:23.257Z,1,8,false
2019-07-21T00:28:17.767Z,1,9,false
2019-07-21T00:29:41.704Z,1,1,false
2019-07-21T00:30:46.554Z,1,2,false
2019-07-21T00:31:40.745Z,1,3,false
2019-07-21T00:32:35.189Z,1,4,false
2019-07-21T00:33:30.366Z,1,5,false
2019-07-21T00:34:04.919Z,1,6,false
2019-07-21T00:34:43.651Z,1,7,false
2019-07-21T00:35:37.739Z,1,8,false
2019-07-21T00:36:31.848Z,1,9,false
2019-07-21T00:37:55.922Z,1,1,false
2019-07-21T00:38:58.437Z,1,2,false
2019-07-21T00:39:52.483Z,1,3,false
2019-07-21T00:40:46.740Z,1,4,false
2019-07-21T00:41:41.879Z,1,5,false
2019-07-21T00:42:36.349Z,1,6,false
2019-07-21T00:43:14.117Z,1,7,false
2019-07-21T00:44:07.914Z,1,8,false
2019-07-21T00:45:01.996Z,1,9,false
2019-07-21T00:46:25.889Z,1,1,false
2019-07-21T00:47:31.833Z,1,2,false
2019-07-21T00:48:25.885Z,1,3,false
2019-07-21T00:49:19.699Z,1,4,false
2019-07-21T00:50:14.371Z,1,5,false
2019-07-21T00:50:49.337Z,1,6,false
2019-07-21T00:51:28.165Z,1,7,false
2019-07-21T00:52:23.785Z,1,8,false
2019-07-21T00:53:18.464Z,1,9,false
2019-07-21T00:54:42.821Z,1,1,false
2019-07-21T00:55:48.271Z,1,2,false
2019-07-21T00:56:42.337Z,1,3,false
2019-07-21T00:57:36.348Z,1,4,false
2019-07-21T00:58:31.092Z,1,5,false
2019-07-21T00:59:24.724Z,1,6,false
2019-07-21T01:00:02.501Z,1,7,false
2019-07-21T01:00:56.602Z,1,8,false
2019-07-21T01:01:50.579Z,1,9,false
2019-07-21T01:03:14.539Z,1,1,false
2019-07-21T01:04:16.365Z,1,2,false
2019-07-21T01:05:10.146Z,1,3,false
2019-07-21T01:06:04.581Z,1,4,false
2019-07-21T01:06:59.296Z,1,5,false
2019-07-21T01:07:53.847Z,1,6,false
2019-07-21T01:08:29.446Z,1,7,false
2019-07-21T01:09:17.891Z,1,8,false
2019-07-21T01:10:11.729Z,1,9,false
2019-07-21T01:11:36.221Z,1,1,false
2019-07-21T01:12:30.193Z,1,2,false
2019-07-21T01:13:22.897Z,1,3,false
2019-07-21T01:14:17.139Z,1,4,false
2019-07-21T01:15:11.628Z,1,5,false
2019-07-21T01:15:49.331Z,1,6,false
2019-07-21T01:16:29.671Z,1,7,false
2019-07-21T01:17:23.607Z,1,8,false
2019-07-21T01:18:18.161Z,1,9,false
2019-07-21T01:19:42.335Z,1,1,false
2019-07-21T01:20:35.378Z,1,2,false
2019-07-21T01:21:28.936Z,1,3,false
2019-07-21T01:22:23.765Z,1,4,false
2019-07-21T01:23:18.220Z,1,5,false
2019-07-21T01:23:54.511Z,1,6,false
2019-07-21T01:24:36.402Z,1,7,false
2019-07-21T01:25:30.595Z,1,8,false
2019-07-21T01:26:23.990Z,1,9,false
2019-07-21T01:27:48.824Z,1,1,false
2019-07-21T01:28:52.633Z,1,2,false
2019-07-21T01:29:46.800Z,1,3,false
2019-07-21T01:30:41.211Z,1,4,false
2019-07-21T01:31:36.300Z,1,5,false
2019-07-21T01:32:30.602Z,1,6,false
2019-07-21T01:33:05.385Z,1,7,false
2019-07-21T01:33:59.202Z,1,8,false
2019-07-21T01:34:53.410Z,1,9,false
2019-07-21T01:36:17.813Z,1,1,false
2019-07-21T01:37:23.437Z,1,2,false
2019-07-21T01:38:17.626Z,1,3,false
2019-07-21T01:39:12.041Z,1,4,false
2019-07-21T01:40:06.927Z,1,5,false
2019-07-21T01:41:02.770Z,1,6,false
2019-07-21T01:41:37.886Z,1,7,false
2019-07-21T01:42:24.179Z,1,8,false
2019-07-21T01:43:18.101Z,1,9,false
2019-07-21T01:44:42.567Z,1,1,false
2019-07-21T01:45:35.414Z,1,2,false
2019-07-21T01:46:27.620Z,1,3,false
2019-07-21T01:47:21.947Z,1,4,false
2019-07-21T01:48:16.698Z,1,5,false
2019-07-21T01:48:54.709Z,1,6,false
2019-07-21T01:49:31.578Z,1,7,false
2019-07-21T01:50:25.803Z,1,8,false
2019-07-21T01:51:20.062Z,1,9,false
2019-07-21T01:52:43.998Z,1,1,false
2019-07-21T01:53:47.837Z,1,2,false
2019-07-21T01:54:41.740Z,1,3,false
2019-07-21T01:55:35.831Z,1,4,false
2019-07-21T01:56:30.761Z,1,5,false
2019-07-21T01:57:07.366Z,1,6,false
2019-07-21T01:57:49.062Z,1,7,false
2019-07-21T01:58:43.035Z,1,8,false
2019-07-21T01:59:37.181Z,1,9,false
2019-07-21T02:01:01.531Z,1,1,false
2019-07-21T02:01:53.194Z,1,2,false
2019-07-21T02:02:43.600Z,1,3,false
2019-07-21T02:03:37.930Z,1,4,false
2019-07-21T02:04:32.873Z,1,5,false
2019-07-21T02:05:27.445Z,1,6,false
2019-07-21T02:06:04.609Z,1,7,false
2019-07-21T02:06:58.526Z,1,8,false
2019-07-21T02:07:52.564Z,1,9,false
2019-07-21T02:09:16.560Z,1,1,false
2019-07-21T02:10:21.150Z,1,2,false
2019-07-21T02:11:14.767Z,1,3,false
2019-07-21T02:12:09.143Z,1,4,false
2019-07-21T02:13:04.478Z,1,5,false
2019-07-21T02:13:43.478Z,1,6,false
2019-07-21T02:14:25.434Z,1,7,false
2019-07-21T02:15:18.741Z,1,8,false
2019-07-21T02:16:12.912Z,1,9,false
2019-07-21T02:17:37.312Z,1,1,false
2019-07-21T02:18:43.717Z,1,2,false
2019-07-21T02:19:37.665Z,1,3,false
2019-07-21T02:20:31.798Z,1,4,false
2019-07-21T02:21:26.200Z,1,5,false
2019-07-21T02:22:21.363Z,1,6,false
2019-07-21T02:22:58.080Z,1,7,false
2019-07-21T02:23:52.629Z,1,8,false
2019-07-21T02:24:46.735Z,1,9,false
2019-07-21T02:26:11.299Z,1,1,false
2019-07-21T02:27:16.026Z,1,2,false
2019-07-21T02:28:09.842Z,1,3,false
2019-07-21T02:29:04.054Z,1,4,false
2019-07-21T02:29:58.846Z,1,5,false
2019-07-21T02:30:52.681Z,1,6,false
2019-07-21T02:31:27.573Z,1,7,false
2019-07-21T02:32:14.476Z,1,8,false
2019-07-21T02:33:08.144Z,1,9,false
2019-07-21T02:34:32.325Z,1,1,false
2019-07-21T02:35:24.182Z,1,2,false
2019-07-21T02:36:15.251Z,1,3,false
2019-07-21T02:37:09.262Z,1,4,false
2019-07-21T02:38:03.897Z,1,5,false
2019-07-21T02:38:43.053Z,1,6,false
2019-07-21T02:39:26.892Z,1,7,false
2019-07-21T02:40:21.059Z,1,8,false
2019-07-21T02:41:15.227Z,1,9,false
2019-07-21T02:42:39.566Z,1,1,false
2019-07-21T02:43:34.048Z,1,2,false
2019-07-21T02:44:25.633Z,1,3,false
2019-07-21T02:45:19.944Z,1,4,false
2019-07-21T02:46:15.015Z,1,5,false
2019-07-21T02:46:52.489Z,1,6,false
2019-07-21T02:47:31.916Z,1,7,false
2019-07-21T02:48:25.975Z,1,8,false
2019-07-21T02:49:20.138Z,1,9,false
2019-07-21T02:50:44.480Z,1,1,false
2019-07-21T02:51:39.490Z,1,2,false
2019-07-21T02:52:31.423Z,1,3,false
2019-07-21T02:53:26.126Z,1,4,false
2019-07-21T02:54:20.741Z,1,5,false
2019-07-21T02:54:56.176Z,1,6,false
2019-07-21T02:55:36.437Z,1,7,false
2019-07-21T02:56:30.291Z,1,8,false
2019-07-21T02:57:24.187Z,1,9,false
2019-07-21T02:58:48.549Z,1,1,false
2019-07-21T02:59:41.186Z,1,2,false
2019-07-21T03:00:34.324Z,1,3,false
2019-07-21T03:01:28.761Z,1,4,false
2019-07-21T03:02:24.213Z,1,5,false
2019-07-21T03:03:19.478Z,1,6,false
2019-07-21T03:03:56.345Z,1,7,false
2019-07-21T03:04:50.837Z,1,8,false
2019-07-21T03:05:45.043Z,1,9,false
2019-07-21T03:07:09.321Z,1,1,false
2019-07-21T03:08:16.017Z,1,2,false
2019-07-21T03:09:10.069Z,1,3,false
2019-07-21T03:10:04.333Z,1,4,false
2019-07-21T03:10:59.182Z,1,5,false
2019-07-21T03:11:53.866Z,1,6,false
2019-07-21T03:12:31.750Z,1,7,false
2019-07-21T03:13:26.158Z,1,8,false
2019-07-21T03:14:20.185Z,1,9,false
2019-07-21T03:15:44.307Z,1,1,false
2019-07-21T03:16:50.027Z,1,2,false
2019-07-21T03:17:44.160Z,1,3,false
2019-07-21T03:18:38.398Z,1,4,false
2019-07-21T03:19:33.717Z,1,5,false
2019-07-21T03:20:08.911Z,1,6,false
2019-07-21T03:20:48.738Z,1,7,false
2019-07-21T03:21:42.641Z,1,8,false
2019-07-21T03:22:36.923Z,1,9,false
2019-07-21T03:24:01.101Z,1,1,false
2019-07-21T03:25:05.995Z,1,2,false
2019-07-21T03:25:59.631Z,1,3,false
2019-07-21T03:26:53.843Z,1,4,false
2019-07-21T03:27:49.075Z,1,5,false
2019-07-21T03:28:43.674Z,1,6,false
2019-07-21T03:29:19.692Z,1,7,false
2019-07-21T03:30:13.667Z,1,8,false
2019-07-21T03:31:08.130Z,1,9,false
2019-07-21T03:32:32.487Z,1,1,false
2019-07-21T03:33:37.212Z,1,2,false
2019-07-21T03:34:31.054Z,1,3,false
2019-07-21T03:35:25.417Z,1,4,false
2019-07-21T03:36:20.063Z,1,5,false
2019-07-21T03:37:15.126Z,1,6,false
2019-07-21T03:37:52.353Z,1,7,false
2019-07-21T03:38:46.877Z,1,8,false
2019-07-21T03:39:41.003Z,1,9,false
2019-07-21T03:41:08.076Z,1,1,false
2019-07-21T03:42:19.707Z,1,2,false
2019-07-21T03:43:13.632Z,1,3,false
2019-07-21T03:44:07.980Z,1,4,false
2019-07-21T03:45:03.129Z,1,5,false
2019-07-21T03:45:57.626Z,1,6,false
2019-07-21T03:46:34.546Z,1,7,false
2019-07-21T03:47:26.609Z,1,8,false
2019-07-21T03:48:20.716Z,1,9,false
2019-07-21T03:49:45.145Z,1,1,false
2019-07-21T03:50:51.436Z,1,2,false
2019-07-21T03:51:46.181Z,1,3,false
2019-07-21T03:52:40.894Z,1,4,false
2019-07-21T03:53:36.595Z,1,5,false
2019-07-21T03:54:31.664Z,1,6,false
2019-07-21T03:55:09.263Z,1,7,false
2019-07-21T03:56:02.757Z,1,8,false
2019-07-21T03:56:56.956Z,1,9,false
2019-07-21T03:58:21.640Z,1,1,false
2019-07-21T03:59:26.969Z,1,2,false
2019-07-21T04:00:21.035Z,1,3,false
2019-07-21T04:01:14.966Z,1,4,false
2019-07-21T04:02:09.900Z,1,5,false
2019-07-21T04:03:03.121Z,1,6,false
2019-07-21T04:03:35.804Z,1,7,false
2019-07-21T04:04:28.310Z,1,8,false
2019-07-21T04:05:22.193Z,1,9,false
2019-07-21T04:06:46.014Z,1,1,false
2019-07-21T04:07:37.280Z,1,2,false
2019-07-21T04:08:31.171Z,1,3,false
2019-07-21T04:09:25.845Z,1,4,false
2019-07-21T04:10:22.086Z,1,5,false
2019-07-21T04:11:00.489Z,1,6,false
2019-07-21T04:11:44.058Z,1,7,false
2019-07-21T04:12:37.870Z,1,8,false
2019-07-21T04:13:31.987Z,1,9,false
2019-07-21T04:14:56.027Z,1,1,false
2019-07-21T04:15:54.078Z,1,2,false
2019-07-21T04:16:47.920Z,1,3,false
2019-07-21T04:17:42.505Z,1,4,false
2019-07-21T04:18:37.162Z,1,5,false
2019-07-21T04:19:31.827Z,1,6,false
2019-07-21T04:20:10.226Z,1,7,false
2019-07-21T04:21:03.781Z,1,8,false
2019-07-21T04:21:57.754Z,1,9,false
2019-07-21T04:23:22.628Z,1,1,false
2019-07-21T04:26:03.938Z,1,2,false
2019-07-21T04:26:55.092Z,1,3,false
2019-07-21T04:27:51.499Z,1,4,false
2019-07-21T04:28:19.730Z,1,5,false
2019-07-21T04:29:10.924Z,1,6,false
2019-07-21T04:30:04.746Z,1,7,false
2019-07-21T04:30:58.607Z,1,8,false
2019-07-21T04:31:52.696Z,1,9,false
2019-07-21T04:33:16.958Z,1,1,false
2019-07-21T04:34:21.122Z,1,2,false
2019-07-21T04:35:14.910Z,1,3,false
2019-07-21T04:35:54.492Z,1,4,false
2019-07-21T04:36:37.394Z,1,5,false
2019-07-21T04:37:30.938Z,1,6,false
2019-07-21T04:38:25.530Z,1,7,false
2019-07-21T04:39:19.968Z,1,8,false
2019-07-21T04:40:13.936Z,1,9,false
2019-07-21T04:41:38.049Z,1,1,false
2019-07-21T04:42:42.726Z,1,2,false
2019-07-21T04:43:36.634Z,1,3,false
2019-07-21T04:44:16.509Z,1,4,false
2019-07-21T04:44:59.699Z,1,5,false
2019-07-21T04:45:53.765Z,1,6,false
2019-07-21T04:46:47.956Z,1,7,false
2019-07-21T04:47:42.464Z,1,8,false
2019-07-21T04:48:36.916Z,1,9,false
2019-07-21T04:50:01.365Z,1,1,false
2019-07-21T04:51:06.568Z,1,2,false
2019-07-21T04:52:00.265Z,1,3,false
2019-07-21T04:52:57.258Z,1,4,false
2019-07-21T04:53:33.833Z,1,5,false
2019-07-21T04:54:28.176Z,1,6,false
2019-07-21T04:55:22.761Z,1,7,false
2019-07-21T04:56:16.871Z,1,8,false
2019-07-21T04:57:10.957Z,1,9,false
2019-07-21T04:58:34.915Z,1,1,false
2019-07-21T04:59:37.968Z,1,2,false
2019-07-21T05:00:32.435Z,1,3,false
2019-07-21T05:01:12.470Z,1,4,false
2019-07-21T05:01:54.729Z,1,5,false
2019-07-21T05:02:48.651Z,1,6,false
2019-07-21T05:03:42.593Z,1,7,false
2019-07-21T05:04:36.657Z,1,8,false
2019-07-21T05:05:30.575Z,1,9,false
2019-07-21T05:06:54.962Z,1,1,false
2019-07-21T05:07:48.229Z,1,2,false
2019-07-21T05:08:42.118Z,1,3,false
2019-07-21T05:09:37.320Z,1,4,false
2019-07-21T05:10:14.921Z,1,5,false
2019-07-21T05:11:09.403Z,1,6,false
2019-07-21T05:12:03.865Z,1,7,false
2019-07-21T05:12:57.347Z,1,8,false
2019-07-21T05:13:51.631Z,1,9,false
2019-07-21T05:15:16.097Z,1,1,false
2019-07-21T05:16:13.937Z,1,2,false
2019-07-21T05:17:07.746Z,1,3,false
2019-07-21T05:18:03.251Z,1,4,false
2019-07-21T05:18:39.982Z,1,5,false
2019-07-21T05:19:34.863Z,1,6,false
2019-07-21T05:20:29.545Z,1,7,false
2019-07-21T05:21:23.230Z,1,8,false
2019-07-21T05:22:17.566Z,1,9,false
2019-07-21T05:23:42.10Z,1,1,false
2019-07-21T05:24:44.040Z,1,2,false
2019-07-21T05:25:37.703Z,1,3,false
2019-07-21T05:26:22.185Z,1,4,false
2019-07-21T05:27:01.719Z,1,5,false
2019-07-21T05:27:53.959Z,1,6,false
2019-07-21T05:28:48.372Z,1,7,false
2019-07-21T05:29:42.804Z,1,8,false
2019-07-21T05:30:37.371Z,1,9,false
2019-07-21T05:32:01.924Z,1,1,false
2019-07-21T05:32:55.197Z,1,2,false
2019-07-21T05:33:49.026Z,1,3,false
2019-07-21T05:34:27.089Z,1,4,false
2019-07-21T05:35:10.130Z,1,5,false
2019-07-21T05:36:04.853Z,1,6,false
2019-07-21T05:36:59.006Z,1,7,false
2019-07-21T05:37:52.785Z,1,8,false
2019-07-21T05:38:47.110Z,1,9,false
2019-07-21T05:40:11.198Z,1,1,false
2019-07-21T05:41:17.674Z,1,2,false
2019-07-21T05:42:11.394Z,1,3,false
2019-07-21T05:43:06.828Z,1,4,false
2019-07-21T05:43:43.564Z,1,5,false
2019-07-21T05:44:38.099Z,1,6,false
2019-07-21T05:45:32.358Z,1,7,false
2019-07-21T05:46:26.540Z,1,8,false
2019-07-21T05:47:20.473Z,1,9,false
2019-07-21T05:48:44.450Z,1,1,false
2019-07-21T05:49:37.553Z,1,2,false
2019-07-21T05:50:31.984Z,1,3,false
2019-07-21T05:51:28.012Z,1,4,false
2019-07-21T05:52:03.056Z,1,5,false
2019-07-21T05:52:57.599Z,1,6,false
2019-07-21T05:53:52.030Z,1,7,false
2019-07-21T05:54:46.184Z,1,8,false
2019-07-21T05:55:40.647Z,1,9,false
2019-07-21T05:57:04.970Z,1,1,false
2019-07-21T05:57:56.534Z,1,2,false
2019-07-21T05:58:50.810Z,1,3,false
2019-07-21T05:59:29.150Z,1,4,false
2019-07-21T06:00:05.250Z,1,5,false
2019-07-21T06:00:59.158Z,1,6,false
2019-07-21T06:01:53.329Z,1,7,false
2019-07-21T06:02:47.316Z,1,8,false
2019-07-21T06:03:41.996Z,1,9,false
2019-07-21T06:05:06.612Z,1,1,false
2019-07-21T06:05:57.963Z,1,2,false
2019-07-21T06:06:51.988Z,1,3,false
2019-07-21T06:07:30.732Z,1,4,false
2019-07-21T06:08:13.463Z,1,5,false
2019-07-21T06:09:07.559Z,1,6,false
2019-07-21T06:10:01.767Z,1,7,false
2019-07-21T06:10:55.742Z,1,8,false
2019-07-21T06:11:50.185Z,1,9,false
2019-07-21T06:13:14.338Z,1,1,false
2019-07-21T06:14:06.893Z,1,2,false
2019-07-21T06:15:00.591Z,1,3,false
2019-07-21T06:15:39.269Z,1,4,false
2019-07-21T06:16:23.463Z,1,5,false
2019-07-21T06:17:16.132Z,1,6,false
2019-07-21T06:18:10.864Z,1,7,false
2019-07-21T06:19:04.865Z,1,8,false
2019-07-21T06:20:01.738Z,1,9,false
2019-07-21T06:21:27.655Z,1,1,false
2019-07-21T06:22:28.482Z,1,2,false
2019-07-21T06:23:22.792Z,1,3,false
2019-07-21T06:24:03.246Z,1,4,false
2019-07-21T06:24:45.498Z,1,5,false
2019-07-21T06:25:42.246Z,1,6,false
2019-07-21T06:26:36.779Z,1,7,false
2019-07-21T06:27:30.815Z,1,8,false
2019-07-21T06:28:24.930Z,1,9,false
2019-07-21T06:29:49.347Z,1,1,false
2019-07-21T06:30:44.833Z,1,2,false
2019-07-21T06:31:36.638Z,1,3,false
2019-07-21T06:32:39.837Z,1,4,false
2019-07-21T06:33:54.886Z,1,5,false
2019-07-21T06:34:49.492Z,1,6,false
2019-07-21T06:35:43.931Z,1,7,false
2019-07-21T06:36:37.603Z,1,8,false
2019-07-21T06:37:31.835Z,1,9,false
2019-07-21T06:38:55.777Z,1,1,false
2019-07-21T06:39:51.928Z,1,2,false
2019-07-21T06:40:43.759Z,1,3,false
2019-07-21T06:41:11.736Z,1,4,false
2019-07-21T06:42:04.234Z,1,5,false
2019-07-21T06:42:57.751Z,1,6,false
2019-07-21T06:43:52.491Z,1,7,false
2019-07-21T06:44:46.347Z,1,8,false
2019-07-21T06:45:40.891Z,1,9,false
2019-07-21T06:47:05.522Z,1,1,false
2019-07-21T06:48:13.097Z,1,2,false
2019-07-21T06:48:55.851Z,1,3,false
2019-07-21T06:49:46.069Z,1,4,false
2019-07-21T06:50:40.193Z,1,5,false
2019-07-21T06:51:34.700Z,1,6,false
2019-07-21T06:52:29.484Z,1,7,false
2019-07-21T06:53:23.273Z,1,8,false
2019-07-21T06:54:17.887Z,1,9,false
2019-07-21T06:55:42.540Z,1,1,false
2019-07-21T06:56:39.850Z,1,2,false
2019-07-21T06:57:29.771Z,1,3,false
2019-07-21T06:58:13.215Z,1,4,false
2019-07-21T06:59:06.990Z,1,5,false
2019-07-21T07:00:01.348Z,1,6,false
2019-07-21T07:00:55.925Z,1,7,false
2019-07-21T07:01:50.245Z,1,8,false
2019-07-21T07:02:44.357Z,1,9,false
2019-07-21T07:04:08.801Z,1,1,false
2019-07-21T07:05:01.090Z,1,2,false
2019-07-21T07:05:55.680Z,1,3,false
2019-07-21T07:06:24.708Z,1,4,false
2019-07-21T07:07:19.290Z,1,5,false
2019-07-21T07:08:12.878Z,1,6,false
2019-07-21T07:09:07.776Z,1,7,false
2019-07-21T07:10:01.749Z,1,8,false
2019-07-21T07:10:55.699Z,1,9,false
2019-07-21T07:12:20.128Z,1,1,false
2019-07-21T07:13:12.841Z,1,2,false
2019-07-21T07:14:09.286Z,1,3,false
2019-07-21T07:14:45.402Z,1,4,false
2019-07-21T07:15:40.287Z,1,5,false
2019-07-21T07:16:34.557Z,1,6,false
2019-07-21T07:17:28.748Z,1,7,false
2019-07-21T07:18:22.522Z,1,8,false
2019-07-21T07:19:16.800Z,1,9,false
2019-07-21T07:20:40.955Z,1,1,false
2019-07-21T07:21:37.223Z,1,2,false
2019-07-21T07:22:27.113Z,1,3,false
2019-07-21T07:22:57.965Z,1,4,false
2019-07-21T07:23:50.166Z,1,5,false
2019-07-21T07:24:44.846Z,1,6,false
2019-07-21T07:25:39.530Z,1,7,false
2019-07-21T07:26:33.529Z,1,8,false
2019-07-21T07:27:28.290Z,1,9,false
2019-07-21T07:28:53.378Z,1,1,false
2019-07-21T07:29:59.753Z,1,2,false
2019-07-21T07:30:52.724Z,1,3,false
2019-07-21T07:31:47.457Z,1,4,false
2019-07-21T07:32:41.842Z,1,5,false
2019-07-21T07:33:36.364Z,1,6,false
2019-07-21T07:34:30.322Z,1,7,false
2019-07-21T07:35:24.608Z,1,8,false
2019-07-21T07:36:18.818Z,1,9,false
2019-07-21T07:37:43.236Z,1,1,false
2019-07-21T07:38:29.635Z,1,2,false
2019-07-21T07:39:22.661Z,1,3,false
2019-07-21T07:40:17.154Z,1,4,false
2019-07-21T07:41:11.683Z,1,5,false
2019-07-21T07:42:05.583Z,1,6,false
2019-07-21T07:42:59.543Z,1,7,false
2019-07-21T07:43:53.420Z,1,8,false
2019-07-21T07:44:47.759Z,1,9,false
2019-07-21T07:46:12.485Z,1,1,false
2019-07-21T07:46:58.730Z,1,2,false
2019-07-21T07:47:47.926Z,1,3,false
2019-07-21T07:48:42.129Z,1,4,false
2019-07-21T07:49:37.673Z,1,5,false
2019-07-21T07:50:31.554Z,1,6,false
2019-07-21T07:51:25.835Z,1,7,false
2019-07-21T07:52:19.947Z,1,8,false
2019-07-21T07:53:14.361Z,1,9,false
2019-07-21T07:54:38.732Z,1,1,false
2019-07-21T07:55:29.478Z,1,2,false
2019-07-21T07:56:22.910Z,1,3,false
2019-07-21T07:57:16.574Z,1,4,false
2019-07-21T07:58:12.305Z,1,5,false
2019-07-21T07:59:05.948Z,1,6,false
2019-07-21T08:00:00.894Z,1,7,false
2019-07-21T08:00:55.190Z,1,8,false
2019-07-21T08:01:49.853Z,1,9,false
2019-07-21T08:03:14.443Z,1,1,false
2019-07-21T08:04:04.985Z,1,2,false
2019-07-21T08:04:58.083Z,1,3,false
2019-07-21T08:05:51.757Z,1,4,false
2019-07-21T08:06:46.518Z,1,5,false
2019-07-21T08:07:40.989Z,1,6,false
2019-07-21T08:08:35.659Z,1,7,false
2019-07-21T08:09:29.606Z,1,8,false
2019-07-21T08:10:24.134Z,1,9,false
2019-07-21T08:11:48.227Z,1,1,false
2019-07-21T08:12:36.880Z,1,2,false
2019-07-21T08:13:26.146Z,1,3,false
2019-07-21T08:14:20.280Z,1,4,false
2019-07-21T08:15:15.426Z,1,5,false
2019-07-21T08:16:09.636Z,1,6,false
2019-07-21T08:17:04.267Z,1,7,false
2019-07-21T08:17:58.075Z,1,8,false
2019-07-21T08:18:52.907Z,1,9,false
2019-07-21T08:20:16.946Z,1,1,false
2019-07-21T08:21:04.637Z,1,2,false
2019-07-21T08:21:57.578Z,1,3,false
2019-07-21T08:22:52.156Z,1,4,false
2019-07-21T08:23:47.081Z,1,5,false
2019-07-21T08:24:41.506Z,1,6,false
2019-07-21T08:25:35.874Z,1,7,false
2019-07-21T08:26:30.931Z,1,8,false
2019-07-21T08:27:25.677Z,1,9,false
2019-07-21T08:28:50.209Z,1,1,false
2019-07-21T08:29:41.221Z,1,2,false
2019-07-21T08:30:30.317Z,1,3,false
2019-07-21T08:31:24.892Z,1,4,false
2019-07-21T08:32:19.295Z,1,5,false
2019-07-21T08:33:13.108Z,1,6,false
2019-07-21T08:34:07.342Z,1,7,false
2019-07-21T08:35:01.465Z,1,8,false
2019-07-21T08:35:55.770Z,1,9,false
2019-07-21T08:37:19.940Z,1,1,false
2019-07-21T08:38:08.356Z,1,2,false
2019-07-21T08:39:00.952Z,1,3,false
2019-07-21T08:39:54.969Z,1,4,false
2019-07-21T08:40:49.396Z,1,5,false
2019-07-21T08:41:43.670Z,1,6,false
2019-07-21T08:42:37.654Z,1,7,false
2019-07-21T08:43:31.731Z,1,8,false
2019-07-21T08:44:25.499Z,1,9,false
2019-07-21T08:45:49.789Z,1,1,false
2019-07-21T08:46:40.487Z,1,2,false
2019-07-21T08:47:27.454Z,1,3,false
2019-07-21T08:48:21.700Z,1,4,false
2019-07-21T08:49:16.490Z,1,5,false
2019-07-21T08:50:10.220Z,1,6,false
2019-07-21T08:51:04.023Z,1,7,false
2019-07-21T08:51:58.092Z,1,8,false
2019-07-21T08:52:52.528Z,1,9,false
2019-07-21T08:54:16.653Z,1,1,false
2019-07-21T08:55:04.447Z,1,2,false
2019-07-21T08:55:57.017Z,1,3,false
2019-07-21T08:56:51.705Z,1,4,false
2019-07-21T08:57:46.591Z,1,5,false
2019-07-21T08:58:41.122Z,1,6,false
2019-07-21T08:59:35.513Z,1,7,false
2019-07-21T09:00:32.615Z,1,8,false
2019-07-21T09:01:29.685Z,1,9,false
2019-07-21T09:02:56.265Z,1,1,false
2019-07-21T09:03:47.10Z,1,2,false
2019-07-21T09:04:34.150Z,1,3,false
2019-07-21T09:05:28.420Z,1,4,false
2019-07-21T09:06:23.587Z,1,5,false
2019-07-21T09:07:17.870Z,1,6,false
2019-07-21T09:08:11.961Z,1,7,false
2019-07-21T09:09:06.432Z,1,8,false
2019-07-21T09:10:00.666Z,1,9,false
2019-07-21T09:11:25.209Z,1,1,false
2019-07-21T09:12:15.219Z,1,2,false
2019-07-21T09:13:08.721Z,1,3,false
2019-07-21T09:14:02.979Z,1,4,false
2019-07-21T09:14:57.624Z,1,5,false
2019-07-21T09:15:52.159Z,1,6,false
2019-07-21T09:16:46.696Z,1,7,false
2019-07-21T09:17:40.681Z,1,8,false
2019-07-21T09:18:34.511Z,1,9,false
2019-07-21T09:19:59.057Z,1,1,false
2019-07-21T09:20:47.696Z,1,2,false
2019-07-21T09:21:40.880Z,1,3,false
2019-07-21T09:22:34.099Z,1,4,false
2019-07-21T09:23:29.269Z,1,5,false
2019-07-21T09:24:23.554Z,1,6,false
2019-07-21T09:25:18.233Z,1,7,false
2019-07-21T09:26:11.679Z,1,8,false
2019-07-21T09:27:06.976Z,1,9,false
2019-07-21T09:28:30.818Z,1,1,false
2019-07-21T09:29:15.350Z,1,2,false
2019-07-21T09:30:06.114Z,1,3,false
2019-07-21T09:31:00.359Z,1,4,false
2019-07-21T09:31:54.853Z,1,5,false
2019-07-21T09:32:48.943Z,1,6,false
2019-07-21T09:33:43.598Z,1,7,false
2019-07-21T09:34:37.895Z,1,8,false
2019-07-21T09:35:31.989Z,1,9,false
2019-07-21T09:36:56.226Z,1,1,false
2019-07-21T09:37:45.138Z,1,2,false
2019-07-21T09:38:38.175Z,1,3,false
2019-07-21T09:39:32.830Z,1,4,false
2019-07-21T09:40:27.877Z,1,5,false
2019-07-21T09:41:22.016Z,1,6,false
2019-07-21T09:42:16.342Z,1,7,false
2019-07-21T09:43:09.853Z,1,8,false
2019-07-21T09:44:04.216Z,1,9,false
2019-07-21T09:45:28.396Z,1,1,false
2019-07-21T09:46:19.697Z,1,2,false
2019-07-21T09:47:08.781Z,1,3,false
2019-07-21T09:48:03.221Z,1,4,false
2019-07-21T09:48:57.683Z,1,5,false
2019-07-21T09:49:51.572Z,1,6,false
2019-07-21T09:50:45.916Z,1,7,false
2019-07-21T09:51:39.118Z,1,8,false
2019-07-21T09:52:33.616Z,1,9,false
2019-07-21T09:53:57.943Z,1,1,false
2019-07-21T09:54:47.986Z,1,2,false
2019-07-21T09:55:41.156Z,1,3,false
2019-07-21T09:56:35.216Z,1,4,false
2019-07-21T09:57:30.232Z,1,5,false
2019-07-21T09:58:24.362Z,1,6,false
2019-07-21T09:59:18.838Z,1,7,false
2019-07-21T10:00:12.866Z,1,8,false
2019-07-21T10:01:07.285Z,1,9,false
2019-07-21T10:02:31.599Z,1,1,false
2019-07-21T10:03:20.935Z,1,2,false
2019-07-21T10:04:13.737Z,1,3,false
2019-07-21T10:05:07.946Z,1,4,false
2019-07-21T10:06:03.149Z,1,5,false
2019-07-21T10:06:57.596Z,1,6,false
2019-07-21T10:07:52.356Z,1,7,false
2019-07-21T10:08:46.258Z,1,8,false
2019-07-21T10:09:40.573Z,1,9,false
2019-07-21T10:11:04.733Z,1,1,false
2019-07-21T10:11:54.727Z,1,2,false
2019-07-21T10:12:47.738Z,1,3,false
2019-07-21T10:13:42.695Z,1,4,false
2019-07-21T10:14:37.440Z,1,5,false
2019-07-21T10:15:31.753Z,1,6,false
2019-07-21T10:16:26.102Z,1,7,false
2019-07-21T10:17:20.228Z,1,8,false
2019-07-21T10:18:14.836Z,1,9,false
2019-07-21T10:19:38.764Z,1,1,false
2019-07-21T10:20:27.874Z,1,2,false
2019-07-21T10:21:20.917Z,1,3,false
2019-07-21T10:22:15.838Z,1,4,false
2019-07-21T10:23:10.480Z,1,5,false
2019-07-21T10:24:04.410Z,1,6,false
2019-07-21T10:24:58.868Z,1,7,false
2019-07-21T10:25:52.884Z,1,8,false
2019-07-21T10:26:46.870Z,1,9,false
2019-07-21T10:28:11.296Z,1,1,false
2019-07-21T10:29:01.165Z,1,2,false
2019-07-21T10:29:49.630Z,1,3,false
2019-07-21T10:30:44.435Z,1,4,false
2019-07-21T10:31:39.952Z,1,5,false
2019-07-21T10:32:33.896Z,1,6,false
2019-07-21T10:33:28.159Z,1,7,false
2019-07-21T10:34:21.814Z,1,8,false
2019-07-21T10:35:15.764Z,1,9,false
2019-07-21T10:36:39.847Z,1,1,false
2019-07-21T10:37:28.417Z,1,2,false
2019-07-21T10:38:19.278Z,1,3,false
2019-07-21T10:39:13.175Z,1,4,false
2019-07-21T10:40:08.111Z,1,5,false
2019-07-21T10:41:01.988Z,1,6,false
2019-07-21T10:41:56.661Z,1,7,false
2019-07-21T10:42:50.585Z,1,8,false
2019-07-21T10:43:44.834Z,1,9,false
2019-07-21T10:45:08.715Z,1,1,false
2019-07-21T10:45:53.551Z,1,2,false
2019-07-21T10:46:43.457Z,1,3,false
2019-07-21T10:47:38.290Z,1,4,false
2019-07-21T10:48:33.247Z,1,5,false
2019-07-21T10:49:27.442Z,1,6,false
2019-07-21T10:50:22.121Z,1,7,false
2019-07-21T10:51:15.778Z,1,8,false
2019-07-21T10:52:10.267Z,1,9,false
2019-07-21T10:53:34.310Z,1,1,false
2019-07-21T10:54:23.378Z,1,2,false
2019-07-21T10:55:16.217Z,1,3,false
2019-07-21T10:56:09.513Z,1,4,false
2019-07-21T10:57:04.137Z,1,5,false
2019-07-21T10:57:57.718Z,1,6,false
2019-07-21T10:58:52.470Z,1,7,false
2019-07-21T10:59:46.641Z,1,8,false
2019-07-21T11:00:41.127Z,1,9,false
2019-07-21T11:02:05.009Z,1,1,false
2019-07-21T11:02:51.238Z,1,2,false
2019-07-21T11:03:44.476Z,1,3,false
2019-07-21T11:04:39.038Z,1,4,false
2019-07-21T11:05:37.653Z,1,5,false
2019-07-21T11:06:33.364Z,1,6,false
2019-07-21T11:07:30.215Z,1,7,false
2019-07-21T11:08:23.885Z,1,8,false
2019-07-21T11:09:18.512Z,1,9,false
2019-07-21T11:10:42.652Z,1,1,false
2019-07-21T11:11:32.714Z,1,2,false
2019-07-21T11:12:22.362Z,1,3,false
2019-07-21T11:13:16.910Z,1,4,false
2019-07-21T11:14:13.125Z,1,5,false
2019-07-21T11:15:07.327Z,1,6,false
2019-07-21T11:16:03.166Z,1,7,false
2019-07-21T11:16:57.296Z,1,8,false
2019-07-21T11:17:52.292Z,1,9,false
2019-07-21T11:19:16.940Z,1,1,false
2019-07-21T11:20:09.068Z,1,2,false
2019-07-21T11:21:02.218Z,1,3,false
2019-07-21T11:21:55.815Z,1,4,false
2019-07-21T11:22:50.659Z,1,5,false
2019-07-21T11:23:44.506Z,1,6,false
2019-07-21T11:24:39.244Z,1,7,false
2019-07-21T11:25:32.866Z,1,8,false
2019-07-21T11:26:27.485Z,1,9,false
2019-07-21T11:27:51.679Z,1,1,false
2019-07-21T11:28:41.495Z,1,2,false
2019-07-21T11:29:34.952Z,1,3,false
2019-07-21T11:30:28.632Z,1,4,false
2019-07-21T11:31:23.655Z,1,5,false
2019-07-21T11:32:17.702Z,1,6,false
2019-07-21T11:33:12.450Z,1,7,false
2019-07-21T11:34:06.335Z,1,8,false
2019-07-21T11:35:01.063Z,1,9,false
2019-07-21T11:36:25.663Z,1,1,false
2019-07-21T11:37:16.911Z,1,2,false
2019-07-21T11:38:03.353Z,1,3,false
2019-07-21T11:38:57.722Z,1,4,false
2019-07-21T11:39:52.267Z,1,5,false
2019-07-21T11:40:46.283Z,1,6,false
2019-07-21T11:41:40.840Z,1,7,false
2019-07-21T11:42:34.565Z,1,8,false
2019-07-21T11:43:29.126Z,1,9,false
2019-07-21T11:44:53.692Z,1,1,false
2019-07-21T11:45:41.925Z,1,2,false
2019-07-21T11:46:35.023Z,1,3,false
2019-07-21T11:47:28.911Z,1,4,false
2019-07-21T11:48:24.212Z,1,5,false
2019-07-21T11:49:18.768Z,1,6,false
2019-07-21T11:50:13.239Z,1,7,false
2019-07-21T11:51:07.158Z,1,8,false
2019-07-21T11:52:01.685Z,1,9,false
2019-07-21T11:53:25.976Z,1,1,false
2019-07-21T11:54:12.704Z,1,2,false
2019-07-21T11:55:05.778Z,1,3,false
2019-07-21T11:56:00.216Z,1,4,false
2019-07-21T11:56:54.926Z,1,5,false
2019-07-21T11:57:49.485Z,1,6,false
2019-07-21T11:58:43.225Z,1,7,false
2019-07-21T11:59:37.100Z,1,8,false
2019-07-21T12:00:30.760Z,1,9,false
2019-07-21T12:01:55.275Z,1,1,false
2019-07-21T12:02:46.486Z,1,2,false
2019-07-21T12:03:33.532Z,1,3,false
2019-07-21T12:04:27.969Z,1,4,false
2019-07-21T12:05:23.912Z,1,5,false
2019-07-21T12:06:17.800Z,1,6,false
2019-07-21T12:07:12.189Z,1,7,false
2019-07-21T12:08:05.928Z,1,8,false
2019-07-21T12:08:59.909Z,1,9,false
2019-07-21T12:10:23.951Z,1,1,false
2019-07-21T12:11:12.469Z,1,2,false
2019-07-21T12:12:05.847Z,1,3,false
2019-07-21T12:13:00.391Z,1,4,false
2019-07-21T12:13:55.657Z,1,5,false
2019-07-21T12:14:50.097Z,1,6,false
2019-07-21T12:15:44.459Z,1,7,false
2019-07-21T12:16:38.448Z,1,8,false
2019-07-21T12:17:32.792Z,1,9,false
2019-07-21T12:18:56.816Z,1,1,false
2019-07-21T12:19:43.324Z,1,2,false
2019-07-21T12:20:35.851Z,1,3,false
2019-07-21T12:21:29.740Z,1,4,false
2019-07-21T12:22:24.866Z,1,5,false
2019-07-21T12:23:19.118Z,1,6,false
2019-07-21T12:24:13.738Z,1,7,false
2019-07-21T12:25:07.240Z,1,8,false
2019-07-21T12:26:01.458Z,1,9,false
2019-07-21T12:27:25.533Z,1,1,false
2019-07-21T12:28:15.040Z,1,2,false
2019-07-21T12:29:08.034Z,1,3,false
2019-07-21T12:30:01.747Z,1,4,false
2019-07-21T12:30:56.293Z,1,5,false
2019-07-21T12:31:51.227Z,1,6,false
2019-07-21T12:32:46.372Z,1,7,false
2019-07-21T12:33:40.624Z,1,8,false
2019-07-21T12:34:35.037Z,1,9,false
2019-07-21T12:35:59.494Z,1,1,false
2019-07-21T12:36:51.635Z,1,2,false
2019-07-21T12:37:38.736Z,1,3,false
2019-07-21T12:38:32.943Z,1,4,false
2019-07-21T12:39:27.402Z,1,5,false
2019-07-21T12:40:21.625Z,1,6,false
2019-07-21T12:41:15.960Z,1,7,false
2019-07-21T12:42:09.655Z,1,8,false
2019-07-21T12:43:04.081Z,1,9,false
2019-07-21T12:44:27.928Z,1,1,false
2019-07-21T12:45:18.651Z,1,2,false
2019-07-21T12:46:06.731Z,1,3,false
2019-07-21T12:47:00.719Z,1,4,false
2019-07-21T12:47:54.908Z,1,5,false
2019-07-21T12:48:49.137Z,1,6,false
2019-07-21T12:49:44.127Z,1,7,false
2019-07-21T12:50:37.873Z,1,8,false
2019-07-21T12:51:32.267Z,1,9,false
2019-07-21T12:52:56.712Z,1,1,false
2019-07-21T12:53:46.342Z,1,2,false
2019-07-21T12:54:39.504Z,1,3,false
2019-07-21T12:55:33.670Z,1,4,false
2019-07-21T12:56:28.986Z,1,5,false
2019-07-21T12:57:22.665Z,1,6,false
2019-07-21T12:58:16.678Z,1,7,false
2019-07-21T12:59:10.250Z,1,8,false
2019-07-21T13:00:04.744Z,1,9,false
2019-07-21T13:01:29.409Z,1,1,false
2019-07-21T13:02:20.709Z,1,2,false
2019-07-21T13:03:13.737Z,1,3,false
2019-07-21T13:04:07.337Z,1,4,false
2019-07-21T13:05:02.351Z,1,5,false
2019-07-21T13:05:56.233Z,1,6,false
2019-07-21T13:06:50.632Z,1,7,false
2019-07-21T13:07:44.606Z,1,8,false
2019-07-21T13:08:38.824Z,1,9,false
2019-07-21T13:10:03.299Z,1,1,false
2019-07-21T13:10:53.198Z,1,2,false
2019-07-21T13:11:41.138Z,1,3,false
2019-07-21T13:12:35.576Z,1,4,false
2019-07-21T13:13:31.136Z,1,5,false
2019-07-21T13:14:25.396Z,1,6,false
2019-07-21T13:15:19.868Z,1,7,false
2019-07-21T13:16:13.453Z,1,8,false
2019-07-21T13:17:07.689Z,1,9,false
2019-07-21T13:18:31.951Z,1,1,false
2019-07-21T13:19:23.650Z,1,2,false
2019-07-21T13:22:30.503Z,1,3,false
2019-07-21T13:23:07.717Z,1,4,false
2019-07-21T13:24:01.639Z,1,5,false
2019-07-21T13:24:55.894Z,1,6,false
2019-07-21T13:25:50.303Z,1,7,false
2019-07-21T13:26:44.245Z,1,8,false
2019-07-21T13:27:38.810Z,1,9,false
2019-07-21T13:29:02.868Z,1,1,false
2019-07-21T13:29:51.709Z,1,2,false
2019-07-21T13:30:39.861Z,1,3,false
2019-07-21T13:31:34.293Z,1,4,false
2019-07-21T13:32:29.563Z,1,5,false
2019-07-21T13:33:23.874Z,1,6,false
2019-07-21T13:34:18.272Z,1,7,false
2019-07-21T13:35:12.911Z,1,8,false
2019-07-21T13:36:06.955Z,1,9,false
2019-07-21T13:37:30.978Z,1,1,false
2019-07-21T13:38:20.187Z,1,2,false
2019-07-21T13:39:09.370Z,1,3,false
2019-07-21T13:40:04.360Z,1,4,false
2019-07-21T13:40:59.324Z,1,5,false
2019-07-21T13:41:53.650Z,1,6,false
2019-07-21T13:42:47.837Z,1,7,false
2019-07-21T13:43:41.680Z,1,8,false
2019-07-21T13:44:36.148Z,1,9,false
2019-07-21T13:46:00.780Z,1,1,false
2019-07-21T13:46:48.564Z,1,2,false
2019-07-21T13:47:41.503Z,1,3,false
2019-07-21T13:48:36.178Z,1,4,false
2019-07-21T13:49:31.165Z,1,5,false
2019-07-21T13:50:25.211Z,1,6,false
2019-07-21T13:51:19.538Z,1,7,false
2019-07-21T13:52:13.289Z,1,8,false
2019-07-21T13:53:07.481Z,1,9,false
2019-07-21T13:54:32.591Z,1,1,false
2019-07-21T13:55:20.896Z,1,2,false
2019-07-21T13:56:15.988Z,1,3,false
2019-07-21T13:57:11.052Z,1,4,false
2019-07-21T13:58:05.928Z,1,5,false
2019-07-21T13:59:00.512Z,1,6,false
2019-07-21T13:59:55.230Z,1,7,false
2019-07-21T14:00:49.480Z,1,8,false
2019-07-21T14:01:43.878Z,1,9,false
2019-07-21T14:03:08.547Z,1,1,false
2019-07-21T14:03:59.511Z,1,2,false
2019-07-21T14:04:47.864Z,1,3,false
2019-07-21T14:05:42.527Z,1,4,false
2019-07-21T14:06:37.809Z,1,5,false
2019-07-21T14:07:32.367Z,1,6,false
2019-07-21T14:08:26.907Z,1,7,false
2019-07-21T14:09:21.141Z,1,8,false
2019-07-21T14:10:15.256Z,1,9,false
2019-07-21T14:11:40.564Z,1,1,false
2019-07-21T14:12:33.707Z,1,2,false
2019-07-21T14:13:22.342Z,1,3,false
2019-07-21T14:14:16.242Z,1,4,false
2019-07-21T14:15:11.354Z,1,5,false
2019-07-21T14:16:05.787Z,1,6,false
2019-07-21T14:17:00.223Z,1,7,false
2019-07-21T14:17:53.791Z,1,8,false
2019-07-21T14:18:48.054Z,1,9,false
2019-07-21T14:20:12.370Z,1,1,false
2019-07-21T14:21:02.369Z,1,2,false
2019-07-21T14:21:50.477Z,1,3,false
2019-07-21T14:22:44.816Z,1,4,false
2019-07-21T14:23:39.496Z,1,5,false
2019-07-21T14:24:33.411Z,1,6,false
2019-07-21T14:25:28.343Z,1,7,false
2019-07-21T14:26:21.619Z,1,8,false
2019-07-21T14:27:16.156Z,1,9,false
2019-07-21T14:28:40.159Z,1,1,false
2019-07-21T14:29:29.478Z,1,2,false
2019-07-21T14:30:22.591Z,1,3,false
2019-07-21T14:31:17.096Z,1,4,false
2019-07-21T14:32:12.203Z,1,5,false
2019-07-21T14:33:06.298Z,1,6,false
2019-07-21T14:34:00.776Z,1,7,false
2019-07-21T14:34:54.466Z,1,8,false
2019-07-21T14:35:49.081Z,1,9,false
2019-07-21T14:37:12.903Z,1,1,false
2019-07-21T14:38:03.952Z,1,2,false
2019-07-21T14:38:56.874Z,1,3,false
2019-07-21T14:39:51.289Z,1,4,false
2019-07-21T14:40:45.790Z,1,5,false
2019-07-21T14:41:39.979Z,1,6,false
2019-07-21T14:42:34.291Z,1,7,false
2019-07-21T14:43:28.603Z,1,8,false
2019-07-21T14:44:23.161Z,1,9,false
2019-07-21T14:45:47.674Z,1,1,false
2019-07-21T14:46:38.426Z,1,2,false
2019-07-21T14:47:26.059Z,1,3,false
2019-07-21T14:48:20.150Z,1,4,false
2019-07-21T14:49:15.233Z,1,5,false
2019-07-21T14:50:09.939Z,1,6,false
2019-07-21T14:51:04.436Z,1,7,false
2019-07-21T14:51:57.881Z,1,8,false
2019-07-21T14:52:52.828Z,1,9,false
2019-07-21T14:54:16.528Z,1,1,false
2019-07-21T14:55:06.942Z,1,2,false
2019-07-21T14:55:54.987Z,1,3,false
2019-07-21T14:56:49.537Z,1,4,false
2019-07-21T14:57:44.757Z,1,5,false
2019-07-21T14:58:38.689Z,1,6,false
2019-07-21T14:59:33.317Z,1,7,false
2019-07-21T15:00:27.159Z,1,8,false
2019-07-21T15:01:21.719Z,1,9,false
2019-07-21T15:02:46.103Z,1,1,false
2019-07-21T15:03:36.152Z,1,2,false
2019-07-21T15:04:29.510Z,1,3,false
2019-07-21T15:05:23.186Z,1,4,false
2019-07-21T15:06:17.795Z,1,5,false
2019-07-21T15:07:12.211Z,1,6,false
2019-07-21T15:08:06.848Z,1,7,false
2019-07-21T15:09:00.860Z,1,8,false
2019-07-21T15:09:55.458Z,1,9,false
2019-07-21T15:11:19.792Z,1,1,false
2019-07-21T15:12:12.509Z,1,2,false
2019-07-21T15:13:03.402Z,1,3,false
2019-07-21T15:13:57.583Z,1,4,false
2019-07-21T15:14:52.839Z,1,5,false
2019-07-21T15:15:47.110Z,1,6,false
2019-07-21T15:16:41.596Z,1,7,false
2019-07-21T15:17:35.876Z,1,8,false
2019-07-21T15:18:30.132Z,1,9,false
2019-07-21T15:19:54.514Z,1,1,false
2019-07-21T15:20:43.353Z,1,2,false
2019-07-21T15:21:36.833Z,1,3,false
2019-07-21T15:22:31.472Z,1,4,false
2019-07-21T15:23:26.671Z,1,5,false
2019-07-21T15:24:20.611Z,1,6,false
2019-07-21T15:25:15.641Z,1,7,false
2019-07-21T15:26:09.478Z,1,8,false
2019-07-21T15:27:04.534Z,1,9,false
2019-07-21T15:28:28.911Z,1,1,false
2019-07-21T15:29:17.773Z,1,2,false
2019-07-21T15:30:10.526Z,1,3,false
2019-07-21T15:31:05.577Z,1,4,false
2019-07-21T15:32:00.755Z,1,5,false
2019-07-21T15:32:54.962Z,1,6,false
2019-07-21T15:33:49.110Z,1,7,false
2019-07-21T15:34:43.003Z,1,8,false
2019-07-21T15:35:37.389Z,1,9,false
2019-07-21T15:37:02.020Z,1,1,false
2019-07-21T15:37:54.170Z,1,2,false
2019-07-21T15:38:43.263Z,1,3,false
2019-07-21T15:39:38.048Z,1,4,false
2019-07-21T15:40:33.534Z,1,5,false
2019-07-21T15:41:27.393Z,1,6,false
2019-07-21T15:42:21.940Z,1,7,false
2019-07-21T15:43:16.237Z,1,8,false
2019-07-21T15:44:10.635Z,1,9,false
2019-07-21T15:45:34.911Z,1,1,false
2019-07-21T15:46:26.393Z,1,2,false
2019-07-21T15:47:15.562Z,1,3,false
2019-07-21T15:48:10.087Z,1,4,false
2019-07-21T15:49:04.894Z,1,5,false
2019-07-21T15:49:59.199Z,1,6,false
2019-07-21T15:50:53.652Z,1,7,false
2019-07-21T15:51:47.449Z,1,8,false
2019-07-21T15:52:42.169Z,1,9,false
2019-07-21T15:54:06.691Z,1,1,false
2019-07-21T15:54:55.827Z,1,2,false
2019-07-21T15:55:46.403Z,1,3,false
2019-07-21T15:56:40.950Z,1,4,false
2019-07-21T15:57:35.764Z,1,5,false
2019-07-21T15:58:29.644Z,1,6,false
2019-07-21T15:59:24.501Z,1,7,false
2019-07-21T16:00:18.349Z,1,8,false
2019-07-21T16:01:12.589Z,1,9,false
2019-07-21T16:02:36.724Z,1,1,false
2019-07-21T16:03:27.284Z,1,2,false
2019-07-21T16:04:20.290Z,1,3,false
2019-07-21T16:05:14.419Z,1,4,false
2019-07-21T16:06:09.511Z,1,5,false
2019-07-21T16:07:03.404Z,1,6,false
2019-07-21T16:07:58.095Z,1,7,false
2019-07-21T16:08:51.993Z,1,8,false
2019-07-21T16:09:47.028Z,1,9,false
2019-07-21T16:11:11.383Z,1,1,false
2019-07-21T16:12:02.318Z,1,2,false
2019-07-21T16:12:55.500Z,1,3,false
2019-07-21T16:13:49.262Z,1,4,false
2019-07-21T16:14:44.603Z,1,5,false
2019-07-21T16:15:38.876Z,1,6,false
2019-07-21T16:16:33.441Z,1,7,false
2019-07-21T16:17:27.513Z,1,8,false
2019-07-21T16:18:21.867Z,1,9,false
2019-07-21T16:19:46.566Z,1,1,false
2019-07-21T16:20:35.512Z,1,2,false
2019-07-21T16:21:28.461Z,1,3,false
2019-07-21T16:22:23.431Z,1,4,false
2019-07-21T16:23:18.257Z,1,5,false
2019-07-21T16:24:12.778Z,1,6,false
2019-07-21T16:25:06.815Z,1,7,false
2019-07-21T16:26:01.119Z,1,8,false
2019-07-21T16:26:55.540Z,1,9,false
2019-07-21T16:28:20.052Z,1,1,false
2019-07-21T16:29:12.415Z,1,2,false
2019-07-21T16:30:00.810Z,1,3,false
2019-07-21T16:30:55.596Z,1,4,false
2019-07-21T16:31:50.804Z,1,5,false
2019-07-21T16:32:45.428Z,1,6,false
2019-07-21T16:33:40.049Z,1,7,false
2019-07-21T16:34:34.011Z,1,8,false
2019-07-21T16:35:28.359Z,1,9,false
2019-07-21T16:36:52.649Z,1,1,false
2019-07-21T16:37:41.031Z,1,2,false
2019-07-21T16:38:39.104Z,1,3,false
2019-07-21T16:39:33.691Z,1,4,false
2019-07-21T16:40:28.936Z,1,5,false
2019-07-21T16:41:23.434Z,1,6,false
2019-07-21T16:42:18.619Z,1,7,false
2019-07-21T16:43:14.286Z,1,8,false
2019-07-21T16:44:09.110Z,1,9,false
2019-07-21T16:45:33.734Z,1,1,false
2019-07-21T16:46:24.277Z,1,2,false
2019-07-21T16:47:18.113Z,1,3,false
2019-07-21T16:48:11.733Z,1,4,false
2019-07-21T16:49:07.716Z,1,5,false
2019-07-21T16:50:02.435Z,1,6,false
2019-07-21T16:50:57.232Z,1,7,false
2019-07-21T16:51:51.615Z,1,8,false
2019-07-21T16:52:46.477Z,1,9,false
2019-07-21T16:54:10.810Z,1,1,false
2019-07-21T16:55:00.393Z,1,2,false
2019-07-21T16:55:48.426Z,1,3,false
2019-07-21T16:56:43.188Z,1,4,false
2019-07-21T16:57:38.808Z,1,5,false
2019-07-21T16:58:32.797Z,1,6,false
2019-07-21T16:59:27.753Z,1,7,false
2019-07-21T17:00:21.893Z,1,8,false
2019-07-21T17:01:16.520Z,1,9,false
2019-07-21T17:02:40.453Z,1,1,false
2019-07-21T17:03:30.150Z,1,2,false
2019-07-21T17:04:23.445Z,1,3,false
2019-07-21T17:05:17.790Z,1,4,false
2019-07-21T17:06:12.653Z,1,5,false
2019-07-21T17:07:07.038Z,1,6,false
2019-07-21T17:08:01.825Z,1,7,false
2019-07-21T17:08:55.453Z,1,8,false
2019-07-21T17:09:50.593Z,1,9,false
2019-07-21T17:11:14.732Z,1,1,false
2019-07-21T17:12:05.239Z,1,2,false
2019-07-21T17:12:54.272Z,1,3,false
2019-07-21T17:13:48.983Z,1,4,false
2019-07-21T17:14:43.953Z,1,5,false
2019-07-21T17:15:37.941Z,1,6,false
2019-07-21T17:16:32.440Z,1,7,false
2019-07-21T17:17:27.073Z,1,8,false
2019-07-21T17:18:21.970Z,1,9,false
2019-07-21T17:19:45.906Z,1,1,false
2019-07-21T17:20:34.593Z,1,2,false
2019-07-21T17:21:27.506Z,1,3,false
2019-07-21T17:22:22.295Z,1,4,false
2019-07-21T17:23:17.378Z,1,5,false
2019-07-21T17:24:12.085Z,1,6,false
2019-07-21T17:25:06.699Z,1,7,false
2019-07-21T17:26:00.666Z,1,8,false
2019-07-21T17:26:55.457Z,1,9,false
2019-07-21T17:28:20.518Z,1,1,false
2019-07-21T17:29:12.229Z,1,2,false
2019-07-21T17:30:02.095Z,1,3,false
2019-07-21T17:30:56.936Z,1,4,false
2019-07-21T17:31:52.328Z,1,5,false
2019-07-21T17:32:46.530Z,1,6,false
2019-07-21T17:33:41.079Z,1,7,false
2019-07-21T17:34:35.260Z,1,8,false
2019-07-21T17:35:30.171Z,1,9,false
2019-07-21T17:36:54.156Z,1,1,false
2019-07-21T17:37:45.132Z,1,2,false
2019-07-21T17:38:33.081Z,1,3,false
2019-07-21T17:39:27.763Z,1,4,false
2019-07-21T17:40:23.395Z,1,5,false
2019-07-21T17:41:17.573Z,1,6,false
2019-07-21T17:42:13.267Z,1,7,false
2019-07-21T17:43:07.725Z,1,8,false
2019-07-21T17:44:02.419Z,1,9,false
2019-07-21T17:45:26.793Z,1,1,false
2019-07-21T17:46:16.870Z,1,2,false
2019-07-21T17:47:10.349Z,1,3,false
2019-07-21T17:48:05.283Z,1,4,false
2019-07-21T17:49:00.087Z,1,5,false
2019-07-21T17:49:54.419Z,1,6,false
2019-07-21T17:50:49.215Z,1,7,false
2019-07-21T17:51:43.038Z,1,8,false
2019-07-21T17:52:37.885Z,1,9,false
2019-07-21T17:54:02.492Z,1,1,false
2019-07-21T17:54:53.221Z,1,2,false
2019-07-21T17:55:46.587Z,1,3,false
2019-07-21T17:56:41.528Z,1,4,false
2019-07-21T17:57:36.652Z,1,5,false
2019-07-21T17:58:30.863Z,1,6,false
2019-07-21T17:59:25.725Z,1,7,false
2019-07-21T18:00:19.823Z,1,8,false
2019-07-21T18:01:14.112Z,1,9,false
2019-07-21T18:02:38.668Z,1,1,false
2019-07-21T18:03:30.945Z,1,2,false
2019-07-21T18:04:24.524Z,1,3,false
2019-07-21T18:05:19.075Z,1,4,false
2019-07-21T18:06:14.148Z,1,5,false
2019-07-21T18:07:09.310Z,1,6,false
2019-07-21T18:08:03.790Z,1,7,false
2019-07-21T18:08:57.337Z,1,8,false
2019-07-21T18:09:52.248Z,1,9,false
2019-07-21T18:11:17.045Z,1,1,false
2019-07-21T18:12:07.188Z,1,2,false
2019-07-21T18:13:00.688Z,1,3,false
2019-07-21T18:13:55.397Z,1,4,false
2019-07-21T18:14:50.576Z,1,5,false
2019-07-21T18:15:44.855Z,1,6,false
2019-07-21T18:16:39.588Z,1,7,false
2019-07-21T18:17:34.096Z,1,8,false
2019-07-21T18:18:28.647Z,1,9,false
2019-07-21T18:19:53.329Z,1,1,false
2019-07-21T18:20:42.725Z,1,2,false
2019-07-21T18:21:36.270Z,1,3,false
2019-07-21T18:22:30.465Z,1,4,false
2019-07-21T18:23:25.980Z,1,5,false
2019-07-21T18:24:20.283Z,1,6,false
2019-07-21T18:25:14.932Z,1,7,false
2019-07-21T18:26:08.738Z,1,8,false
2019-07-21T18:27:03.672Z,1,9,false
2019-07-21T18:28:28.018Z,1,1,false
2019-07-21T18:29:17.758Z,1,2,false
2019-07-21T18:30:11.271Z,1,3,false
2019-07-21T18:31:06.399Z,1,4,false
2019-07-21T18:32:01.693Z,1,5,false
2019-07-21T18:32:56.088Z,1,6,false
2019-07-21T18:33:50.887Z,1,7,false
2019-07-21T18:34:45.466Z,1,8,false
2019-07-21T18:35:40.325Z,1,9,false
2019-07-21T18:37:05.206Z,1,1,false
2019-07-21T18:37:56.858Z,1,2,false
2019-07-21T18:38:50.247Z,1,3,false
2019-07-21T18:39:45.156Z,1,4,false
2019-07-21T18:40:40.670Z,1,5,false
2019-07-21T18:41:38.754Z,1,6,false
2019-07-21T18:42:34.012Z,1,7,false
2019-07-21T18:43:27.985Z,1,8,false
2019-07-21T18:44:22.588Z,1,9,false
2019-07-21T18:45:47.686Z,1,1,false
2019-07-21T18:46:38.224Z,1,2,false
2019-07-21T18:47:32.153Z,1,3,false
2019-07-21T18:48:26.791Z,1,4,false
2019-07-21T18:49:23.134Z,1,5,false
2019-07-21T18:50:17.543Z,1,6,false
2019-07-21T18:51:11.975Z,1,7,false
2019-07-21T18:52:06.808Z,1,8,false
2019-07-21T18:53:01.499Z,1,9,false
2019-07-21T18:54:26.537Z,1,1,false
2019-07-21T18:55:16.219Z,1,2,false
2019-07-21T18:56:06.231Z,1,3,false
2019-07-21T18:57:01.409Z,1,4,false
2019-07-21T18:57:56.973Z,1,5,false
2019-07-21T18:58:51.966Z,1,6,false
2019-07-21T18:59:46.845Z,1,7,false
2019-07-21T19:00:41.259Z,1,8,false
2019-07-21T19:01:35.992Z,1,9,false
2019-07-21T19:03:00.444Z,1,1,false
2019-07-21T19:03:51.052Z,1,2,false
2019-07-21T19:04:44.953Z,1,3,false
2019-07-21T19:05:38.739Z,1,4,false
2019-07-21T19:06:34.174Z,1,5,false
2019-07-21T19:07:29.145Z,1,6,false
2019-07-21T19:08:23.824Z,1,7,false
2019-07-21T19:09:17.752Z,1,8,false
2019-07-21T19:10:12.614Z,1,9,false
2019-07-21T19:11:37.432Z,1,1,false
2019-07-21T19:12:29.099Z,1,2,false
2019-07-21T19:13:22.770Z,1,3,false
2019-07-21T19:14:17.773Z,1,4,false
2019-07-21T19:15:13.320Z,1,5,false
2019-07-21T19:16:07.862Z,1,6,false
2019-07-21T19:17:03.002Z,1,7,false
2019-07-21T19:17:57.257Z,1,8,false
2019-07-21T19:18:51.925Z,1,9,false
2019-07-21T19:20:16.439Z,1,1,false
2019-07-21T19:21:01.073Z,1,2,false
2019-07-21T19:21:51.358Z,1,3,false
2019-07-21T19:22:46.540Z,1,4,false
2019-07-21T19:23:42.712Z,1,5,false
2019-07-21T19:24:37.602Z,1,6,false
2019-07-21T19:25:35.562Z,1,7,false
2019-07-21T19:26:34.422Z,1,8,false
2019-07-21T19:27:32.120Z,1,9,false
2019-07-21T19:28:59.670Z,1,1,false
2019-07-21T19:29:46.645Z,1,2,false
2019-07-21T19:30:37.389Z,1,3,false
2019-07-21T19:31:32.279Z,1,4,false
2019-07-21T19:32:27.981Z,1,5,false
2019-07-21T19:33:22.770Z,1,6,false
2019-07-21T19:34:18.214Z,1,7,false
2019-07-21T19:35:12.540Z,1,8,false
2019-07-21T19:36:08.129Z,1,9,false
2019-07-21T19:37:33.205Z,1,1,false
2019-07-21T19:38:22.942Z,1,2,false
2019-07-21T19:39:16.864Z,1,3,false
2019-07-21T19:40:12.230Z,1,4,false
2019-07-21T19:41:06.930Z,1,5,false
2019-07-21T19:42:01.764Z,1,6,false
2019-07-21T19:42:56.378Z,1,7,false
2019-07-21T19:43:50.587Z,1,8,false
2019-07-21T19:44:45.401Z,1,9,false
2019-07-21T19:46:10.520Z,1,1,false
2019-07-21T19:47:04.076Z,1,2,false
2019-07-21T19:47:57.550Z,1,3,false
2019-07-21T19:48:50.968Z,1,4,false
2019-07-21T19:49:46.550Z,1,5,false
2019-07-21T19:50:41.918Z,1,6,false
2019-07-21T19:51:37.369Z,1,7,false
2019-07-21T19:52:32.369Z,1,8,false
2019-07-21T19:53:27.352Z,1,9,false
2019-07-21T19:54:51.873Z,1,1,false
2019-07-21T19:55:42.082Z,1,2,false
2019-07-21T19:56:35.972Z,1,3,false
2019-07-21T19:57:32.150Z,1,4,false
2019-07-21T19:58:27.422Z,1,5,false
2019-07-21T19:59:22.111Z,1,6,false
2019-07-21T20:00:17.362Z,1,7,false
2019-07-21T20:01:11.603Z,1,8,false
2019-07-21T20:02:06.682Z,1,9,false
2019-07-21T20:03:31.365Z,1,1,false
2019-07-21T20:04:22.897Z,1,2,false
2019-07-21T20:05:16.471Z,1,3,false
2019-07-21T20:06:10.697Z,1,4,false
2019-07-21T20:07:05.066Z,1,5,false
2019-07-21T20:07:59.406Z,1,6,false
2019-07-21T20:08:54.253Z,1,7,false
2019-07-21T20:09:49.590Z,1,8,false
2019-07-21T20:10:44.097Z,1,9,false
2019-07-21T20:12:08.860Z,1,1,false
2019-07-21T20:12:59.918Z,1,2,false
2019-07-21T20:13:53.646Z,1,3,false
2019-07-21T20:14:48.296Z,1,4,false
2019-07-21T20:15:43.179Z,1,5,false
2019-07-21T20:16:37.407Z,1,6,false
2019-07-21T20:17:32.316Z,1,7,false
2019-07-21T20:18:25.960Z,1,8,false
2019-07-21T20:19:20.852Z,1,9,false
2019-07-21T20:20:45.435Z,1,1,false
2019-07-21T20:21:35.658Z,1,2,false
2019-07-21T20:22:28.972Z,1,3,false
2019-07-21T20:23:22.815Z,1,4,false
2019-07-21T20:24:18.361Z,1,5,false
2019-07-21T20:25:12.876Z,1,6,false
2019-07-21T20:26:07.580Z,1,7,false
2019-07-21T20:27:02.166Z,1,8,false
2019-07-21T20:27:56.880Z,1,9,false
2019-07-21T20:29:21.200Z,1,1,false
2019-07-21T20:30:09.668Z,1,2,false
2019-07-21T20:31:02.972Z,1,3,false
2019-07-21T20:31:57.877Z,1,4,false
2019-07-21T20:32:53.502Z,1,5,false
2019-07-21T20:33:48.195Z,1,6,false
2019-07-21T20:34:43.236Z,1,7,false
2019-07-21T20:35:37.611Z,1,8,false
2019-07-21T20:36:32.232Z,1,9,false
2019-07-21T20:37:57.124Z,1,1,false
2019-07-21T20:38:48.188Z,1,2,false
2019-07-21T20:39:35.816Z,1,3,false
2019-07-21T20:40:30.497Z,1,4,false
2019-07-21T20:41:26.101Z,1,5,false
2019-07-21T20:42:19.864Z,1,6,false
2019-07-21T20:43:14.947Z,1,7,false
2019-07-21T20:44:08.910Z,1,8,false
2019-07-21T20:45:03.659Z,1,9,false
2019-07-21T20:46:28.260Z,1,1,false
2019-07-21T20:47:18.683Z,1,2,false
2019-07-21T20:48:12.522Z,1,3,false
2019-07-21T20:49:06.596Z,1,4,false
2019-07-21T20:50:01.560Z,1,5,false
2019-07-21T20:50:56.041Z,1,6,false
2019-07-21T20:51:50.789Z,1,7,false
2019-07-21T20:52:45.344Z,1,8,false
2019-07-21T20:53:40.286Z,1,9,false
2019-07-21T20:55:05.090Z,1,1,false
2019-07-21T20:55:54.036Z,1,2,false
2019-07-21T20:56:47.434Z,1,3,false
2019-07-21T20:57:42.206Z,1,4,false
2019-07-21T20:58:37.519Z,1,5,false
2019-07-21T20:59:32.193Z,1,6,false
2019-07-21T21:00:27.274Z,1,7,false
2019-07-21T21:01:20.862Z,1,8,false
2019-07-21T21:02:15.639Z,1,9,false
2019-07-21T21:03:40.236Z,1,1,false
2019-07-21T21:04:31.011Z,1,2,false
2019-07-21T21:05:24.601Z,1,3,false
2019-07-21T21:06:18.790Z,1,4,false
2019-07-21T21:07:13.729Z,1,5,false
2019-07-21T21:08:07.487Z,1,6,false
2019-07-21T21:09:03.143Z,1,7,false
2019-07-21T21:09:57.136Z,1,8,false
2019-07-21T21:10:51.734Z,1,9,false
2019-07-21T21:12:16.215Z,1,1,false
2019-07-21T21:13:05.193Z,1,2,false
2019-07-21T21:13:58.799Z,1,3,false
2019-07-21T21:14:53.838Z,1,4,false
2019-07-21T21:15:49.312Z,1,5,false
2019-07-21T21:16:43.656Z,1,6,false
2019-07-21T21:17:38.432Z,1,7,false
2019-07-21T21:18:32.539Z,1,8,false
2019-07-21T21:19:27.628Z,1,9,false
2019-07-21T21:20:52.243Z,1,1,false
2019-07-21T21:21:42.478Z,1,2,false
2019-07-21T21:22:31.252Z,1,3,false
2019-07-21T21:23:26.518Z,1,4,false
2019-07-21T21:24:21.558Z,1,5,false
2019-07-21T21:25:15.673Z,1,6,false
2019-07-21T21:26:10.365Z,1,7,false
2019-07-21T21:27:04.830Z,1,8,false
2019-07-21T21:27:59.444Z,1,9,false
2019-07-21T21:29:23.284Z,1,1,false
2019-07-21T21:30:12.631Z,1,2,false
2019-07-21T21:31:06.089Z,1,3,false
2019-07-21T21:32:00.846Z,1,4,false
2019-07-21T21:32:56.361Z,1,5,false
2019-07-21T21:33:51.256Z,1,6,false
2019-07-21T21:34:46.015Z,1,7,false
2019-07-21T21:35:39.686Z,1,8,false
2019-07-21T21:36:34.321Z,1,9,false
2019-07-21T21:37:59.044Z,1,1,false
2019-07-21T21:38:49.490Z,1,2,false
2019-07-21T21:39:42.650Z,1,3,false
2019-07-21T21:40:37.533Z,1,4,false
2019-07-21T21:41:32.937Z,1,5,false
2019-07-21T21:42:27.279Z,1,6,false
2019-07-21T21:43:22.036Z,1,7,false
2019-07-21T21:44:15.804Z,1,8,false
2019-07-21T21:45:10.495Z,1,9,false
2019-07-21T21:46:35.204Z,1,1,false
2019-07-21T21:47:26.448Z,1,2,false
2019-07-21T21:48:15.959Z,1,3,false
2019-07-21T21:49:10.821Z,1,4,false
2019-07-21T21:50:06.250Z,1,5,false
2019-07-21T21:51:01.040Z,1,6,false
2019-07-21T21:51:56.179Z,1,7,false
2019-07-21T21:52:50.448Z,1,8,false
2019-07-21T21:53:45.184Z,1,9,false
2019-07-21T21:55:09.941Z,1,1,false
2019-07-21T21:56:00.838Z,1,2,false
2019-07-21T21:56:50.146Z,1,3,false
2019-07-21T21:57:45.184Z,1,4,false
2019-07-21T21:58:40.550Z,1,5,false
2019-07-21T21:59:35.421Z,1,6,false
2019-07-21T22:00:30.375Z,1,7,false
2019-07-21T22:01:24.676Z,1,8,false
2019-07-21T22:02:19.123Z,1,9,false
2019-07-21T22:03:43.661Z,1,1,false
2019-07-21T22:04:33.670Z,1,2,false
2019-07-21T22:05:27.020Z,1,3,false
2019-07-21T22:06:21.178Z,1,4,false
2019-07-21T22:07:16.517Z,1,5,false
2019-07-21T22:08:10.999Z,1,6,false
2019-07-21T22:09:05.856Z,1,7,false
2019-07-21T22:09:59.612Z,1,8,false
2019-07-21T22:10:54.369Z,1,9,false
2019-07-21T22:12:19.254Z,1,1,false
2019-07-21T22:13:08.622Z,1,2,false
2019-07-21T22:14:01.916Z,1,3,false
2019-07-21T22:14:56.707Z,1,4,false
2019-07-21T22:15:51.844Z,1,5,false
2019-07-21T22:16:46.086Z,1,6,false
2019-07-21T22:17:41.104Z,1,7,false
2019-07-21T22:18:35.143Z,1,8,false
2019-07-21T22:19:30.322Z,1,9,false
2019-07-21T22:20:54.758Z,1,1,false
2019-07-21T22:21:43.345Z,1,2,false
2019-07-21T22:22:36.590Z,1,3,false
2019-07-21T22:23:31.097Z,1,4,false
2019-07-21T22:24:26.331Z,1,5,false
2019-07-21T22:25:20.337Z,1,6,false
2019-07-21T22:26:15.236Z,1,7,false
2019-07-21T22:27:09.549Z,1,8,false
2019-07-21T22:28:04.080Z,1,9,false
2019-07-21T22:29:31.774Z,1,1,false
2019-07-21T22:30:23.437Z,1,2,false
2019-07-21T22:31:13.830Z,1,3,false
2019-07-21T22:32:08.573Z,1,4,false
2019-07-21T22:33:03.270Z,1,5,false
2019-07-21T22:33:57.690Z,1,6,false
2019-07-21T22:34:52.134Z,1,7,false
2019-07-21T22:35:46.374Z,1,8,false
2019-07-21T22:36:40.920Z,1,9,false
2019-07-21T22:38:05.393Z,1,1,false
2019-07-21T22:38:54.050Z,1,2,false
2019-07-21T22:39:47.330Z,1,3,false
2019-07-21T22:40:41.771Z,1,4,false
2019-07-21T22:41:36.631Z,1,5,false
2019-07-21T22:42:30.789Z,1,6,false
2019-07-21T22:43:25.349Z,1,7,false
2019-07-21T22:44:19.229Z,1,8,false
2019-07-21T22:45:13.825Z,1,9,false
2019-07-21T22:46:38.060Z,1,1,false
2019-07-21T22:47:28.792Z,1,2,false
2019-07-21T22:48:18.776Z,1,3,false
2019-07-21T22:49:13.048Z,1,4,false
2019-07-21T22:50:08.571Z,1,5,false
2019-07-21T22:51:02.901Z,1,6,false
2019-07-21T22:51:57.803Z,1,7,false
2019-07-21T22:52:52.380Z,1,8,false
2019-07-21T22:53:46.987Z,1,9,false
2019-07-21T22:55:11.449Z,1,1,false
2019-07-21T22:56:01.659Z,1,2,false
2019-07-21T22:56:55.017Z,1,3,false
2019-07-21T22:57:48.679Z,1,4,false
2019-07-21T22:58:43.866Z,1,5,false
2019-07-21T22:59:38.353Z,1,6,false
2019-07-21T23:00:33.586Z,1,7,false
2019-07-21T23:01:26.982Z,1,8,false
2019-07-21T23:02:21.247Z,1,9,false
2019-07-21T23:03:45.448Z,1,1,false
2019-07-21T23:04:36.770Z,1,2,false
2019-07-21T23:05:24.264Z,1,3,false
2019-07-21T23:06:18.510Z,1,4,false
2019-07-21T23:07:13.977Z,1,5,false
2019-07-21T23:08:08.362Z,1,6,false
2019-07-21T23:09:03.089Z,1,7,false
2019-07-21T23:09:57.371Z,1,8,false
2019-07-21T23:10:52.171Z,1,9,false
2019-07-21T23:12:16.734Z,1,1,false
2019-07-21T23:13:03.951Z,1,2,false
2019-07-21T23:13:57.292Z,1,3,false
2019-07-21T23:14:56.363Z,1,4,false
2019-07-21T23:15:54.810Z,1,5,false
2019-07-21T23:16:48.559Z,1,6,false
2019-07-21T23:17:43.969Z,1,7,false
2019-07-21T23:18:38.314Z,1,8,false
2019-07-21T23:19:33.339Z,1,9,false
2019-07-21T23:20:58.415Z,1,1,false
2019-07-21T23:21:48.388Z,1,2,false
2019-07-21T23:22:36.402Z,1,3,false
2019-07-21T23:23:31.492Z,1,4,false
2019-07-21T23:24:27.062Z,1,5,false
2019-07-21T23:25:21.722Z,1,6,false
2019-07-21T23:26:16.245Z,1,7,false
2019-07-21T23:27:10.589Z,1,8,false
2019-07-21T23:28:06.380Z,1,9,false
2019-07-21T23:29:30.406Z,1,1,false
2019-07-21T23:30:19.072Z,1,2,false
2019-07-21T23:31:12.559Z,1,3,false
2019-07-21T23:32:07.723Z,1,4,false
2019-07-21T23:33:02.607Z,1,5,false
2019-07-21T23:33:57.081Z,1,6,false
2019-07-21T23:34:51.880Z,1,7,false
2019-07-21T23:35:46.239Z,1,8,false
2019-07-21T23:36:40.738Z,1,9,false
2019-07-21T23:38:05.774Z,1,1,false
2019-07-21T23:38:57.115Z,1,2,false
2019-07-21T23:39:46.826Z,1,3,false
2019-07-21T23:40:41.708Z,1,4,false
2019-07-21T23:41:37.264Z,1,5,false
2019-07-21T23:42:31.512Z,1,6,false
2019-07-21T23:43:26.597Z,1,7,false
2019-07-21T23:44:20.445Z,1,8,false
2019-07-21T23:45:15.268Z,1,9,false
2019-07-21T23:46:39.259Z,1,1,false
2019-07-21T23:47:27.199Z,1,2,false
2019-07-21T23:48:20.304Z,1,3,false
2019-07-21T23:49:15.036Z,1,4,false
2019-07-21T23:50:10.628Z,1,5,false
2019-07-21T23:51:05.394Z,1,6,false
2019-07-21T23:52:00.404Z,1,7,false
2019-07-21T23:52:54.725Z,1,8,false
2019-07-21T23:53:49.395Z,1,9,false
2019-07-21T23:55:14.107Z,1,1,false
2019-07-21T23:56:05.204Z,1,2,false
2019-07-21T23:56:53.028Z,1,3,false
2019-07-21T23:57:47.598Z,1,4,false
2019-07-21T23:58:43.314Z,1,5,false
2019-07-21T23:59:35.027Z,1,6,false
2019-07-22T00:00:23.060Z,1,7,false
2019-07-22T00:01:09.875Z,1,8,false
2019-07-22T00:01:57.286Z,1,9,false
2019-07-22T00:03:23.074Z,1,1,false
2019-07-22T00:04:45.143Z,1,2,false
2019-07-22T00:06:03.001Z,1,3,false
2019-07-22T00:07:20.867Z,1,4,false
2019-07-22T00:08:38.676Z,1,5,false
2019-07-22T00:09:57.413Z,1,6,false
2019-07-22T00:11:15.144Z,1,7,false
2019-07-22T00:12:01.334Z,1,8,false
2019-07-22T00:12:55.061Z,1,9,false
2019-07-22T00:14:17.777Z,1,1,false
2019-07-22T00:15:27.610Z,1,2,false
2019-07-22T00:16:02.225Z,1,3,false
2019-07-22T00:16:58.324Z,1,4,false
2019-07-22T00:17:54.702Z,1,5,false
2019-07-22T00:18:50.926Z,1,6,false
2019-07-22T00:19:46.776Z,1,7,false
2019-07-22T00:20:42.092Z,1,8,false
2019-07-22T00:21:40.829Z,1,9,false
2019-07-22T00:22:48.928Z,1,1,false
2019-07-22T00:23:12.813Z,1,2,false
2019-07-22T00:24:00.648Z,1,3,false
2019-07-22T00:24:57.326Z,1,4,false
2019-07-22T00:25:53.874Z,1,5,false
2019-07-22T00:26:49.531Z,1,6,false
2019-07-22T00:27:45.599Z,1,7,false
2019-07-22T00:28:41.463Z,1,8,false
2019-07-22T00:29:37.379Z,1,9,false
2019-07-22T00:31:04.477Z,1,1,false
2019-07-22T00:31:54.427Z,1,2,false
2019-07-22T00:32:49.119Z,1,3,false
2019-07-22T00:33:45.239Z,1,4,false
2019-07-22T00:34:41.502Z,1,5,false
2019-07-22T00:35:37.367Z,1,6,false
2019-07-22T00:36:33.268Z,1,7,false
2019-07-22T00:37:29.152Z,1,8,false
2019-07-22T00:38:25.030Z,1,9,false
2019-07-22T00:39:38.381Z,1,1,false
2019-07-22T00:40:39.352Z,1,2,false
2019-07-22T00:41:34.213Z,1,3,false
2019-07-22T00:42:30.110Z,1,4,false
2019-07-22T00:43:26.608Z,1,5,false
2019-07-22T00:44:22.279Z,1,6,false
2019-07-22T00:45:18.172Z,1,7,false
2019-07-22T00:46:13.899Z,1,8,false
2019-07-22T00:47:09.784Z,1,9,false
2019-07-22T00:48:37.696Z,1,1,false
2019-07-22T00:49:25.886Z,1,2,false
2019-07-22T00:50:20.507Z,1,3,false
2019-07-22T00:51:16.329Z,1,4,false
2019-07-22T00:52:12.940Z,1,5,false
2019-07-22T00:53:08.815Z,1,6,false
2019-07-22T00:54:04.613Z,1,7,false
2019-07-22T00:55:00.107Z,1,8,false
2019-07-22T00:55:55.664Z,1,9,false
2019-07-22T00:57:24.683Z,1,1,false
2019-07-22T00:58:14.127Z,1,2,false
2019-07-22T00:59:09.202Z,1,3,false
2019-07-22T01:00:05.311Z,1,4,false
2019-07-22T01:01:01.644Z,1,5,false
2019-07-22T01:01:57.174Z,1,6,false
2019-07-22T01:02:53.578Z,1,7,false
2019-07-22T01:03:48.811Z,1,8,false
2019-07-22T01:04:45.122Z,1,9,false
2019-07-22T01:06:13.228Z,1,1,false
2019-07-22T01:07:04.093Z,1,2,false
2019-07-22T01:07:59.706Z,1,3,false
2019-07-22T01:08:55.919Z,1,4,false
2019-07-22T01:09:52.830Z,1,5,false
2019-07-22T01:10:49.122Z,1,6,false
2019-07-22T01:11:46.529Z,1,7,false
2019-07-22T01:12:42.162Z,1,8,false
2019-07-22T01:13:37.891Z,1,9,false
2019-07-22T01:15:06.489Z,1,1,false
2019-07-22T01:15:55.868Z,1,2,false
2019-07-22T01:16:50.700Z,1,3,false
2019-07-22T01:17:47.177Z,1,4,false
2019-07-22T01:18:43.597Z,1,5,false
2019-07-22T01:19:39.563Z,1,6,false
2019-07-22T01:20:35.247Z,1,7,false
2019-07-22T01:21:30.639Z,1,8,false
2019-07-22T01:22:26.588Z,1,9,false
2019-07-22T01:23:54.529Z,1,1,false
2019-07-22T01:24:43.455Z,1,2,false
2019-07-22T01:25:38.898Z,1,3,false
2019-07-22T01:26:35.068Z,1,4,false
2019-07-22T01:27:31.277Z,1,5,false
2019-07-22T01:28:27.402Z,1,6,false
2019-07-22T01:29:23.073Z,1,7,false
2019-07-22T01:30:18.534Z,1,8,false
2019-07-22T01:31:14.554Z,1,9,false
2019-07-22T01:32:27.385Z,1,1,false
2019-07-22T01:33:29.937Z,1,2,false
2019-07-22T01:34:24.920Z,1,3,false
2019-07-22T01:35:22.304Z,1,4,false
2019-07-22T01:36:19.038Z,1,5,false
2019-07-22T01:37:14.853Z,1,6,false
2019-07-22T01:38:10.512Z,1,7,false
2019-07-22T01:39:06.212Z,1,8,false
2019-07-22T01:40:01.978Z,1,9,false
2019-07-22T01:41:12.876Z,1,1,false
2019-07-22T01:42:14.039Z,1,2,false
2019-07-22T01:43:09.429Z,1,3,false
2019-07-22T01:44:05.358Z,1,4,false
2019-07-22T01:45:01.152Z,1,5,false
2019-07-22T01:45:56.991Z,1,6,false
2019-07-22T01:46:53.493Z,1,7,false
2019-07-22T01:47:49.159Z,1,8,false
2019-07-22T01:48:48.025Z,1,9,false
2019-07-22T01:50:27.568Z,1,1,false
2019-07-22T01:51:10.288Z,1,2,false
2019-07-22T01:52:06.205Z,1,3,false
2019-07-22T01:53:02.535Z,1,4,false
2019-07-22T01:53:59.089Z,1,5,false
2019-07-22T01:54:54.918Z,1,6,false
2019-07-22T01:55:51.758Z,1,7,false
2019-07-22T01:56:47.384Z,1,8,false
2019-07-22T01:57:43.480Z,1,9,false
2019-07-22T01:59:13.058Z,1,1,false
2019-07-22T02:00:03.230Z,1,2,false
2019-07-22T02:00:58.321Z,1,3,false
2019-07-22T02:01:55.509Z,1,4,false
2019-07-22T02:02:52.852Z,1,5,false
2019-07-22T02:03:48.677Z,1,6,false
2019-07-22T02:04:44.630Z,1,7,false
2019-07-22T02:05:40.020Z,1,8,false
2019-07-22T02:06:35.712Z,1,9,false
2019-07-22T02:08:03.762Z,1,1,false
2019-07-22T02:08:54.399Z,1,2,false
2019-07-22T02:09:49.777Z,1,3,false
2019-07-22T02:10:45.865Z,1,4,false
2019-07-22T02:11:42.181Z,1,5,false
2019-07-22T02:12:37.957Z,1,6,false
2019-07-22T02:13:34.409Z,1,7,false
2019-07-22T02:14:30.654Z,1,8,false
2019-07-22T02:15:26.509Z,1,9,false
2019-07-22T02:16:54.331Z,1,1,false
2019-07-22T02:17:43.707Z,1,2,false
2019-07-22T02:18:39.108Z,1,3,false
2019-07-22T02:19:35.755Z,1,4,false
2019-07-22T02:20:31.666Z,1,5,false
2019-07-22T02:21:27.308Z,1,6,false
2019-07-22T02:22:23.648Z,1,7,false
2019-07-22T02:23:19.066Z,1,8,false
2019-07-22T02:24:15.137Z,1,9,false
2019-07-22T02:25:43.457Z,1,1,false
2019-07-22T02:26:33.030Z,1,2,false
2019-07-22T02:27:28.155Z,1,3,false
2019-07-22T02:28:24.437Z,1,4,false
2019-07-22T02:29:20.865Z,1,5,false
2019-07-22T02:30:16.829Z,1,6,false
2019-07-22T02:31:12.669Z,1,7,false
2019-07-22T02:32:08.554Z,1,8,false
2019-07-22T02:33:04.154Z,1,9,false
2019-07-22T02:34:31.830Z,1,1,false
2019-07-22T02:35:20.154Z,1,2,false
2019-07-22T02:36:15.578Z,1,3,false
2019-07-22T02:37:11.815Z,1,4,false
2019-07-22T02:38:07.923Z,1,5,false
2019-07-22T02:39:04.265Z,1,6,false
2019-07-22T02:39:59.978Z,1,7,false
2019-07-22T02:40:54.998Z,1,8,false
2019-07-22T02:41:50.792Z,1,9,false
2019-07-22T02:43:18.523Z,1,1,false
2019-07-22T02:44:08.122Z,1,2,false
2019-07-22T02:45:03.396Z,1,3,false
2019-07-22T02:45:59.479Z,1,4,false
2019-07-22T02:46:55.598Z,1,5,false
2019-07-22T02:47:51.450Z,1,6,false
2019-07-22T02:48:46.855Z,1,7,false
2019-07-22T02:49:42.133Z,1,8,false
2019-07-22T02:50:37.972Z,1,9,false
2019-07-22T02:51:51.951Z,1,1,false
2019-07-22T02:52:50.199Z,1,2,false
2019-07-22T02:53:45.285Z,1,3,false
2019-07-22T02:54:41.503Z,1,4,false
2019-07-22T02:55:37.896Z,1,5,false
2019-07-22T02:56:34.463Z,1,6,false
2019-07-22T02:57:30.398Z,1,7,false
2019-07-22T02:58:26.073Z,1,8,false
2019-07-22T02:59:22.507Z,1,9,false
2019-07-22T03:00:31.700Z,1,1,false
2019-07-22T03:01:34.806Z,1,2,false
2019-07-22T03:02:29.800Z,1,3,false
2019-07-22T03:03:26.419Z,1,4,false
2019-07-22T03:04:22.563Z,1,5,false
2019-07-22T03:05:18.708Z,1,6,false
2019-07-22T03:06:14.850Z,1,7,false
2019-07-22T03:07:10.164Z,1,8,false
2019-07-22T03:08:05.937Z,1,9,false
2019-07-22T03:09:20.835Z,1,1,false
2019-07-22T03:10:19.740Z,1,2,false
2019-07-22T03:11:15.110Z,1,3,false
2019-07-22T03:12:11.283Z,1,4,false
2019-07-22T03:13:07.415Z,1,5,false
2019-07-22T03:14:02.766Z,1,6,false
2019-07-22T03:14:58.813Z,1,7,false
2019-07-22T03:15:54.410Z,1,8,false
2019-07-22T03:16:51.112Z,1,9,false
2019-07-22T03:18:19.509Z,1,1,false
2019-07-22T03:19:11.547Z,1,2,false
2019-07-22T03:20:07.118Z,1,3,false
2019-07-22T03:21:03.061Z,1,4,false
2019-07-22T03:21:58.990Z,1,5,false
2019-07-22T03:22:54.562Z,1,6,false
2019-07-22T03:23:50.547Z,1,7,false
2019-07-22T03:24:45.985Z,1,8,false
2019-07-22T03:25:41.897Z,1,9,false
2019-07-22T03:27:11.736Z,1,1,false
2019-07-22T03:27:58.482Z,1,2,false
2019-07-22T03:28:53.846Z,1,3,false
2019-07-22T03:29:50.327Z,1,4,false
2019-07-22T03:30:46.848Z,1,5,false
2019-07-22T03:31:43.043Z,1,6,false
2019-07-22T03:32:39.214Z,1,7,false
2019-07-22T03:33:34.591Z,1,8,false
2019-07-22T03:34:30.939Z,1,9,false
2019-07-22T03:35:59.203Z,1,1,false
2019-07-22T03:36:49.978Z,1,2,false
2019-07-22T03:37:45.559Z,1,3,false
2019-07-22T03:38:41.869Z,1,4,false
2019-07-22T03:39:38.660Z,1,5,false
2019-07-22T03:40:35.408Z,1,6,false
2019-07-22T03:41:31.241Z,1,7,false
2019-07-22T03:42:26.312Z,1,8,false
2019-07-22T03:43:22.343Z,1,9,false
2019-07-22T03:44:50.047Z,1,1,false
2019-07-22T03:45:39.058Z,1,2,false
2019-07-22T03:46:33.992Z,1,3,false
2019-07-22T03:47:30.459Z,1,4,false
2019-07-22T03:48:26.102Z,1,5,false
2019-07-22T03:49:22.008Z,1,6,false
2019-07-22T03:50:17.645Z,1,7,false
2019-07-22T03:51:12.892Z,1,8,false
2019-07-22T03:52:09.226Z,1,9,false
2019-07-22T03:53:37.455Z,1,1,false
2019-07-22T03:54:27.203Z,1,2,false
2019-07-22T03:55:22.592Z,1,3,false
2019-07-22T03:56:19.047Z,1,4,false
2019-07-22T03:57:15.485Z,1,5,false
2019-07-22T03:58:11.769Z,1,6,false
2019-07-22T03:59:07.750Z,1,7,false
2019-07-22T04:00:03.408Z,1,8,false
2019-07-22T04:00:58.741Z,1,9,false
2019-07-22T04:02:26.583Z,1,1,false
2019-07-22T04:03:16.661Z,1,2,false
2019-07-22T04:04:12.338Z,1,3,false
2019-07-22T04:05:08.688Z,1,4,false
2019-07-22T04:06:05.024Z,1,5,false
2019-07-22T04:07:00.687Z,1,6,false
2019-07-22T04:07:56.500Z,1,7,false
2019-07-22T04:08:52.630Z,1,8,false
2019-07-22T04:09:48.219Z,1,9,false
2019-07-22T04:11:16.481Z,1,1,false
2019-07-22T04:12:05.346Z,1,2,false
2019-07-22T04:13:00.509Z,1,3,false
2019-07-22T04:13:56.907Z,1,4,false
2019-07-22T04:14:53.431Z,1,5,false
2019-07-22T04:15:49.254Z,1,6,false
2019-07-22T04:16:44.840Z,1,7,false
2019-07-22T04:17:40.417Z,1,8,false
2019-07-22T04:18:36.330Z,1,9,false
2019-07-22T04:20:04.584Z,1,1,false
2019-07-22T04:20:53.880Z,1,2,false
2019-07-22T04:21:48.640Z,1,3,false
2019-07-22T04:22:44.590Z,1,4,false
2019-07-22T04:23:41.543Z,1,5,false
2019-07-22T04:24:37.523Z,1,6,false
2019-07-22T04:25:34.037Z,1,7,false
2019-07-22T04:26:29.424Z,1,8,false
2019-07-22T04:27:24.527Z,1,9,false
2019-07-22T04:28:34.211Z,1,1,false
2019-07-22T04:29:34.135Z,1,2,false
2019-07-22T04:30:29.792Z,1,3,false
2019-07-22T04:31:25.909Z,1,4,false
2019-07-22T04:32:22.193Z,1,5,false
2019-07-22T04:33:17.939Z,1,6,false
2019-07-22T04:34:14.412Z,1,7,false
2019-07-22T04:35:10.133Z,1,8,false
2019-07-22T04:36:06.521Z,1,9,false
2019-07-22T04:37:34.452Z,1,1,false
2019-07-22T04:38:25.220Z,1,2,false
2019-07-22T04:39:20.510Z,1,3,false
2019-07-22T04:40:16.290Z,1,4,false
2019-07-22T04:41:12.789Z,1,5,false
2019-07-22T04:42:08.318Z,1,6,false
2019-07-22T04:43:04.842Z,1,7,false
2019-07-22T04:44:00.228Z,1,8,false
2019-07-22T04:44:56.229Z,1,9,false
2019-07-22T04:46:25.301Z,1,1,false
2019-07-22T04:47:20.655Z,1,2,false
2019-07-22T04:48:15.725Z,1,3,false
2019-07-22T04:49:12.135Z,1,4,false
2019-07-22T04:50:08.690Z,1,5,false
2019-07-22T04:51:04.280Z,1,6,false
2019-07-22T04:52:00.399Z,1,7,false
2019-07-22T04:52:55.111Z,1,8,false
2019-07-22T04:53:51.322Z,1,9,false
2019-07-22T04:55:11.976Z,1,1,false
2019-07-22T04:56:08.932Z,1,2,false
2019-07-22T04:57:04.310Z,1,3,false
2019-07-22T04:58:00.739Z,1,4,false
2019-07-22T04:58:57.374Z,1,5,false
2019-07-22T04:59:53.057Z,1,6,false
2019-07-22T05:00:49.567Z,1,7,false
2019-07-22T05:01:44.828Z,1,8,false
2019-07-22T05:02:40.517Z,1,9,false
2019-07-22T05:04:07.241Z,1,1,false
2019-07-22T05:04:55.752Z,1,2,false
2019-07-22T05:05:51.269Z,1,3,false
2019-07-22T05:06:47.481Z,1,4,false
2019-07-22T05:07:44.068Z,1,5,false
2019-07-22T05:08:39.847Z,1,6,false
2019-07-22T05:09:36.069Z,1,7,false
2019-07-22T05:10:31.625Z,1,8,false
2019-07-22T05:11:27.508Z,1,9,false
2019-07-22T05:12:56.240Z,1,1,false
2019-07-22T05:13:44.972Z,1,2,false
2019-07-22T05:14:39.978Z,1,3,false
2019-07-22T05:15:36.256Z,1,4,false
2019-07-22T05:16:32.400Z,1,5,false
2019-07-22T05:17:30.059Z,1,6,false
2019-07-22T05:18:26.023Z,1,7,false
2019-07-22T05:19:22.092Z,1,8,false
2019-07-22T05:20:17.505Z,1,9,false
2019-07-22T05:21:28.917Z,1,1,false
2019-07-22T05:22:27.990Z,1,2,false
2019-07-22T05:23:23.895Z,1,3,false
2019-07-22T05:24:20.432Z,1,4,false
2019-07-22T05:25:16.701Z,1,5,false
2019-07-22T05:26:12.975Z,1,6,false
2019-07-22T05:27:09.909Z,1,7,false
2019-07-22T05:28:05.447Z,1,8,false
2019-07-22T05:29:01.393Z,1,9,false
2019-07-22T05:30:17.122Z,1,1,false
2019-07-22T05:31:21.509Z,1,2,false
2019-07-22T05:32:18.249Z,1,3,false
2019-07-22T05:33:15.315Z,1,4,false
2019-07-22T05:34:11.918Z,1,5,false
2019-07-22T05:35:07.844Z,1,6,false
2019-07-22T05:36:04.396Z,1,7,false
2019-07-22T05:37:01.060Z,1,8,false
2019-07-22T05:38:00.332Z,1,9,false
2019-07-22T05:39:22.775Z,1,1,false
2019-07-22T05:40:18.732Z,1,2,false
2019-07-22T05:41:14.938Z,1,3,false
2019-07-22T05:42:11.423Z,1,4,false
2019-07-22T05:43:08.506Z,1,5,false
2019-07-22T05:44:05.201Z,1,6,false
2019-07-22T05:45:01.926Z,1,7,false
2019-07-22T05:45:57.594Z,1,8,false
2019-07-22T05:46:54.383Z,1,9,false
2019-07-22T05:48:22.882Z,1,1,false
2019-07-22T05:49:12.066Z,1,2,false
2019-07-22T05:50:08.017Z,1,3,false
2019-07-22T05:51:04.237Z,1,4,false
2019-07-22T05:52:00.424Z,1,5,false
2019-07-22T05:52:56.165Z,1,6,false
2019-07-22T05:53:51.920Z,1,7,false
2019-07-22T05:54:48.138Z,1,8,false
2019-07-22T05:55:44.419Z,1,9,false
2019-07-22T05:57:13.111Z,1,1,false
2019-07-22T05:58:03.323Z,1,2,false
2019-07-22T05:58:59.097Z,1,3,false
2019-07-22T05:59:55.518Z,1,4,false
2019-07-22T06:00:52.753Z,1,5,false
2019-07-22T06:01:48.067Z,1,6,false
2019-07-22T06:02:45.082Z,1,7,false
2019-07-22T06:03:40.671Z,1,8,false
2019-07-22T06:04:37.651Z,1,9,false
2019-07-22T06:06:05.844Z,1,1,false
2019-07-22T06:06:57.323Z,1,2,false
2019-07-22T06:07:52.886Z,1,3,false
2019-07-22T06:08:49.353Z,1,4,false
2019-07-22T06:09:45.842Z,1,5,false
2019-07-22T06:10:42.054Z,1,6,false
2019-07-22T06:11:38.595Z,1,7,false
2019-07-22T06:12:34.300Z,1,8,false
2019-07-22T06:13:30.597Z,1,9,false
2019-07-22T06:14:59.079Z,1,1,false
2019-07-22T06:15:48.995Z,1,2,false
2019-07-22T06:16:44.350Z,1,3,false
2019-07-22T06:17:40.391Z,1,4,false
2019-07-22T06:18:36.669Z,1,5,false
2019-07-22T06:19:33.032Z,1,6,false
2019-07-22T06:20:29.120Z,1,7,false
2019-07-22T06:21:24.611Z,1,8,false
2019-07-22T06:22:20.449Z,1,9,false
2019-07-22T06:23:48.808Z,1,1,false
2019-07-22T06:24:37.926Z,1,2,false
2019-07-22T06:25:32.981Z,1,3,false
2019-07-22T06:26:29.896Z,1,4,false
2019-07-22T06:27:26.104Z,1,5,false
2019-07-22T06:28:22.372Z,1,6,false
2019-07-22T06:29:18.354Z,1,7,false
2019-07-22T06:30:13.186Z,1,8,false
2019-07-22T06:31:08.808Z,1,9,false
2019-07-22T06:32:21.403Z,1,1,false
2019-07-22T06:33:20.871Z,1,2,false
2019-07-22T06:34:16.517Z,1,3,false
2019-07-22T06:35:13.063Z,1,4,false
2019-07-22T06:36:08.935Z,1,5,false
2019-07-22T06:37:05.202Z,1,6,false
2019-07-22T06:38:00.948Z,1,7,false
2019-07-22T06:38:56.286Z,1,8,false
2019-07-22T06:39:51.884Z,1,9,false
2019-07-22T06:41:20.438Z,1,1,false
2019-07-22T06:42:09.732Z,1,2,false
2019-07-22T06:43:05.275Z,1,3,false
2019-07-22T06:44:01.667Z,1,4,false
2019-07-22T06:44:57.980Z,1,5,false
2019-07-22T06:45:53.419Z,1,6,false
2019-07-22T06:46:49.727Z,1,7,false
2019-07-22T06:47:45.079Z,1,8,false
2019-07-22T06:48:40.652Z,1,9,false
2019-07-22T06:50:09.229Z,1,1,false
2019-07-22T06:50:58.152Z,1,2,false
2019-07-22T06:51:53.207Z,1,3,false
2019-07-22T06:52:49.020Z,1,4,false
2019-07-22T06:53:46.120Z,1,5,false
2019-07-22T06:54:42.757Z,1,6,false
2019-07-22T06:55:38.972Z,1,7,false
2019-07-22T06:56:34.750Z,1,8,false
2019-07-22T06:57:31.000Z,1,9,false
2019-07-22T06:58:59.552Z,1,1,false
2019-07-22T06:59:49.726Z,1,2,false
2019-07-22T07:00:45.439Z,1,3,false
2019-07-22T07:01:41.566Z,1,4,false
2019-07-22T07:02:37.889Z,1,5,false
2019-07-22T07:03:34.196Z,1,6,false
2019-07-22T07:04:30.947Z,1,7,false
2019-07-22T07:05:26.259Z,1,8,false
2019-07-22T07:06:21.685Z,1,9,false
2019-07-22T07:07:49.314Z,1,1,false
2019-07-22T07:08:40.315Z,1,2,false
2019-07-22T07:09:35.428Z,1,3,false
2019-07-22T07:10:31.810Z,1,4,false
2019-07-22T07:11:27.935Z,1,5,false
2019-07-22T07:12:24.087Z,1,6,false
2019-07-22T07:13:19.638Z,1,7,false
2019-07-22T07:14:15.145Z,1,8,false
2019-07-22T07:15:10.931Z,1,9,false
2019-07-22T07:16:21.183Z,1,1,false
2019-07-22T07:17:21.936Z,1,2,false
2019-07-22T07:18:17.177Z,1,3,false
2019-07-22T07:19:13.268Z,1,4,false
2019-07-22T07:20:09.734Z,1,5,false
2019-07-22T07:21:05.675Z,1,6,false
2019-07-22T07:22:01.724Z,1,7,false
2019-07-22T07:22:56.956Z,1,8,false
2019-07-22T07:23:53.239Z,1,9,false
2019-07-22T07:25:06.745Z,1,1,false
2019-07-22T07:26:07.928Z,1,2,false
2019-07-22T07:27:02.965Z,1,3,false
2019-07-22T07:27:58.879Z,1,4,false
2019-07-22T07:28:55.537Z,1,5,false
2019-07-22T07:29:51.512Z,1,6,false
2019-07-22T07:30:47.735Z,1,7,false
2019-07-22T07:31:43.745Z,1,8,false
2019-07-22T07:32:39.518Z,1,9,false
2019-07-22T07:33:50.311Z,1,1,false
2019-07-22T07:34:50.975Z,1,2,false
2019-07-22T07:35:46.489Z,1,3,false
2019-07-22T07:36:42.516Z,1,4,false
2019-07-22T07:37:39.346Z,1,5,false
2019-07-22T07:38:35.144Z,1,6,false
2019-07-22T07:39:31.345Z,1,7,false
2019-07-22T07:40:27.031Z,1,8,false
2019-07-22T07:41:22.703Z,1,9,false
2019-07-22T07:42:50.598Z,1,1,false
2019-07-22T07:43:40.163Z,1,2,false
2019-07-22T07:44:34.623Z,1,3,false
2019-07-22T07:45:31.201Z,1,4,false
2019-07-22T07:46:27.788Z,1,5,false
2019-07-22T07:47:23.763Z,1,6,false
2019-07-22T07:48:20.10Z,1,7,false
2019-07-22T07:49:15.805Z,1,8,false
2019-07-22T07:50:11.800Z,1,9,false
2019-07-22T07:51:40.116Z,1,1,false
2019-07-22T07:52:30.044Z,1,2,false
2019-07-22T07:53:25.603Z,1,3,false
2019-07-22T07:54:22.240Z,1,4,false
2019-07-22T07:55:18.229Z,1,5,false
2019-07-22T07:56:14.008Z,1,6,false
2019-07-22T07:57:13.285Z,1,7,false
2019-07-22T07:58:13.355Z,1,8,false
2019-07-22T07:59:11.007Z,1,9,false
2019-07-22T08:00:40.686Z,1,1,false
2019-07-22T08:01:30.902Z,1,2,false
2019-07-22T08:02:26.016Z,1,3,false
2019-07-22T08:03:23.389Z,1,4,false
2019-07-22T08:04:19.949Z,1,5,false
2019-07-22T08:05:15.475Z,1,6,false
2019-07-22T08:06:11.983Z,1,7,false
2019-07-22T08:07:07.612Z,1,8,false
2019-07-22T08:08:03.871Z,1,9,false
2019-07-22T08:09:32.456Z,1,1,false
2019-07-22T08:10:24.298Z,1,2,false
2019-07-22T08:11:19.723Z,1,3,false
2019-07-22T08:12:15.909Z,1,4,false
2019-07-22T08:13:12.716Z,1,5,false
2019-07-22T08:14:08.831Z,1,6,false
2019-07-22T08:15:05.457Z,1,7,false
2019-07-22T08:16:03.534Z,1,8,false
2019-07-22T08:17:02.955Z,1,9,false
2019-07-22T08:18:12.321Z,1,1,false
2019-07-22T08:19:14.499Z,1,2,false
2019-07-22T08:20:09.805Z,1,3,false
2019-07-22T08:21:06.648Z,1,4,false
2019-07-22T08:22:02.955Z,1,5,false
2019-07-22T08:22:59.014Z,1,6,false
2019-07-22T08:23:55.206Z,1,7,false
2019-07-22T08:24:51.294Z,1,8,false
2019-07-22T08:25:46.838Z,1,9,false
2019-07-22T08:27:16.260Z,1,1,false
2019-07-22T08:28:05.798Z,1,2,false
2019-07-22T08:29:01.344Z,1,3,false
2019-07-22T08:29:57.604Z,1,4,false
2019-07-22T08:30:54.681Z,1,5,false
2019-07-22T08:31:51.422Z,1,6,false
2019-07-22T08:32:48.189Z,1,7,false
2019-07-22T08:33:44.464Z,1,8,false
2019-07-22T08:34:41.261Z,1,9,false
2019-07-22T08:36:09.827Z,1,1,false
2019-07-22T08:37:01.295Z,1,2,false
2019-07-22T08:37:56.629Z,1,3,false
2019-07-22T08:38:52.438Z,1,4,false
2019-07-22T08:39:49.706Z,1,5,false
2019-07-22T08:40:45.454Z,1,6,false
2019-07-22T08:41:42.480Z,1,7,false
2019-07-22T08:42:38.637Z,1,8,false
2019-07-22T08:43:35.286Z,1,9,false
2019-07-22T08:45:02.532Z,1,1,false
2019-07-22T08:45:52.535Z,1,2,false
2019-07-22T08:46:47.889Z,1,3,false
2019-07-22T08:47:43.882Z,1,4,false
2019-07-22T08:48:39.984Z,1,5,false
2019-07-22T08:49:36.031Z,1,6,false
2019-07-22T08:50:32.517Z,1,7,false
2019-07-22T08:51:27.665Z,1,8,false
2019-07-22T08:52:24.135Z,1,9,false
2019-07-22T08:53:52.758Z,1,1,false
2019-07-22T08:54:43.042Z,1,2,false
2019-07-22T08:55:37.901Z,1,3,false
2019-07-22T08:56:34.447Z,1,4,false
2019-07-22T08:57:30.433Z,1,5,false
2019-07-22T08:58:26.630Z,1,6,false
2019-07-22T08:59:22.434Z,1,7,false
2019-07-22T09:00:17.915Z,1,8,false
2019-07-22T09:01:14.061Z,1,9,false
2019-07-22T09:02:41.745Z,1,1,false
2019-07-22T09:03:31.462Z,1,2,false
2019-07-22T09:04:26.228Z,1,3,false
2019-07-22T09:05:23.597Z,1,4,false
2019-07-22T09:06:20.177Z,1,5,false
2019-07-22T09:07:16.114Z,1,6,false
2019-07-22T09:08:11.856Z,1,7,false
2019-07-22T09:09:07.493Z,1,8,false
2019-07-22T09:10:03.335Z,1,9,false
2019-07-22T09:11:14.540Z,1,1,false
2019-07-22T09:12:16.652Z,1,2,false
2019-07-22T09:13:11.595Z,1,3,false
2019-07-22T09:14:07.643Z,1,4,false
2019-07-22T09:15:03.913Z,1,5,false
2019-07-22T09:15:59.902Z,1,6,false
2019-07-22T09:16:55.437Z,1,7,false
2019-07-22T09:17:50.548Z,1,8,false
2019-07-22T09:18:46.646Z,1,9,false
2019-07-22T09:20:14.668Z,1,1,false
2019-07-22T09:21:04.235Z,1,2,false
2019-07-22T09:21:59.474Z,1,3,false
2019-07-22T09:22:55.530Z,1,4,false
2019-07-22T09:23:51.262Z,1,5,false
2019-07-22T09:24:47.239Z,1,6,false
2019-07-22T09:25:42.649Z,1,7,false
2019-07-22T09:26:38.459Z,1,8,false
2019-07-22T09:27:34.536Z,1,9,false
2019-07-22T09:29:03.035Z,1,1,false
2019-07-22T09:29:53.003Z,1,2,false
2019-07-22T09:30:48.358Z,1,3,false
2019-07-22T09:31:44.848Z,1,4,false
2019-07-22T09:32:41.645Z,1,5,false
2019-07-22T09:33:37.537Z,1,6,false
2019-07-22T09:34:33.489Z,1,7,false
2019-07-22T09:35:29.476Z,1,8,false
2019-07-22T09:36:25.225Z,1,9,false
2019-07-22T09:37:53.511Z,1,1,false
2019-07-22T09:38:42.817Z,1,2,false
2019-07-22T09:39:38.330Z,1,3,false
2019-07-22T09:40:34.476Z,1,4,false
2019-07-22T09:41:30.821Z,1,5,false
2019-07-22T09:42:26.909Z,1,6,false
2019-07-22T09:43:22.771Z,1,7,false
2019-07-22T09:44:18.552Z,1,8,false
2019-07-22T09:45:14.878Z,1,9,false
2019-07-22T09:46:27.230Z,1,1,false
2019-07-22T09:47:26.654Z,1,2,false
2019-07-22T09:48:21.729Z,1,3,false
2019-07-22T09:49:18.441Z,1,4,false
2019-07-22T09:50:14.650Z,1,5,false
2019-07-22T09:51:10.908Z,1,6,false
2019-07-22T09:52:07.304Z,1,7,false
2019-07-22T09:53:02.796Z,1,8,false
2019-07-22T09:53:58.390Z,1,9,false
2019-07-22T09:55:10.003Z,1,1,false
2019-07-22T09:56:12.877Z,1,2,false
2019-07-22T09:57:08.306Z,1,3,false
2019-07-22T09:58:04.369Z,1,4,false
2019-07-22T09:59:00.271Z,1,5,false
2019-07-22T09:59:56.057Z,1,6,false
2019-07-22T10:00:52.400Z,1,7,false
2019-07-22T10:01:48.477Z,1,8,false
2019-07-22T10:02:44.621Z,1,9,false
2019-07-22T10:03:54.372Z,1,1,false
2019-07-22T10:04:57.414Z,1,2,false
2019-07-22T10:05:52.750Z,1,3,false
2019-07-22T10:06:49.544Z,1,4,false
2019-07-22T10:07:46.287Z,1,5,false
2019-07-22T10:08:42.572Z,1,6,false
2019-07-22T10:09:38.555Z,1,7,false
2019-07-22T10:10:33.729Z,1,8,false
2019-07-22T10:11:30.525Z,1,9,false
2019-07-22T10:12:50.571Z,1,1,false
2019-07-22T10:13:49.806Z,1,2,false
2019-07-22T10:14:45.343Z,1,3,false
2019-07-22T10:15:42.060Z,1,4,false
2019-07-22T10:16:38.969Z,1,5,false
2019-07-22T10:17:34.999Z,1,6,false
2019-07-22T10:18:31.207Z,1,7,false
2019-07-22T10:19:27.242Z,1,8,false
2019-07-22T10:20:23.763Z,1,9,false
2019-07-22T10:21:37.151Z,1,1,false
2019-07-22T10:22:39.564Z,1,2,false
2019-07-22T10:23:35.345Z,1,3,false
2019-07-22T10:24:33.216Z,1,4,false
2019-07-22T10:25:29.578Z,1,5,false
2019-07-22T10:26:25.891Z,1,6,false
2019-07-22T10:27:22.351Z,1,7,false
2019-07-22T10:28:17.949Z,1,8,false
2019-07-22T10:29:13.701Z,1,9,false
2019-07-22T10:30:22.678Z,1,1,false
2019-07-22T10:31:25.539Z,1,2,false
2019-07-22T10:32:20.701Z,1,3,false
2019-07-22T10:33:17.088Z,1,4,false
2019-07-22T10:34:13.315Z,1,5,false
2019-07-22T10:35:09.392Z,1,6,false
2019-07-22T10:36:05.421Z,1,7,false
2019-07-22T10:37:01.210Z,1,8,false
2019-07-22T10:37:56.667Z,1,9,false
2019-07-22T10:39:05.666Z,1,1,false
2019-07-22T10:40:03.162Z,1,2,false
2019-07-22T10:40:58.543Z,1,3,false
2019-07-22T10:41:54.960Z,1,4,false
2019-07-22T10:42:51.399Z,1,5,false
2019-07-22T10:43:47.245Z,1,6,false
2019-07-22T10:44:43.582Z,1,7,false
2019-07-22T10:45:39.305Z,1,8,false
2019-07-22T10:46:35.866Z,1,9,false
2019-07-22T10:48:03.487Z,1,1,false
2019-07-22T10:48:54.446Z,1,2,false
2019-07-22T10:49:50.195Z,1,3,false
2019-07-22T10:50:46.661Z,1,4,false
2019-07-22T10:51:43.072Z,1,5,false
2019-07-22T10:52:39.283Z,1,6,false
2019-07-22T10:53:34.949Z,1,7,false
2019-07-22T10:54:30.710Z,1,8,false
2019-07-22T10:55:26.639Z,1,9,false
2019-07-22T10:56:35.920Z,1,1,false
2019-07-22T10:57:35.160Z,1,2,false
2019-07-22T10:58:29.972Z,1,3,false
2019-07-22T10:59:26.391Z,1,4,false
2019-07-22T11:00:23.177Z,1,5,false
2019-07-22T11:01:18.940Z,1,6,false
2019-07-22T11:02:14.942Z,1,7,false
2019-07-22T11:03:11.407Z,1,8,false
2019-07-22T11:04:07.680Z,1,9,false
2019-07-22T11:05:18.978Z,1,1,false
2019-07-22T11:06:17.133Z,1,2,false
2019-07-22T11:07:12.213Z,1,3,false
2019-07-22T11:08:08.630Z,1,4,false
2019-07-22T11:09:05.277Z,1,5,false
2019-07-22T11:10:01.365Z,1,6,false
2019-07-22T11:10:57.432Z,1,7,false
2019-07-22T11:11:53.123Z,1,8,false
2019-07-22T11:12:49.172Z,1,9,false
2019-07-22T11:14:18.477Z,1,1,false
2019-07-22T11:15:08.214Z,1,2,false
2019-07-22T11:16:03.570Z,1,3,false
2019-07-22T11:16:59.706Z,1,4,false
2019-07-22T11:17:55.954Z,1,5,false
2019-07-22T11:18:51.893Z,1,6,false
2019-07-22T11:19:48.674Z,1,7,false
2019-07-22T11:20:43.932Z,1,8,false
2019-07-22T11:21:39.352Z,1,9,false
2019-07-22T11:23:07.907Z,1,1,false
2019-07-22T11:23:57.260Z,1,2,false
2019-07-22T11:24:52.979Z,1,3,false
2019-07-22T11:25:49.490Z,1,4,false
2019-07-22T11:26:46.183Z,1,5,false
2019-07-22T11:27:42.006Z,1,6,false
2019-07-22T11:28:38.563Z,1,7,false
2019-07-22T11:29:34.180Z,1,8,false
2019-07-22T11:30:30.331Z,1,9,false
2019-07-22T11:31:42.359Z,1,1,false
2019-07-22T11:32:45.448Z,1,2,false
2019-07-22T11:33:40.729Z,1,3,false
2019-07-22T11:34:37.519Z,1,4,false
2019-07-22T11:35:34.114Z,1,5,false
2019-07-22T11:36:29.827Z,1,6,false
2019-07-22T11:37:26.076Z,1,7,false
2019-07-22T11:38:22.100Z,1,8,false
2019-07-22T11:39:18.368Z,1,9,false
2019-07-22T11:40:32.482Z,1,1,false
2019-07-22T11:41:29.623Z,1,2,false
2019-07-22T11:42:24.652Z,1,3,false
2019-07-22T11:43:21.186Z,1,4,false
2019-07-22T11:44:17.777Z,1,5,false
2019-07-22T11:45:14.070Z,1,6,false
2019-07-22T11:46:10.123Z,1,7,false
2019-07-22T11:47:05.823Z,1,8,false
2019-07-22T11:48:01.082Z,1,9,false
2019-07-22T11:49:30.908Z,1,1,false
2019-07-22T11:50:21.581Z,1,2,false
2019-07-22T11:51:16.872Z,1,3,false
2019-07-22T11:52:13.387Z,1,4,false
2019-07-22T11:53:09.879Z,1,5,false
2019-07-22T11:54:05.906Z,1,6,false
2019-07-22T11:55:02.078Z,1,7,false
2019-07-22T11:55:58.300Z,1,8,false
2019-07-22T11:56:54.217Z,1,9,false
2019-07-22T11:58:06.910Z,1,1,false
2019-07-22T11:59:06.843Z,1,2,false
2019-07-22T12:00:01.689Z,1,3,false
2019-07-22T12:00:57.751Z,1,4,false
2019-07-22T12:01:54.446Z,1,5,false
2019-07-22T12:02:50.498Z,1,6,false
2019-07-22T12:03:47.057Z,1,7,false
2019-07-22T12:04:42.437Z,1,8,false
2019-07-22T12:05:38.352Z,1,9,false
2019-07-22T12:07:06.829Z,1,1,false
2019-07-22T12:07:55.260Z,1,2,false
2019-07-22T12:08:50.980Z,1,3,false
2019-07-22T12:09:47.557Z,1,4,false
2019-07-22T12:10:44.863Z,1,5,false
2019-07-22T12:11:40.636Z,1,6,false
2019-07-22T12:12:36.808Z,1,7,false
2019-07-22T12:13:33.437Z,1,8,false
2019-07-22T12:14:29.546Z,1,9,false
2019-07-22T12:15:42.148Z,1,1,false
2019-07-22T12:16:40.418Z,1,2,false
2019-07-22T12:17:35.733Z,1,3,false
2019-07-22T12:18:32.146Z,1,4,false
2019-07-22T12:19:28.375Z,1,5,false
2019-07-22T12:20:24.018Z,1,6,false
2019-07-22T12:21:18.799Z,1,7,false
2019-07-22T12:22:14.960Z,1,8,false
2019-07-22T12:23:10.867Z,1,9,false
2019-07-22T12:24:40.358Z,1,1,false
2019-07-22T12:25:28.349Z,1,2,false
2019-07-22T12:26:23.732Z,1,3,false
2019-07-22T12:27:20.723Z,1,4,false
2019-07-22T12:28:17.200Z,1,5,false
2019-07-22T12:29:12.979Z,1,6,false
2019-07-22T12:30:09.132Z,1,7,false
2019-07-22T12:31:04.842Z,1,8,false
2019-07-22T12:32:00.874Z,1,9,false
2019-07-22T12:33:29.223Z,1,1,false
2019-07-22T12:34:18.567Z,1,2,false
2019-07-22T12:35:13.183Z,1,3,false
2019-07-22T12:36:09.367Z,1,4,false
2019-07-22T12:37:06.381Z,1,5,false
2019-07-22T12:38:02.506Z,1,6,false
2019-07-22T12:38:58.433Z,1,7,false
2019-07-22T12:39:55.309Z,1,8,false
2019-07-22T12:40:50.771Z,1,9,false
2019-07-22T12:42:10.963Z,1,1,false
2019-07-22T12:43:07.855Z,1,2,false
2019-07-22T12:44:03.262Z,1,3,false
2019-07-22T12:44:58.773Z,1,4,false
2019-07-22T12:45:54.988Z,1,5,false
2019-07-22T12:46:51.095Z,1,6,false
2019-07-22T12:47:46.092Z,1,7,false
2019-07-22T12:48:41.952Z,1,8,false
2019-07-22T12:49:38.015Z,1,9,false
2019-07-22T12:50:48.809Z,1,1,false
2019-07-22T12:51:48.368Z,1,2,false
2019-07-22T12:52:43.646Z,1,3,false
2019-07-22T12:53:40.007Z,1,4,false
2019-07-22T12:54:36.232Z,1,5,false
2019-07-22T12:55:31.894Z,1,6,false
2019-07-22T12:56:27.767Z,1,7,false
2019-07-22T12:57:24.592Z,1,8,false
2019-07-22T12:58:20.916Z,1,9,false
2019-07-22T12:59:33.733Z,1,1,false
2019-07-22T13:00:34.164Z,1,2,false
2019-07-22T13:01:29.179Z,1,3,false
2019-07-22T13:02:28.676Z,1,4,false
2019-07-22T13:03:25.538Z,1,5,false
2019-07-22T13:04:21.840Z,1,6,false
2019-07-22T13:05:30.916Z,1,7,false
2019-07-22T13:06:27.043Z,1,8,false
2019-07-22T13:07:19.017Z,1,9,false
2019-07-22T13:08:50.535Z,1,1,false
2019-07-22T13:09:39.939Z,1,2,false
2019-07-22T13:10:35.693Z,1,3,false
2019-07-22T13:11:32.570Z,1,4,false
2019-07-22T13:12:28.881Z,1,5,false
2019-07-22T13:13:25.198Z,1,6,false
2019-07-22T13:14:20.600Z,1,7,false
2019-07-22T13:15:17.536Z,1,8,false
2019-07-22T13:16:13.543Z,1,9,false
2019-07-22T13:17:26.200Z,1,1,false
2019-07-22T13:18:27.171Z,1,2,false
2019-07-22T13:19:22.728Z,1,3,false
2019-07-22T13:20:18.963Z,1,4,false
2019-07-22T13:21:15.503Z,1,5,false
2019-07-22T13:22:11.597Z,1,6,false
2019-07-22T13:23:06.766Z,1,7,false
2019-07-22T13:24:03.012Z,1,8,false
2019-07-22T13:24:58.737Z,1,9,false
2019-07-22T13:26:08.984Z,1,1,false
2019-07-22T13:27:11.004Z,1,2,false
2019-07-22T13:28:06.013Z,1,3,false
2019-07-22T13:29:02.090Z,1,4,false
2019-07-22T13:29:58.773Z,1,5,false
2019-07-22T13:30:54.726Z,1,6,false
2019-07-22T13:31:50.364Z,1,7,false
2019-07-22T13:32:46.390Z,1,8,false
2019-07-22T13:33:42.605Z,1,9,false
2019-07-22T13:34:51.527Z,1,1,false
2019-07-22T13:35:55.876Z,1,2,false
2019-07-22T13:36:51.088Z,1,3,false
2019-07-22T13:37:47.892Z,1,4,false
2019-07-22T13:38:44.490Z,1,5,false
2019-07-22T13:39:40.417Z,1,6,false
2019-07-22T13:40:42.026Z,1,7,false
2019-07-22T13:41:56.678Z,1,8,false
2019-07-22T13:42:52.891Z,1,9,false
2019-07-22T13:44:21.475Z,1,1,false
2019-07-22T13:45:11.766Z,1,2,false
2019-07-22T13:46:07.002Z,1,3,false
2019-07-22T13:47:03.084Z,1,4,false
2019-07-22T13:47:59.699Z,1,5,false
2019-07-22T13:48:56.009Z,1,6,false
2019-07-22T13:49:52.261Z,1,7,false
2019-07-22T13:50:48.470Z,1,8,false
2019-07-22T13:51:44.377Z,1,9,false
2019-07-22T13:52:55.766Z,1,1,false
2019-07-22T13:53:54.960Z,1,2,false
2019-07-22T13:54:50.972Z,1,3,false
2019-07-22T13:55:47.497Z,1,4,false
2019-07-22T13:56:43.887Z,1,5,false
2019-07-22T13:57:39.833Z,1,6,false
2019-07-22T13:58:35.494Z,1,7,false
2019-07-22T13:59:30.693Z,1,8,false
2019-07-22T14:00:26.627Z,1,9,false
2019-07-22T14:01:42.763Z,1,1,false
2019-07-22T14:02:43.372Z,1,2,false
2019-07-22T14:03:38.589Z,1,3,false
2019-07-22T14:04:35.624Z,1,4,false
2019-07-22T14:05:32.267Z,1,5,false
2019-07-22T14:06:27.920Z,1,6,false
2019-07-22T14:07:23.168Z,1,7,false
2019-07-22T14:08:18.729Z,1,8,false
2019-07-22T14:09:15.045Z,1,9,false
2019-07-22T14:10:43.421Z,1,1,false
2019-07-22T14:11:35.175Z,1,2,false
2019-07-22T14:12:30.061Z,1,3,false
2019-07-22T14:13:26.686Z,1,4,false
2019-07-22T14:14:24.827Z,1,5,false
2019-07-22T14:15:20.985Z,1,6,false
2019-07-22T14:16:17.286Z,1,7,false
2019-07-22T14:17:14.692Z,1,8,false
2019-07-22T14:18:12.156Z,1,9,false
2019-07-22T14:19:24.988Z,1,1,false
2019-07-22T14:20:24.151Z,1,2,false
2019-07-22T14:21:19.232Z,1,3,false
2019-07-22T14:22:15.573Z,1,4,false
2019-07-22T14:23:11.759Z,1,5,false
2019-07-22T14:24:07.764Z,1,6,false
2019-07-22T14:25:03.049Z,1,7,false
2019-07-22T14:25:59.433Z,1,8,false
2019-07-22T14:26:55.693Z,1,9,false
2019-07-22T14:28:25.390Z,1,1,false
2019-07-22T14:29:15.083Z,1,2,false
2019-07-22T14:30:10.465Z,1,3,false
2019-07-22T14:31:07.689Z,1,4,false
2019-07-22T14:32:04.411Z,1,5,false
2019-07-22T14:33:00.526Z,1,6,false
2019-07-22T14:33:56.862Z,1,7,false
2019-07-22T14:34:53.028Z,1,8,false
2019-07-22T14:35:49.164Z,1,9,false
2019-07-22T14:37:00.549Z,1,1,false
2019-07-22T14:38:02.266Z,1,2,false
2019-07-22T14:38:57.729Z,1,3,false
2019-07-22T14:39:53.824Z,1,4,false
2019-07-22T14:40:50.538Z,1,5,false
2019-07-22T14:41:46.260Z,1,6,false
2019-07-22T14:42:56.707Z,1,7,false
2019-07-22T14:43:52.286Z,1,8,false
2019-07-22T14:44:48.603Z,1,9,false
2019-07-22T14:46:00.644Z,1,1,false
2019-07-22T14:47:00.750Z,1,2,false
2019-07-22T14:47:56.072Z,1,3,false
2019-07-22T14:48:52.359Z,1,4,false
2019-07-22T14:49:49.209Z,1,5,false
2019-07-22T14:50:45.176Z,1,6,false
2019-07-22T14:51:40.277Z,1,7,false
2019-07-22T14:52:37.486Z,1,8,false
2019-07-22T14:53:32.955Z,1,9,false
2019-07-22T14:54:43.262Z,1,1,false
2019-07-22T14:55:44.924Z,1,2,false
2019-07-22T14:56:40.566Z,1,3,false
2019-07-22T14:57:38.910Z,1,4,false
2019-07-22T14:58:35.897Z,1,5,false
2019-07-22T14:59:32.252Z,1,6,false
2019-07-22T15:00:27.351Z,1,7,false
2019-07-22T15:01:24.787Z,1,8,false
2019-07-22T15:02:20.665Z,1,9,false
2019-07-22T15:03:50.885Z,1,1,false
2019-07-22T15:04:42.578Z,1,2,false
2019-07-22T15:05:37.459Z,1,3,false
2019-07-22T15:06:33.561Z,1,4,false
2019-07-22T15:07:30.353Z,1,5,false
2019-07-22T15:08:26.247Z,1,6,false
2019-07-22T15:09:42.046Z,1,7,false
2019-07-22T15:10:46.914Z,1,8,false
2019-07-22T15:11:42.896Z,1,9,false
2019-07-22T15:12:56.782Z,1,1,false
2019-07-22T15:13:58.091Z,1,2,false
2019-07-22T15:14:53.420Z,1,3,false
2019-07-22T15:15:50.231Z,1,4,false
2019-07-22T15:16:46.494Z,1,5,false
2019-07-22T15:17:42.498Z,1,6,false
2019-07-22T15:18:39.619Z,1,7,false
2019-07-22T15:19:35.958Z,1,8,false
2019-07-22T15:20:31.621Z,1,9,false
2019-07-22T15:21:41.512Z,1,1,false
2019-07-22T15:22:45.079Z,1,2,false
2019-07-22T15:23:39.954Z,1,3,false
2019-07-22T15:24:36.479Z,1,4,false
2019-07-22T15:25:33.026Z,1,5,false
2019-07-22T15:26:29.407Z,1,6,false
2019-07-22T15:27:31.382Z,1,7,false
2019-07-22T15:28:25.975Z,1,8,false
2019-07-22T15:29:15.679Z,1,9,false
2019-07-22T15:30:51.665Z,1,1,false
2019-07-22T15:31:39.504Z,1,2,false
2019-07-22T15:32:35.023Z,1,3,false
2019-07-22T15:33:31.828Z,1,4,false
2019-07-22T15:34:28.104Z,1,5,false
2019-07-22T15:35:23.963Z,1,6,false
2019-07-22T15:36:20.770Z,1,7,false
2019-07-22T15:37:16.722Z,1,8,false
2019-07-22T15:38:13.001Z,1,9,false
2019-07-22T15:39:25.301Z,1,1,false
2019-07-22T15:40:25.803Z,1,2,false
2019-07-22T15:41:21.226Z,1,3,false
2019-07-22T15:42:17.439Z,1,4,false
2019-07-22T15:43:13.895Z,1,5,false
2019-07-22T15:44:09.920Z,1,6,false
2019-07-22T15:45:04.920Z,1,7,false
2019-07-22T15:46:01.168Z,1,8,false
2019-07-22T15:46:57.395Z,1,9,false
2019-07-22T15:48:25.759Z,1,1,false
2019-07-22T15:49:14.249Z,1,2,false
2019-07-22T15:50:09.576Z,1,3,false
2019-07-22T15:51:05.535Z,1,4,false
2019-07-22T15:52:02.039Z,1,5,false
2019-07-22T15:52:57.754Z,1,6,false
2019-07-22T15:53:52.911Z,1,7,false
2019-07-22T15:54:48.917Z,1,8,false
2019-07-22T15:55:44.617Z,1,9,false
2019-07-22T15:56:54.313Z,1,1,false
2019-07-22T15:57:58.100Z,1,2,false
2019-07-22T15:58:53.854Z,1,3,false
2019-07-22T15:59:49.735Z,1,4,false
2019-07-22T16:00:46.477Z,1,5,false
2019-07-22T16:01:43.061Z,1,6,false
2019-07-22T16:02:38.304Z,1,7,false
2019-07-22T16:03:34.822Z,1,8,false
2019-07-22T16:04:30.763Z,1,9,false
2019-07-22T16:05:58.782Z,1,1,false
2019-07-22T16:06:53.654Z,1,2,false
2019-07-22T16:07:48.639Z,1,3,false
2019-07-22T16:08:45.331Z,1,4,false
2019-07-22T16:09:41.897Z,1,5,false
2019-07-22T16:10:38.014Z,1,6,false
2019-07-22T16:11:53.027Z,1,7,false
2019-07-22T16:12:59.241Z,1,8,false
2019-07-22T16:13:54.955Z,1,9,false
2019-07-22T16:15:06.027Z,1,1,false
2019-07-22T16:16:08.049Z,1,2,false
2019-07-22T16:17:03.436Z,1,3,false
2019-07-22T16:18:00.091Z,1,4,false
2019-07-22T16:18:56.298Z,1,5,false
2019-07-22T16:19:52.514Z,1,6,false
2019-07-22T16:21:07.535Z,1,7,false
2019-07-22T16:22:12.773Z,1,8,false
2019-07-22T16:23:08.299Z,1,9,false
2019-07-22T16:24:21.103Z,1,1,false
2019-07-22T16:25:21.855Z,1,2,false
2019-07-22T16:26:17.722Z,1,3,false
2019-07-22T16:27:14.264Z,1,4,false
2019-07-22T16:28:10.730Z,1,5,false
2019-07-22T16:29:07.162Z,1,6,false
2019-07-22T16:30:20.997Z,1,7,false
2019-07-22T16:31:26.452Z,1,8,false
2019-07-22T16:32:22.376Z,1,9,false
2019-07-22T16:33:50.627Z,1,1,false
2019-07-22T16:34:41.367Z,1,2,false
2019-07-22T16:35:36.194Z,1,3,false
2019-07-22T16:36:32.213Z,1,4,false
2019-07-22T16:37:29.031Z,1,5,false
2019-07-22T16:38:24.561Z,1,6,false
2019-07-22T16:39:41.332Z,1,7,false
2019-07-22T16:40:44.252Z,1,8,false
2019-07-22T16:41:40.371Z,1,9,false
2019-07-22T16:42:54.763Z,1,1,false
2019-07-22T16:43:54.310Z,1,2,false
2019-07-22T16:44:49.558Z,1,3,false
2019-07-22T16:45:45.705Z,1,4,false
2019-07-22T16:46:42.227Z,1,5,false
2019-07-22T16:47:38.562Z,1,6,false
2019-07-22T16:48:33.641Z,1,7,false
2019-07-22T16:49:28.900Z,1,8,false
2019-07-22T16:50:24.855Z,1,9,false
2019-07-22T16:51:37.674Z,1,1,false
2019-07-22T16:52:38.616Z,1,2,false
2019-07-22T16:53:34.127Z,1,3,false
2019-07-22T16:54:30.891Z,1,4,false
2019-07-22T16:55:27.196Z,1,5,false
2019-07-22T16:56:23.357Z,1,6,false
2019-07-22T16:57:30.292Z,1,7,false
2019-07-22T16:58:37.629Z,1,8,false
2019-07-22T16:59:33.452Z,1,9,false
2019-07-22T17:00:44.250Z,1,1,false
2019-07-22T17:01:47.256Z,1,2,false
2019-07-22T17:02:42.816Z,1,3,false
2019-07-22T17:03:39.335Z,1,4,false
2019-07-22T17:04:36.444Z,1,5,false
2019-07-22T17:05:32.605Z,1,6,false
2019-07-22T17:06:35.693Z,1,7,false
2019-07-22T17:07:53.507Z,1,8,false
2019-07-22T17:08:49.506Z,1,9,false
2019-07-22T17:10:02.662Z,1,1,false
2019-07-22T17:11:04.269Z,1,2,false
2019-07-22T17:11:59.921Z,1,3,false
2019-07-22T17:12:56.381Z,1,4,false
2019-07-22T17:13:53.306Z,1,5,false
2019-07-22T17:14:49.104Z,1,6,false
2019-07-22T17:15:59.591Z,1,7,false
2019-07-22T17:16:58.421Z,1,8,false
2019-07-22T17:17:52.158Z,1,9,false
2019-07-22T17:19:19.502Z,1,1,false
2019-07-22T17:20:15.259Z,1,2,false
2019-07-22T17:21:11.008Z,1,3,false
2019-07-22T17:22:08.713Z,1,4,false
2019-07-22T17:23:05.361Z,1,5,false
2019-07-22T17:24:01.258Z,1,6,false
2019-07-22T17:24:56.100Z,1,7,false
2019-07-22T17:25:51.765Z,1,8,false
2019-07-22T17:26:47.888Z,1,9,false
2019-07-22T17:27:58.248Z,1,1,false
2019-07-22T17:28:59.481Z,1,2,false
2019-07-22T17:29:55.154Z,1,3,false
2019-07-22T17:30:51.974Z,1,4,false
2019-07-22T17:31:48.155Z,1,5,false
2019-07-22T17:32:44.590Z,1,6,false
2019-07-22T17:33:59.535Z,1,7,false
2019-07-22T17:35:05.816Z,1,8,false
2019-07-22T17:36:04.309Z,1,9,false
2019-07-22T17:37:37.925Z,1,1,false
2019-07-22T17:38:28.631Z,1,2,false
2019-07-22T17:39:27.380Z,1,3,false
2019-07-22T17:40:25.082Z,1,4,false
2019-07-22T17:41:21.402Z,1,5,false
2019-07-22T17:42:17.782Z,1,6,false
2019-07-22T17:43:32.655Z,1,7,false
2019-07-22T17:44:40.047Z,1,8,false
2019-07-22T17:45:36.592Z,1,9,false
2019-07-22T17:46:52.481Z,1,1,false
2019-07-22T17:47:52.237Z,1,2,false
2019-07-22T17:48:48.300Z,1,3,false
2019-07-22T17:49:44.543Z,1,4,false
2019-07-22T17:50:41.235Z,1,5,false
2019-07-22T17:51:38.011Z,1,6,false
2019-07-22T17:52:53.675Z,1,7,false
2019-07-22T17:54:16.855Z,1,8,false
2019-07-22T17:55:13.335Z,1,9,false
2019-07-22T17:56:34.318Z,1,1,false
2019-07-22T17:57:32.760Z,1,2,false
2019-07-22T17:58:28.226Z,1,3,false
2019-07-22T17:59:25.434Z,1,4,false
2019-07-22T18:00:22.486Z,1,5,false
2019-07-22T18:01:19.305Z,1,6,false
2019-07-22T18:02:33.871Z,1,7,false
2019-07-22T18:03:40.220Z,1,8,false
2019-07-22T18:04:35.850Z,1,9,false
2019-07-22T18:05:50.281Z,1,1,false
2019-07-22T18:06:50.996Z,1,2,false
2019-07-22T18:07:46.622Z,1,3,false
2019-07-22T18:08:42.798Z,1,4,false
2019-07-22T18:09:39.801Z,1,5,false
2019-07-22T18:10:35.827Z,1,6,false
2019-07-22T18:11:31.222Z,1,7,false
2019-07-22T18:12:26.318Z,1,8,false
2019-07-22T18:13:23.109Z,1,9,false
2019-07-22T18:14:51.421Z,1,1,false
2019-07-22T18:15:46.798Z,1,2,false
2019-07-22T18:16:41.523Z,1,3,false
2019-07-22T18:17:38.413Z,1,4,false
2019-07-22T18:18:35.796Z,1,5,false
2019-07-22T18:19:32.269Z,1,6,false
2019-07-22T18:20:32.432Z,1,7,false
2019-07-22T18:21:28.166Z,1,8,false
2019-07-22T18:22:24.342Z,1,9,false
2019-07-22T18:23:36.752Z,1,1,false
2019-07-22T18:24:38.643Z,1,2,false
2019-07-22T18:25:33.637Z,1,3,false
2019-07-22T18:26:30.241Z,1,4,false
2019-07-22T18:27:27.019Z,1,5,false
2019-07-22T18:28:22.664Z,1,6,false
2019-07-22T18:29:24.116Z,1,7,false
2019-07-22T18:30:19.822Z,1,8,false
2019-07-22T18:31:13.652Z,1,9,false
2019-07-22T18:32:44.486Z,1,1,false
2019-07-22T18:33:34.261Z,1,2,false
2019-07-22T18:34:29.914Z,1,3,false
2019-07-22T18:35:26.176Z,1,4,false
2019-07-22T18:36:23.099Z,1,5,false
2019-07-22T18:37:20.334Z,1,6,false
2019-07-22T18:38:15.506Z,1,7,false
2019-07-22T18:39:25.484Z,1,8,false
2019-07-22T18:40:21.689Z,1,9,false
2019-07-22T18:41:46.850Z,1,1,false
2019-07-22T18:42:42.873Z,1,2,false
2019-07-22T18:43:38.575Z,1,3,false
2019-07-22T18:44:35.225Z,1,4,false
2019-07-22T18:45:31.676Z,1,5,false
2019-07-22T18:46:28.132Z,1,6,false
2019-07-22T18:47:25.058Z,1,7,false
2019-07-22T18:48:20.711Z,1,8,false
2019-07-22T18:49:16.841Z,1,9,false
2019-07-22T18:50:31.140Z,1,1,false
2019-07-22T18:51:32.429Z,1,2,false
2019-07-22T18:52:28.494Z,1,3,false
2019-07-22T18:53:24.943Z,1,4,false
2019-07-22T18:54:21.952Z,1,5,false
2019-07-22T18:55:18.125Z,1,6,false
2019-07-22T18:56:31.580Z,1,7,false
2019-07-22T18:57:37.339Z,1,8,false
2019-07-22T18:58:33.237Z,1,9,false
2019-07-22T18:59:48.268Z,1,1,false
2019-07-22T19:00:47.476Z,1,2,false
2019-07-22T19:01:43.039Z,1,3,false
2019-07-22T19:02:39.304Z,1,4,false
2019-07-22T19:03:35.689Z,1,5,false
2019-07-22T19:04:31.675Z,1,6,false
2019-07-22T19:05:46.758Z,1,7,false
2019-07-22T19:06:52.139Z,1,8,false
2019-07-22T19:07:48.445Z,1,9,false
2019-07-22T19:09:06.563Z,1,1,false
2019-07-22T19:10:03.611Z,1,2,false
2019-07-22T19:10:59.099Z,1,3,false
2019-07-22T19:11:55.550Z,1,4,false
2019-07-22T19:12:52.542Z,1,5,false
2019-07-22T19:13:49.109Z,1,6,false
2019-07-22T19:14:44.193Z,1,7,false
2019-07-22T19:15:39.849Z,1,8,false
2019-07-22T19:16:36.666Z,1,9,false
2019-07-22T19:17:50.288Z,1,1,false
2019-07-22T19:18:51.000Z,1,2,false
2019-07-22T19:19:46.831Z,1,3,false
2019-07-22T19:20:42.859Z,1,4,false
2019-07-22T19:21:39.743Z,1,5,false
2019-07-22T19:22:35.472Z,1,6,false
2019-07-22T19:23:49.286Z,1,7,false
2019-07-22T19:24:58.643Z,1,8,false
2019-07-22T19:25:54.875Z,1,9,false
2019-07-22T19:27:13.620Z,1,1,false
2019-07-22T19:28:11.127Z,1,2,false
2019-07-22T19:29:07.415Z,1,3,false
2019-07-22T19:30:05.023Z,1,4,false
2019-07-22T19:31:01.580Z,1,5,false
2019-07-22T19:31:57.583Z,1,6,false
2019-07-22T19:33:00.567Z,1,7,false
2019-07-22T19:34:19.372Z,1,8,false
2019-07-22T19:35:15.678Z,1,9,false
2019-07-22T19:36:32.457Z,1,1,false
2019-07-22T19:37:32.348Z,1,2,false
2019-07-22T19:38:27.643Z,1,3,false
2019-07-22T19:39:24.209Z,1,4,false
2019-07-22T19:40:21.048Z,1,5,false
2019-07-22T19:41:17.358Z,1,6,false
2019-07-22T19:42:26.673Z,1,7,false
2019-07-22T19:43:39.227Z,1,8,false
2019-07-22T19:44:35.191Z,1,9,false
2019-07-22T19:45:48.735Z,1,1,false
2019-07-22T19:46:48.345Z,1,2,false
2019-07-22T19:47:44.282Z,1,3,false
2019-07-22T19:48:40.902Z,1,4,false
2019-07-22T19:49:38.146Z,1,5,false
2019-07-22T19:50:33.948Z,1,6,false
2019-07-22T19:51:50.249Z,1,7,false
2019-07-22T19:52:53.632Z,1,8,false
2019-07-22T19:53:49.861Z,1,9,false
2019-07-22T19:54:56.218Z,1,1,false
2019-07-22T19:56:01.130Z,1,2,false
2019-07-22T19:56:56.861Z,1,3,false
2019-07-22T19:57:53.204Z,1,4,false
2019-07-22T19:58:50.257Z,1,5,false
2019-07-22T19:59:46.226Z,1,6,false
2019-07-22T20:00:38.199Z,1,7,false
2019-07-22T20:01:13.275Z,1,8,false
2019-07-22T20:02:09.616Z,1,9,false
2019-07-22T20:03:35.826Z,1,1,false
2019-07-22T20:04:31.819Z,1,2,false
2019-07-22T20:05:26.972Z,1,3,false
2019-07-22T20:06:23.525Z,1,4,false
2019-07-22T20:07:20.258Z,1,5,false
2019-07-22T20:08:15.836Z,1,6,false
2019-07-22T20:09:12.686Z,1,7,false
2019-07-22T20:10:31.470Z,1,8,false
2019-07-22T20:11:28.081Z,1,9,false
2019-07-22T20:12:54.357Z,1,1,false
2019-07-22T20:13:50.196Z,1,2,false
2019-07-22T20:14:45.960Z,1,3,false
2019-07-22T20:15:42.527Z,1,4,false
2019-07-22T20:16:40.527Z,1,5,false
2019-07-22T20:17:36.066Z,1,6,false
2019-07-22T20:18:32.109Z,1,7,false
2019-07-22T20:19:49.501Z,1,8,false
2019-07-22T20:20:45.972Z,1,9,false
2019-07-22T20:22:12.367Z,1,1,false
2019-07-22T20:23:08.473Z,1,2,false
2019-07-22T20:24:04.308Z,1,3,false
2019-07-22T20:25:01.083Z,1,4,false
2019-07-22T20:25:57.722Z,1,5,false
2019-07-22T20:26:53.964Z,1,6,false
2019-07-22T20:27:49.828Z,1,7,false
2019-07-22T20:29:13.442Z,1,8,false
2019-07-22T20:30:10.179Z,1,9,false
2019-07-22T20:31:35.799Z,1,1,false
2019-07-22T20:32:31.461Z,1,2,false
2019-07-22T20:33:27.146Z,1,3,false
2019-07-22T20:34:23.877Z,1,4,false
2019-07-22T20:35:20.835Z,1,5,false
2019-07-22T20:36:16.996Z,1,6,false
2019-07-22T20:37:13.297Z,1,7,false
2019-07-22T20:38:39.451Z,1,8,false
2019-07-22T20:39:35.619Z,1,9,false
2019-07-22T20:41:01.882Z,1,1,false
2019-07-22T20:41:57.945Z,1,2,false
2019-07-22T20:42:53.840Z,1,3,false
2019-07-22T20:43:50.624Z,1,4,false
2019-07-22T20:44:46.992Z,1,5,false
2019-07-22T20:45:43.297Z,1,6,false
2019-07-22T20:46:39.260Z,1,7,false
2019-07-22T20:48:07.593Z,1,8,false
2019-07-22T20:49:03.961Z,1,9,false
2019-07-22T20:50:30.177Z,1,1,false
2019-07-22T20:51:25.827Z,1,2,false
2019-07-22T20:52:21.269Z,1,3,false
2019-07-22T20:53:17.842Z,1,4,false
2019-07-22T20:54:14.450Z,1,5,false
2019-07-22T20:55:10.648Z,1,6,false
2019-07-22T20:56:07.203Z,1,7,false
2019-07-22T20:57:31.341Z,1,8,false
2019-07-22T20:58:27.548Z,1,9,false
2019-07-22T20:59:53.573Z,1,1,false
2019-07-22T21:00:49.405Z,1,2,false
2019-07-22T21:01:45.524Z,1,3,false
2019-07-22T21:02:41.432Z,1,4,false
2019-07-22T21:03:37.944Z,1,5,false
2019-07-22T21:04:34.002Z,1,6,false
2019-07-22T21:05:30.516Z,1,7,false
2019-07-22T21:06:48.381Z,1,8,false
2019-07-22T21:07:44.895Z,1,9,false
2019-07-22T21:09:10.909Z,1,1,false
2019-07-22T21:10:06.992Z,1,2,false
2019-07-22T21:11:01.945Z,1,3,false
2019-07-22T21:11:58.773Z,1,4,false
2019-07-22T21:12:55.117Z,1,5,false
2019-07-22T21:13:51.139Z,1,6,false
2019-07-22T21:14:47.325Z,1,7,false
2019-07-22T21:16:11.527Z,1,8,false
2019-07-22T21:17:08.006Z,1,9,false
2019-07-22T21:18:33.579Z,1,1,false
2019-07-22T21:19:29.234Z,1,2,false
2019-07-22T21:20:24.865Z,1,3,false
2019-07-22T21:21:21.445Z,1,4,false
2019-07-22T21:22:17.744Z,1,5,false
2019-07-22T21:23:15.618Z,1,6,false
2019-07-22T21:24:11.989Z,1,7,false
2019-07-22T21:25:41.522Z,1,8,false
2019-07-22T21:26:37.981Z,1,9,false
2019-07-22T21:28:03.595Z,1,1,false
2019-07-22T21:28:59.807Z,1,2,false
2019-07-22T21:29:55.094Z,1,3,false
2019-07-22T21:30:51.526Z,1,4,false
2019-07-22T21:31:47.480Z,1,5,false
2019-07-22T21:32:43.497Z,1,6,false
2019-07-22T21:33:39.993Z,1,7,false
2019-07-22T21:35:00.581Z,1,8,false
2019-07-22T21:35:56.647Z,1,9,false
2019-07-22T21:37:22.766Z,1,1,false
2019-07-22T21:38:18.899Z,1,2,false
2019-07-22T21:39:14.886Z,1,3,false
2019-07-22T21:40:10.956Z,1,4,false
2019-07-22T21:41:07.737Z,1,5,false
2019-07-22T21:42:03.193Z,1,6,false
2019-07-22T21:42:59.692Z,1,7,false
2019-07-22T21:44:22.573Z,1,8,false
2019-07-22T21:45:19.062Z,1,9,false
2019-07-22T21:46:45.504Z,1,1,false
2019-07-22T21:47:41.245Z,1,2,false
2019-07-22T21:48:37.187Z,1,3,false
2019-07-22T21:49:32.791Z,1,4,false
2019-07-22T21:50:29.635Z,1,5,false
2019-07-22T21:51:25.373Z,1,6,false
2019-07-22T21:52:22.057Z,1,7,false
2019-07-22T21:53:34.586Z,1,8,false
2019-07-22T21:54:31.189Z,1,9,false
2019-07-22T21:55:57.093Z,1,1,false
2019-07-22T21:56:52.641Z,1,2,false
2019-07-22T21:57:48.636Z,1,3,false
2019-07-22T21:58:45.778Z,1,4,false
2019-07-22T21:59:43.579Z,1,5,false
2019-07-22T22:00:39.501Z,1,6,false
2019-07-22T22:01:36.216Z,1,7,false
2019-07-22T22:02:56.355Z,1,8,false
2019-07-22T22:03:52.825Z,1,9,false
2019-07-22T22:05:19.224Z,1,1,false
2019-07-22T22:06:15.277Z,1,2,false
2019-07-22T22:07:11.374Z,1,3,false
2019-07-22T22:08:08.185Z,1,4,false
2019-07-22T22:09:05.197Z,1,5,false
2019-07-22T22:10:01.076Z,1,6,false
2019-07-22T22:10:57.997Z,1,7,false
2019-07-22T22:12:19.720Z,1,8,false
2019-07-22T22:13:15.901Z,1,9,false
2019-07-22T22:14:41.813Z,1,1,false
2019-07-22T22:15:38.005Z,1,2,false
2019-07-22T22:16:33.571Z,1,3,false
2019-07-22T22:17:29.909Z,1,4,false
2019-07-22T22:18:26.568Z,1,5,false
2019-07-22T22:19:23.109Z,1,6,false
2019-07-22T22:20:19.359Z,1,7,false
2019-07-22T22:21:42.946Z,1,8,false
2019-07-22T22:22:39.044Z,1,9,false
2019-07-22T22:24:05.175Z,1,1,false
2019-07-22T22:25:01.479Z,1,2,false
2019-07-22T22:25:56.802Z,1,3,false
2019-07-22T22:26:53.527Z,1,4,false
2019-07-22T22:27:50.024Z,1,5,false
2019-07-22T22:28:46.496Z,1,6,false
2019-07-22T22:29:43.150Z,1,7,false
2019-07-22T22:31:13.539Z,1,8,false
2019-07-22T22:32:09.936Z,1,9,false
2019-07-22T22:33:36.463Z,1,1,false
2019-07-22T22:34:32.311Z,1,2,false
2019-07-22T22:35:28.175Z,1,3,false
2019-07-22T22:36:24.654Z,1,4,false
2019-07-22T22:37:21.676Z,1,5,false
2019-07-22T22:38:17.832Z,1,6,false
2019-07-22T22:39:14.190Z,1,7,false
2019-07-22T22:40:38.199Z,1,8,false
2019-07-22T22:41:34.750Z,1,9,false
2019-07-22T22:43:00.982Z,1,1,false
2019-07-22T22:43:56.707Z,1,2,false
2019-07-22T22:44:52.223Z,1,3,false
2019-07-22T22:45:48.779Z,1,4,false
2019-07-22T22:46:45.873Z,1,5,false
2019-07-22T22:47:43.168Z,1,6,false
2019-07