,predictedUtility,realUtility,reward,negativeReward,lostUtility,shouldHaveUpdated,performedUpdate
0,3284.2134895159306,3825.538468784131,2825.538468784131,0.0,0.0,1.0,1.0
1,2366.0649267341587,4084.090512605995,3084.090512605995,0.0,0.0,1.0,1.0
2,2122.3322227515005,1547.192687712608,547.192687712608,0.0,0.0,1.0,1.0
3,2898.0862841433204,3383.3741064963774,2383.3741064963774,0.0,0.0,1.0,1.0
4,2276.974714095835,1693.9045101836343,693.9045101836343,0.0,0.0,1.0,1.0
5,2702.8241311457687,2718.9849867546754,1718.9849867546754,0.0,0.0,1.0,1.0
6,4541.557773459206,5292.408926690817,4292.408926690817,0.0,0.0,1.0,1.0
7,3154.6617818058303,2565.5621072205513,1565.5621072205513,0.0,0.0,1.0,1.0
8,4230.008264164117,4525.9527533093415,3525.9527533093415,0.0,0.0,1.0,1.0
9,2802.926387607631,2646.273949045657,1646.273949045657,0.0,0.0,1.0,1.0
10,3156.6169293967405,4436.392823872635,3436.392823872635,0.0,0.0,1.0,1.0
11,3304.6792311952786,2813.8642595828155,1813.8642595828155,0.0,0.0,1.0,1.0
12,2371.789898481891,3055.625131409571,2055.625131409571,0.0,0.0,1.0,1.0
13,3989.3225627777338,3569.580974796945,2569.580974796945,0.0,0.0,1.0,1.0
14,4156.728726529206,4520.198875961546,3520.198875961546,0.0,0.0,1.0,1.0
15,5369.24148850358,4518.56566251451,3518.56566251451,0.0,0.0,1.0,1.0
16,1856.228798863459,1712.8307581410145,712.8307581410145,0.0,0.0,1.0,1.0
17,3321.5059161996965,4186.028292246448,3186.0282922464476,0.0,0.0,1.0,1.0
18,4412.0815322665,5845.570162067342,4845.570162067342,0.0,0.0,1.0,1.0
19,2431.9981470490306,2737.6959602913525,1737.6959602913525,0.0,0.0,1.0,1.0
20,3715.714042016856,2672.2616093204606,1672.2616093204606,0.0,0.0,1.0,1.0
21,2023.803694721255,2809.5261447836765,1809.5261447836765,0.0,0.0,1.0,1.0
22,2222.727594359457,2942.767183864762,1942.767183864762,0.0,0.0,1.0,1.0
23,2098.4599880743663,1139.605746692981,139.60574669298103,0.0,0.0,1.0,1.0
24,5144.946855393128,5621.1595698018455,4621.1595698018455,0.0,0.0,1.0,1.0
25,4791.426566872157,5252.116068693799,4252.116068693799,0.0,0.0,1.0,1.0
26,4386.848926895248,5230.88645280637,4230.88645280637,0.0,0.0,1.0,1.0
27,2547.6334984493565,3552.964444577856,2552.964444577856,0.0,0.0,1.0,1.0
28,3489.7842628020526,3333.2148294733142,2333.2148294733142,0.0,0.0,1.0,1.0
29,1924.6460363117785,2010.093076836785,1010.093076836785,0.0,0.0,1.0,1.0
30,4856.059722688341,5841.336876017771,4841.336876017771,0.0,0.0,1.0,1.0
31,2816.522903396492,2908.8964467441783,1908.8964467441783,0.0,0.0,1.0,1.0
32,2715.4069279728615,3830.654307943778,2830.654307943778,0.0,0.0,1.0,1.0
33,3750.121038694374,3093.192364378355,2093.192364378355,0.0,0.0,1.0,1.0
34,4017.0190477346987,4390.813614990587,3390.8136149905868,0.0,0.0,1.0,1.0
35,2712.9422112689895,3006.9303225902067,2006.9303225902067,0.0,0.0,1.0,1.0
36,2140.586917983024,4268.997020771565,3268.997020771565,0.0,0.0,1.0,1.0
37,3685.1651647456747,3886.5691183828853,2886.5691183828853,0.0,0.0,1.0,1.0
38,3025.7557778168166,1659.8060169143964,659.8060169143964,0.0,0.0,1.0,1.0
39,3490.20858896035,4325.032581602636,3325.032581602636,0.0,0.0,1.0,1.0
40,1650.8313544999078,7127.664726391869,6127.664726391869,0.0,0.0,1.0,1.0
41,2268.06960363544,539.2563575506438,0.0,460.74364244935623,0.0,0.0,1.0
42,3026.9981636554808,4761.470889168748,3761.470889168748,0.0,0.0,1.0,1.0
43,3718.7290362766907,3226.8069423525776,2226.8069423525776,0.0,0.0,1.0,1.0
44,1136.4412527710901,1031.1379419098969,31.13794190989688,0.0,0.0,1.0,1.0
45,5746.025665581306,7032.673725396966,6032.673725396966,0.0,0.0,1.0,1.0
46,2720.526917951795,3758.933985847872,2758.933985847872,0.0,0.0,1.0,1.0
47,2579.704097830327,3007.998058095565,2007.9980580955648,0.0,0.0,1.0,1.0
48,3087.0902359106994,3206.4222430129867,2206.4222430129867,0.0,0.0,1.0,1.0
49,3221.0062627484645,2714.1164072525057,1714.1164072525057,0.0,0.0,1.0,1.0
50,3480.397418847042,4512.739194040584,3512.739194040584,0.0,0.0,1.0,1.0
51,3038.4675626959706,5074.713742945105,4074.713742945105,0.0,0.0,1.0,1.0
52,4331.646806448145,2733.229180405076,1733.229180405076,0.0,0.0,1.0,1.0
53,3377.584830116964,3639.5129325210614,2639.5129325210614,0.0,0.0,1.0,1.0
54,4254.109018118122,4080.645274665252,3080.645274665252,0.0,0.0,1.0,1.0
55,2973.721192285564,3157.581658799334,2157.581658799334,0.0,0.0,1.0,1.0
56,1790.3522450053986,3636.4817610816767,2636.4817610816767,0.0,0.0,1.0,1.0
57,2806.5605313996025,1603.9378120688689,603.9378120688689,0.0,0.0,1.0,1.0
58,1714.5069588441845,1600.6187294561548,600.6187294561548,0.0,0.0,1.0,1.0
59,7569.891698488118,10194.884074738682,9194.884074738682,0.0,0.0,1.0,1.0
60,1594.48273726446,1552.304528609987,552.3045286099871,0.0,0.0,1.0,1.0
61,1794.3021145909704,2982.052774398751,1982.052774398751,0.0,0.0,1.0,1.0
62,2429.7349198339125,2542.7130818283654,1542.7130818283654,0.0,0.0,1.0,1.0
63,6059.883929714575,6309.894963772476,5309.894963772476,0.0,0.0,1.0,1.0
64,4025.6886631082252,3369.690785631431,2369.690785631431,0.0,0.0,1.0,1.0
65,3757.075581770648,4197.662116041953,3197.6621160419527,0.0,0.0,1.0,1.0
66,2545.0439331683215,2843.779386394909,1843.7793863949091,0.0,0.0,1.0,1.0
67,3693.6582809651345,4339.690811787192,3339.6908117871917,0.0,0.0,1.0,1.0
68,2195.6529204209974,2242.3833335577106,1242.3833335577106,0.0,0.0,1.0,1.0
69,4026.108909601096,4813.860157219848,3813.8601572198477,0.0,0.0,1.0,1.0
70,2010.5751153836493,3828.1026381807283,2828.1026381807283,0.0,0.0,1.0,1.0
71,2724.0491790826904,1527.2862675028869,527.2862675028869,0.0,0.0,1.0,1.0
72,2374.296629245172,5305.934822460077,4305.934822460077,0.0,0.0,1.0,1.0
73,2974.2333519886715,1436.7456547601719,436.7456547601719,0.0,0.0,1.0,1.0
74,1765.2337415202335,3419.74998615352,2419.74998615352,0.0,0.0,1.0,1.0
75,2386.188442088609,2220.694534742398,1220.694534742398,0.0,0.0,1.0,1.0
76,3694.747144818277,4721.302285487088,3721.302285487088,0.0,0.0,1.0,1.0
77,2536.8432619883974,1471.9308970971256,471.9308970971256,0.0,0.0,1.0,1.0
78,1647.866250998315,1882.5876519672743,882.5876519672743,0.0,0.0,1.0,1.0
79,6533.663242514259,7286.648310564971,6286.648310564971,0.0,0.0,1.0,1.0
80,2650.3742977123175,2876.347493606154,1876.3474936061539,0.0,0.0,1.0,1.0
81,3952.607281165791,4021.0667500496456,3021.0667500496456,0.0,0.0,1.0,1.0
82,1398.3834580115165,2646.3190393663745,1646.3190393663745,0.0,0.0,1.0,1.0
83,3159.4810290050127,1696.0520016908545,696.0520016908545,0.0,0.0,1.0,1.0
84,4155.315402306896,5119.7934077859545,4119.7934077859545,0.0,0.0,1.0,1.0
85,3652.405283484756,3445.8925451407977,2445.8925451407977,0.0,0.0,1.0,1.0
86,4675.757938855523,5058.797342186285,4058.7973421862853,0.0,0.0,1.0,1.0
87,4915.66955420171,5224.53747977895,4224.53747977895,0.0,0.0,1.0,1.0
88,4385.996776359846,6185.600791349625,5185.600791349625,0.0,0.0,1.0,1.0
89,2829.8071020408056,3025.6689864990444,2025.6689864990444,0.0,0.0,1.0,1.0
90,3150.764846875282,4053.095664242834,3053.095664242834,0.0,0.0,1.0,1.0
91,2148.4825528759625,2665.8041394840043,1665.8041394840043,0.0,0.0,1.0,1.0
92,3726.3203425339098,3573.8210996980088,2573.8210996980088,0.0,0.0,1.0,1.0
93,2475.069216823791,2976.3204105937343,1976.3204105937343,0.0,0.0,1.0,1.0
94,1834.7206885771848,2750.1638442958283,1750.1638442958283,0.0,0.0,1.0,1.0
95,5117.404436571039,3859.5799705349223,2859.5799705349223,0.0,0.0,1.0,1.0
96,3283.9538497550825,4859.322421150618,3859.3224211506176,0.0,0.0,1.0,1.0
97,1075.8489817953027,1647.2763214560748,647.2763214560748,0.0,0.0,1.0,1.0
98,4459.286155975029,2088.79032453517,1088.79032453517,0.0,0.0,1.0,1.0
99,2441.0452850756055,4209.561619910399,3209.561619910399,0.0,0.0,1.0,1.0
100,3482.414609854376,2265.728594009658,1265.728594009658,0.0,0.0,1.0,1.0
101,5435.743341865563,6187.842448434936,5187.842448434936,0.0,0.0,1.0,1.0
102,1437.7547496022762,1718.4090005156052,718.4090005156052,0.0,0.0,1.0,1.0
103,2151.343199927824,2349.3242832792907,1349.3242832792907,0.0,0.0,1.0,1.0
104,4871.682705873876,4399.577651549801,3399.577651549801,0.0,0.0,1.0,1.0
105,2897.828844130355,5687.034620007463,4687.034620007463,0.0,0.0,1.0,1.0
106,3957.5828020106583,3196.060668209778,2196.060668209778,0.0,0.0,1.0,1.0
107,2502.6360151391277,1733.7030665305333,733.7030665305333,0.0,0.0,1.0,1.0
108,5349.585170622859,4985.5890630305585,3985.5890630305585,0.0,0.0,1.0,1.0
109,551.206543982112,898.5369270832929,0.0,0.0,0.0,0.0,0.0
110,7971.314296516231,4955.812931192926,3955.812931192926,0.0,0.0,1.0,1.0
111,3527.593302760241,4345.83613482566,3345.8361348256603,0.0,0.0,1.0,1.0
112,3331.4546635589013,3347.5028010590318,2347.5028010590318,0.0,0.0,1.0,1.0
113,5914.271160954179,6209.109205589228,5209.109205589228,0.0,0.0,1.0,1.0
114,3642.9263451892525,4404.234544221583,3404.234544221583,0.0,0.0,1.0,1.0
115,1722.9210827548352,2069.1404377978324,1069.1404377978324,0.0,0.0,1.0,1.0
116,3561.5146768066743,3077.929404114411,2077.929404114411,0.0,0.0,1.0,1.0
117,3480.4842692266293,4937.535576399453,3937.535576399453,0.0,0.0,1.0,1.0
118,1518.7982113119199,2746.2935005931386,1746.2935005931386,0.0,0.0,1.0,1.0
119,2687.1987053223884,1767.5264168774845,767.5264168774845,0.0,0.0,1.0,1.0
120,4427.604170229474,3882.8950816419037,2882.8950816419037,0.0,0.0,1.0,1.0
121,1893.921636648321,6107.426594345739,5107.426594345739,0.0,0.0,1.0,1.0
122,1513.498267188451,781.7941598056431,0.0,218.20584019435694,0.0,0.0,1.0
123,3496.078526147148,2309.058173552518,1309.058173552518,0.0,0.0,1.0,1.0
124,1621.410860315791,4310.1041026588555,3310.1041026588555,0.0,0.0,1.0,1.0
125,3112.0888608660207,2269.4036820198908,1269.4036820198908,0.0,0.0,1.0,1.0
126,4663.286548597642,3428.5511237537644,2428.5511237537644,0.0,0.0,1.0,1.0
127,2559.2859304693775,4386.249392686298,3386.249392686298,0.0,0.0,1.0,1.0
128,2665.3562681772814,2159.2699170008705,1159.2699170008705,0.0,0.0,1.0,1.0
129,1943.1995372594172,1396.4125480672942,396.4125480672942,0.0,0.0,1.0,1.0
130,2145.9648096283645,1994.169272469557,994.169272469557,0.0,0.0,1.0,1.0
131,5108.047090145653,6925.7977453916465,5925.7977453916465,0.0,0.0,1.0,1.0
132,1537.5256357864785,1945.143915924706,945.1439159247061,0.0,0.0,1.0,1.0
133,2217.3902824201305,1919.9423894751849,919.9423894751849,0.0,0.0,1.0,1.0
134,6266.476462455972,6070.59506997418,5070.59506997418,0.0,0.0,1.0,1.0
135,2829.48601937032,6033.405737233124,5033.405737233124,0.0,0.0,1.0,1.0
136,3144.2021191262515,2020.0091596908205,1020.0091596908205,0.0,0.0,1.0,1.0
137,3084.1372700788074,5186.623959327712,4186.623959327712,0.0,0.0,1.0,1.0
138,2986.129603645748,1663.53913709424,663.53913709424,0.0,0.0,1.0,1.0
139,2671.065185552777,2741.6806844788975,1741.6806844788975,0.0,0.0,1.0,1.0
140,6387.197316562527,7867.344359272872,6867.344359272872,0.0,0.0,1.0,1.0
141,3295.490922614707,3545.99771235363,2545.99771235363,0.0,0.0,1.0,1.0
142,4114.393822939402,4695.064127785577,3695.0641277855766,0.0,0.0,1.0,1.0
143,3721.220066775686,4383.144301433934,3383.144301433934,0.0,0.0,1.0,1.0
144,2861.1669998396665,3050.2577176790232,2050.2577176790232,0.0,0.0,1.0,1.0
145,2133.8585617956924,2362.738874892391,1362.7388748923909,0.0,0.0,1.0,1.0
146,1881.5617064561504,3144.6989605609306,2144.6989605609306,0.0,0.0,1.0,1.0
147,1952.5427897953987,1264.0873097776655,264.0873097776655,0.0,0.0,1.0,1.0
148,5992.8438060409,6643.378603583148,5643.378603583148,0.0,0.0,1.0,1.0
149,4088.1428870246878,3536.8588814596865,2536.8588814596865,0.0,0.0,1.0,1.0
150,2894.5754405786965,3272.5370733729565,2272.5370733729565,0.0,0.0,1.0,1.0
151,3565.760564192465,4141.325592585048,3141.325592585048,0.0,0.0,1.0,1.0
152,4119.845110916804,3821.494783568062,2821.494783568062,0.0,0.0,1.0,1.0
153,4103.096347805732,5530.722097388678,4530.722097388678,0.0,0.0,1.0,1.0
154,3174.5352435649634,3039.2623280451985,2039.2623280451985,0.0,0.0,1.0,1.0
155,4332.065843068749,4887.335471925587,3887.3354719255867,0.0,0.0,1.0,1.0
156,2632.052543664929,3278.0147703050225,2278.0147703050225,0.0,0.0,1.0,1.0
157,3636.3264466613414,4707.533554747069,3707.5335547470686,0.0,0.0,1.0,1.0
158,3430.2524330536276,3327.7978261889693,2327.7978261889693,0.0,0.0,1.0,1.0
159,3222.5584263781107,3417.631647946954,2417.631647946954,0.0,0.0,1.0,1.0
160,4971.929046204647,5115.031347266571,4115.031347266571,0.0,0.0,1.0,1.0
161,3183.223082746104,3251.171886649163,2251.171886649163,0.0,0.0,1.0,1.0
162,2056.8402328014927,2162.6223726807293,1162.6223726807293,0.0,0.0,1.0,1.0
163,2901.4094118471744,3237.669093667303,2237.669093667303,0.0,0.0,1.0,1.0
164,2761.2917474665696,2837.7466657074046,1837.7466657074046,0.0,0.0,1.0,1.0
165,5059.548439509299,5043.911243746427,4043.9112437464273,0.0,0.0,1.0,1.0
166,5594.5319021731,5515.85580599774,4515.85580599774,0.0,0.0,1.0,1.0
167,1170.1946691543264,1106.2931356964136,106.29313569641363,0.0,0.0,1.0,1.0
168,1548.6116259122587,1758.0568770880895,758.0568770880895,0.0,0.0,1.0,1.0
169,2732.675326408308,2598.354487568852,1598.3544875688522,0.0,0.0,1.0,1.0
170,6112.4165669554695,6990.040797857777,5990.040797857777,0.0,0.0,1.0,1.0
171,896.1937324906859,821.1477940545454,0.0,0.0,0.0,0.0,0.0
172,7520.547147849664,7624.136896801977,6624.136896801977,0.0,0.0,1.0,1.0
173,3645.868565602214,3804.9328903474347,2804.9328903474347,0.0,0.0,1.0,1.0
174,3215.8114291659335,3415.6536835822344,2415.6536835822344,0.0,0.0,1.0,1.0
175,4291.100666733195,5549.45753559005,4549.45753559005,0.0,0.0,1.0,1.0
176,2317.3096841403703,2733.2016648874114,1733.2016648874114,0.0,0.0,1.0,1.0
177,2908.0198886252283,2932.8239486761886,1932.8239486761886,0.0,0.0,1.0,1.0
178,3928.440268648843,3095.9356380228323,2095.9356380228323,0.0,0.0,1.0,1.0
179,4113.85735018113,4643.709800794116,3643.709800794116,0.0,0.0,1.0,1.0
180,2623.2605217986284,2580.5782962480957,1580.5782962480957,0.0,0.0,1.0,1.0
181,4688.060469698291,5074.105394846614,4074.105394846614,0.0,0.0,1.0,1.0
182,2740.1268858273693,3346.489075618127,2346.489075618127,0.0,0.0,1.0,1.0
183,4102.621100479822,3953.3636944471564,2953.3636944471564,0.0,0.0,1.0,1.0
184,4352.385256294945,4792.101929815456,3792.101929815456,0.0,0.0,1.0,1.0
185,2694.017712649649,3084.8942483307246,2084.8942483307246,0.0,0.0,1.0,1.0
186,4400.868537432503,4420.437557001575,3420.4375570015754,0.0,0.0,1.0,1.0
187,2847.3208353624336,3316.1624509557496,2316.1624509557496,0.0,0.0,1.0,1.0
188,1456.8147274388534,1591.2171330421952,591.2171330421952,0.0,0.0,1.0,1.0
189,5394.198656610004,5573.397809469446,4573.397809469446,0.0,0.0,1.0,1.0
190,4847.267493532525,5361.162795296136,4361.162795296136,0.0,0.0,1.0,1.0
191,3540.494079167379,4413.591488776273,3413.591488776273,0.0,0.0,1.0,1.0
192,3926.451952148094,4224.672379155094,3224.672379155094,0.0,0.0,1.0,1.0
193,1767.921379864875,2036.1559557320022,1036.1559557320022,0.0,0.0,1.0,1.0
194,3528.5266751207046,3669.0347959779283,2669.0347959779283,0.0,0.0,1.0,1.0
195,3088.7915651716003,3861.551716275565,2861.551716275565,0.0,0.0,1.0,1.0
196,5051.0883672163045,5749.579346946498,4749.579346946498,0.0,0.0,1.0,1.0
197,3515.0178275156627,4606.866687544795,3606.8666875447952,0.0,0.0,1.0,1.0
198,3435.5476937863623,3762.6281919432245,2762.6281919432245,0.0,0.0,1.0,1.0
199,3287.966699473268,3573.8093215695703,2573.8093215695703,0.0,0.0,1.0,1.0
200,1687.5077213803913,1728.8199476753346,728.8199476753346,0.0,0.0,1.0,1.0
201,3765.8450490112996,4880.762437381919,3880.762437381919,0.0,0.0,1.0,1.0
202,5044.257552489731,5195.764387597743,4195.764387597743,0.0,0.0,1.0,1.0
203,1497.5131728229865,1841.7268463986795,841.7268463986795,0.0,0.0,1.0,1.0
204,2987.251136995008,3321.016611922259,2321.016611922259,0.0,0.0,1.0,1.0
205,3173.108473506444,4344.007909084118,3344.007909084118,0.0,0.0,1.0,1.0
206,1990.1953407177991,2419.6282595686303,1419.6282595686303,0.0,0.0,1.0,1.0
207,2664.552223032113,2857.2982976913095,1857.2982976913095,0.0,0.0,1.0,1.0
208,3514.8772304642025,4239.48113517232,3239.48113517232,0.0,0.0,1.0,1.0
209,4305.745057674755,5518.635035279484,4518.635035279484,0.0,0.0,1.0,1.0
210,6124.775273547248,7752.292523119497,6752.292523119497,0.0,0.0,1.0,1.0
211,1665.8218570106112,1922.6523029859095,922.6523029859095,0.0,0.0,1.0,1.0
212,2398.673058485563,2923.210630146111,1923.2106301461108,0.0,0.0,1.0,1.0
213,3801.8199839359086,4752.827256378658,3752.8272563786577,0.0,0.0,1.0,1.0
214,3084.914274957432,3950.6758937773975,2950.6758937773975,0.0,0.0,1.0,1.0
215,2944.0810139992723,3596.054241535907,2596.054241535907,0.0,0.0,1.0,1.0
216,4309.2706694889575,4562.8567689098145,3562.8567689098145,0.0,0.0,1.0,1.0
217,5643.0570945247855,6629.095694709611,5629.095694709611,0.0,0.0,1.0,1.0
218,1278.2817236556161,1615.0664430590848,615.0664430590848,0.0,0.0,1.0,1.0
219,3599.956334647282,4666.031320655336,3666.0313206553355,0.0,0.0,1.0,1.0
220,2792.675859457427,3412.7847102785213,2412.7847102785213,0.0,0.0,1.0,1.0
221,3489.6227849644733,3814.713331979222,2814.713331979222,0.0,0.0,1.0,1.0
222,1588.0434966239998,1688.7953366503236,688.7953366503236,0.0,0.0,1.0,1.0
223,4002.9487271204625,5164.906594707801,4164.906594707801,0.0,0.0,1.0,1.0
224,1217.089716811346,1052.6958898639996,52.69588986399958,0.0,0.0,1.0,1.0
225,4175.222228318924,4528.506142098319,3528.5061420983193,0.0,0.0,1.0,1.0
226,4489.269492846303,5455.172464143076,4455.172464143076,0.0,0.0,1.0,1.0
227,4849.997049103977,5839.062187526144,4839.062187526144,0.0,0.0,1.0,1.0
228,3114.1139569411675,3373.182412002971,2373.182412002971,0.0,0.0,1.0,1.0
229,1051.5498481186116,1236.5697018685023,236.5697018685023,0.0,0.0,1.0,1.0
230,1478.690508926389,2329.7845115544,1329.7845115544,0.0,0.0,1.0,1.0
231,2702.331664912534,2169.4484057623254,1169.4484057623254,0.0,0.0,1.0,1.0
232,3326.8644868594724,3118.4331884288513,2118.4331884288513,0.0,0.0,1.0,1.0
233,1172.6454219011032,1992.157016220664,992.157016220664,0.0,0.0,1.0,1.0
234,7163.158677789501,4537.507923952447,3537.5079239524466,0.0,0.0,1.0,1.0
235,3092.437322614153,3808.4122243819684,2808.4122243819684,0.0,0.0,1.0,1.0
236,3567.125914310768,3817.649859776741,2817.649859776741,0.0,0.0,1.0,1.0
237,2135.4236696738085,2671.4574051104632,1671.4574051104632,0.0,0.0,1.0,1.0
238,2679.886994740134,4347.695826310057,3347.695826310057,0.0,0.0,1.0,1.0
239,1883.8178866153562,2138.9851429131227,1138.9851429131227,0.0,0.0,1.0,1.0
240,4405.023686561137,3908.2302323973445,2908.2302323973445,0.0,0.0,1.0,1.0
241,3178.7651577105894,3309.25727459963,2309.25727459963,0.0,0.0,1.0,1.0
242,1626.696649001386,1889.5971474779233,889.5971474779233,0.0,0.0,1.0,1.0
243,2044.9690085647085,3156.306425352562,2156.306425352562,0.0,0.0,1.0,1.0
244,2352.9901245316128,2445.679404893671,1445.6794048936708,0.0,0.0,1.0,1.0
245,4632.877460779392,5013.071535322985,4013.0715353229853,0.0,0.0,1.0,1.0
246,2880.9155301437672,4365.565931391694,3365.565931391694,0.0,0.0,1.0,1.0
247,1045.220752842826,1715.4875242460953,715.4875242460953,0.0,0.0,1.0,1.0
248,4421.507799626938,3730.5972750763804,2730.5972750763804,0.0,0.0,1.0,1.0
249,1390.1934019683401,1928.255487507575,928.255487507575,0.0,0.0,1.0,1.0
250,2624.3752765173417,2949.5602094529977,1949.5602094529977,0.0,0.0,1.0,1.0
251,2779.2540782712013,2252.520920010702,1252.520920010702,0.0,0.0,1.0,1.0
252,2812.0268224096903,2562.0126369530035,1562.0126369530035,0.0,0.0,1.0,1.0
253,5373.708062231976,6485.052260010304,5485.052260010304,0.0,0.0,1.0,1.0
254,2168.3729704287507,4086.7774941200996,3086.7774941200996,0.0,0.0,1.0,1.0
255,1937.08611746034,1423.5540172484373,423.5540172484373,0.0,0.0,1.0,1.0
256,3540.3341367358253,4260.608347083853,3260.608347083853,0.0,0.0,1.0,1.0
257,1649.7603276314023,2373.7911175361555,1373.7911175361555,0.0,0.0,1.0,1.0
258,5167.728384950499,6194.6811780274,5194.6811780274,0.0,0.0,1.0,1.0
259,1833.1192097336432,2463.03708846749,1463.0370884674899,0.0,0.0,1.0,1.0
260,3171.287422556777,4151.166413660212,3151.166413660212,0.0,0.0,1.0,1.0
261,1230.4400487096802,2280.9628082384907,1280.9628082384907,0.0,0.0,1.0,1.0
262,3605.2704899335827,2570.7638133016726,1570.7638133016726,0.0,0.0,1.0,1.0
263,2597.6612389978222,1901.3231880998555,901.3231880998555,0.0,0.0,1.0,1.0
264,5248.659632569078,5520.258365559606,4520.258365559606,0.0,0.0,1.0,1.0
265,2816.501237295673,2977.7574995439545,1977.7574995439545,0.0,0.0,1.0,1.0
266,3234.166792765365,3999.82184529621,2999.82184529621,0.0,0.0,1.0,1.0
267,4491.2319617552985,5303.7591152612895,4303.7591152612895,0.0,0.0,1.0,1.0
268,2241.393071455778,2577.1161846235286,1577.1161846235286,0.0,0.0,1.0,1.0
269,3591.0169564764506,5030.885169227001,4030.885169227001,0.0,0.0,1.0,1.0
270,1587.9622619650158,2077.7923473431906,1077.7923473431906,0.0,0.0,1.0,1.0
271,2769.997854626839,2293.260516053636,1293.260516053636,0.0,0.0,1.0,1.0
272,3753.7075131196048,4290.0921955695,3290.0921955695003,0.0,0.0,1.0,1.0
273,5470.558999452794,6624.101044710883,5624.101044710883,0.0,0.0,1.0,1.0
274,3192.5250626653974,3548.3041577288095,2548.3041577288095,0.0,0.0,1.0,1.0
275,1681.2986320649125,1955.7847982678147,955.7847982678147,0.0,0.0,1.0,1.0
276,2096.0271019050165,2758.730983857434,1758.7309838574338,0.0,0.0,1.0,1.0
277,4544.085921228993,4772.600288578469,3772.600288578469,0.0,0.0,1.0,1.0
278,3370.3262478909487,4152.632324070317,3152.632324070317,0.0,0.0,1.0,1.0
279,3010.4293330446208,4420.234233948281,3420.234233948281,0.0,0.0,1.0,1.0
280,3741.484564139416,3870.4670295154674,2870.4670295154674,0.0,0.0,1.0,1.0
281,2419.2126722758344,2586.16508114661,1586.1650811466102,0.0,0.0,1.0,1.0
282,2657.9060624463764,2560.9716004305574,1560.9716004305574,0.0,0.0,1.0,1.0
283,4456.775875863714,5161.870798902266,4161.870798902266,0.0,0.0,1.0,1.0
284,2767.5915034940845,3055.2223760902325,2055.2223760902325,0.0,0.0,1.0,1.0
285,1639.600548746846,2628.961523324827,1628.9615233248269,0.0,0.0,1.0,1.0
286,4940.309460984637,4023.2340245021,3023.2340245021,0.0,0.0,1.0,1.0
287,3381.8686992807575,5238.494125083594,4238.494125083594,0.0,0.0,1.0,1.0
288,3914.095830356106,3021.314631279529,2021.3146312795288,0.0,0.0,1.0,1.0
289,1880.6907528742188,3042.4710073875262,2042.4710073875262,0.0,0.0,1.0,1.0
290,2608.1388988755634,1990.2880745004372,990.2880745004372,0.0,0.0,1.0,1.0
291,3881.6543070036073,4655.539491697452,3655.539491697452,0.0,0.0,1.0,1.0
292,2343.073628642031,2688.50399102333,1688.50399102333,0.0,0.0,1.0,1.0
293,3279.1412257044003,4091.6583343896173,3091.6583343896173,0.0,0.0,1.0,1.0
294,1092.2251431287473,1878.5065220016004,878.5065220016004,0.0,0.0,1.0,1.0
295,2784.9554653688324,1889.715345326504,889.7153453265039,0.0,0.0,1.0,1.0
296,7971.328270970501,9566.7384004969,8566.7384004969,0.0,0.0,1.0,1.0
297,3266.32547659613,3852.9632115918143,2852.9632115918143,0.0,0.0,1.0,1.0
298,1995.5207804782772,2271.662767863527,1271.6627678635268,0.0,0.0,1.0,1.0
299,3716.215021845507,4580.976123068463,3580.9761230684626,0.0,0.0,1.0,1.0
300,3479.0034361948437,4618.284054917084,3618.284054917084,0.0,0.0,1.0,1.0
301,1899.6537656803985,2898.083815626384,1898.083815626384,0.0,0.0,1.0,1.0
302,3432.4487682131353,3436.020653937169,2436.020653937169,0.0,0.0,1.0,1.0
303,2525.0630544317023,2638.2833970562842,1638.2833970562842,0.0,0.0,1.0,1.0
304,4907.087684830284,5503.349004014129,4503.349004014129,0.0,0.0,1.0,1.0
305,3023.2893089798786,3594.492390104389,2594.492390104389,0.0,0.0,1.0,1.0
306,3131.5011169430613,4130.104259858484,3130.1042598584836,0.0,0.0,1.0,1.0
307,4103.287455720025,4256.896268972708,3256.8962689727077,0.0,0.0,1.0,1.0
308,3230.875874118544,5141.698279018625,4141.698279018625,0.0,0.0,1.0,1.0
309,3746.5305905037176,3336.8607873581786,2336.8607873581786,0.0,0.0,1.0,1.0
310,2346.2582300339823,2765.1845224160825,1765.1845224160825,0.0,0.0,1.0,1.0
311,4187.501639692653,5266.055176577331,4266.055176577331,0.0,0.0,1.0,1.0
312,2944.9407106695085,4755.529084020913,3755.5290840209127,0.0,0.0,1.0,1.0
313,1753.3740026355786,1833.3513140452026,833.3513140452026,0.0,0.0,1.0,1.0
314,1332.8856022496975,1477.6495911995862,477.6495911995862,0.0,0.0,1.0,1.0
315,2076.709477663734,5015.070709193374,4015.0707091933737,0.0,0.0,1.0,1.0
316,5993.946910090755,2673.1110069562546,1673.1110069562546,0.0,0.0,1.0,1.0
317,2748.2014836139783,3630.5112473727218,2630.5112473727218,0.0,0.0,1.0,1.0
318,3631.7344462414803,5252.272917742279,4252.272917742279,0.0,0.0,1.0,1.0
319,875.7170308725857,2699.533141765379,0.0,1699.5331417653788,2699.533141765379,1.0,0.0
320,1695.6028462208244,2318.866660292036,1318.8666602920362,0.0,0.0,1.0,1.0
321,1740.4299594482952,755.6161091644354,0.0,244.38389083556456,0.0,0.0,1.0
322,6012.0450395854305,4023.843219698679,3023.843219698679,0.0,0.0,1.0,1.0
323,2912.622838500291,4444.005391635897,3444.0053916358966,0.0,0.0,1.0,1.0
324,3799.9544005471935,4083.4286222518895,3083.4286222518895,0.0,0.0,1.0,1.0
325,2524.141164177543,3598.8395320147974,2598.8395320147974,0.0,0.0,1.0,1.0
326,1995.6268321613566,4695.673418957874,3695.6734189578738,0.0,0.0,1.0,1.0
327,4701.404466227545,1991.2487603824786,991.2487603824786,0.0,0.0,1.0,1.0
328,2802.9909450507757,4568.398760214001,3568.3987602140014,0.0,0.0,1.0,1.0
329,2044.1106723350963,2385.395087929511,1385.3950879295112,0.0,0.0,1.0,1.0
330,2520.6195973811086,3492.2529187873297,2492.2529187873297,0.0,0.0,1.0,1.0
331,4214.433563973674,4119.828606246494,3119.828606246494,0.0,0.0,1.0,1.0
332,1197.7468046017411,2656.1631994163085,1656.1631994163085,0.0,0.0,1.0,1.0
333,1121.4243094713859,1466.0178400334553,466.0178400334553,0.0,0.0,1.0,1.0
334,8273.660502617655,3514.5450796941686,2514.5450796941686,0.0,0.0,1.0,1.0
335,1536.8301341652707,2086.109156819862,1086.1091568198622,0.0,0.0,1.0,1.0
336,2752.9138032337755,3533.2290348831825,2533.2290348831825,0.0,0.0,1.0,1.0
337,2434.2014242065434,3001.6870795475947,2001.6870795475947,0.0,0.0,1.0,1.0
338,2205.236456479046,2286.9188912407526,1286.9188912407526,0.0,0.0,1.0,1.0
339,3659.968936013656,6234.9422045377505,5234.9422045377505,0.0,0.0,1.0,1.0
340,3410.0368462187535,2909.969898396829,1909.9698983968292,0.0,0.0,1.0,1.0
341,2835.380979496161,3141.8080769689186,2141.8080769689186,0.0,0.0,1.0,1.0
342,5078.170120205964,6565.19172820609,5565.19172820609,0.0,0.0,1.0,1.0
343,1395.8383766145892,1635.5738541569224,635.5738541569224,0.0,0.0,1.0,1.0
344,3511.058306938897,5194.602335465388,4194.602335465388,0.0,0.0,1.0,1.0
345,2932.7107776286143,2692.644606583488,1692.644606583488,0.0,0.0,1.0,1.0
346,3569.375058716874,5354.610364750897,4354.610364750897,0.0,0.0,1.0,1.0
347,3577.576475622244,5378.872414721605,4378.872414721605,0.0,0.0,1.0,1.0
348,2392.1144132376426,2058.244286778828,1058.2442867788282,0.0,0.0,1.0,1.0
349,3978.2343483659656,4928.482460636275,3928.4824606362754,0.0,0.0,1.0,1.0
350,3541.10694274638,4257.91000694639,3257.9100069463902,0.0,0.0,1.0,1.0
351,3075.618759783942,3931.733782596553,2931.733782596553,0.0,0.0,1.0,1.0
352,3123.1555536996943,4673.526600235019,3673.526600235019,0.0,0.0,1.0,1.0
353,1795.5154974430498,2506.317341506007,1506.3173415060069,0.0,0.0,1.0,1.0
354,1947.686061955162,2517.1650636547756,1517.1650636547756,0.0,0.0,1.0,1.0
355,3857.73870843921,1872.0074919450587,872.0074919450587,0.0,0.0,1.0,1.0
356,3788.595764379534,4470.367378562504,3470.367378562504,0.0,0.0,1.0,1.0
357,2178.2022335845086,3077.938574396181,2077.938574396181,0.0,0.0,1.0,1.0
358,3100.0863303831998,2970.414930997401,1970.414930997401,0.0,0.0,1.0,1.0
359,1379.2931333895638,3995.771207530772,2995.771207530772,0.0,0.0,1.0,1.0
360,1812.8423769992373,1607.7858761580455,607.7858761580455,0.0,0.0,1.0,1.0
361,2813.300839323256,1603.3243439304508,603.3243439304508,0.0,0.0,1.0,1.0
362,7477.427029073281,8975.402306265036,7975.402306265036,0.0,0.0,1.0,1.0
363,2549.873538373591,3559.7971047528436,2559.7971047528436,0.0,0.0,1.0,1.0
364,4189.246136046208,4931.994076420805,3931.994076420805,0.0,0.0,1.0,1.0
365,1286.1615448580992,1857.8140491637816,857.8140491637816,0.0,0.0,1.0,1.0
366,1803.1523678552835,2038.2285267243274,1038.2285267243274,0.0,0.0,1.0,1.0
367,3954.187854899958,8069.419794712588,7069.419794712588,0.0,0.0,1.0,1.0
368,3295.6646019685454,1759.0973369274948,759.0973369274948,0.0,0.0,1.0,1.0
369,2897.7732376530607,5319.294153159024,4319.294153159024,0.0,0.0,1.0,1.0
370,3468.7483604397535,2647.162358565964,1647.162358565964,0.0,0.0,1.0,1.0
371,1655.9895439816562,3192.567415848584,2192.567415848584,0.0,0.0,1.0,1.0
372,2643.8116671086455,2368.6686039296014,1368.6686039296014,0.0,0.0,1.0,1.0
373,1466.9116539936244,1136.1322300933673,136.1322300933673,0.0,0.0,1.0,1.0
374,4209.718695281642,5815.539154840136,4815.539154840136,0.0,0.0,1.0,1.0
375,4627.481049523463,4090.890028845717,3090.890028845717,0.0,0.0,1.0,1.0
376,5817.028043861258,6990.580968982872,5990.580968982872,0.0,0.0,1.0,1.0
377,2769.6225989867953,3103.560505421892,2103.560505421892,0.0,0.0,1.0,1.0
378,2418.5007516935766,2730.3194914784567,1730.3194914784567,0.0,0.0,1.0,1.0
379,1412.836167120079,2682.6799208608827,1682.6799208608827,0.0,0.0,1.0,1.0
380,1833.7048383380811,2786.6892627660045,1786.6892627660045,0.0,0.0,1.0,1.0
381,3397.8005844254276,2895.798095869471,1895.7980958694711,0.0,0.0,1.0,1.0
382,3329.741467808761,2212.2098186893795,1212.2098186893795,0.0,0.0,1.0,1.0
383,3697.642092795158,4423.76506926995,3423.76506926995,0.0,0.0,1.0,1.0
384,4093.723868844844,5048.857626029797,4048.857626029797,0.0,0.0,1.0,1.0
385,3732.742341538973,4878.766058395004,3878.7660583950037,0.0,0.0,1.0,1.0
386,2033.1729905650002,2994.319939161768,1994.3199391617682,0.0,0.0,1.0,1.0
387,2995.4295808962165,3670.914575505421,2670.914575505421,0.0,0.0,1.0,1.0
388,2792.7832832158983,4757.336362241125,3757.3363622411252,0.0,0.0,1.0,1.0
389,2043.029177958997,2079.518185710847,1079.5181857108469,0.0,0.0,1.0,1.0
390,6299.638886442473,4122.831330744282,3122.8313307442822,0.0,0.0,1.0,1.0
391,5785.8706579263935,7369.901474034795,6369.901474034795,0.0,0.0,1.0,1.0
392,3029.9095670084844,5095.772300281188,4095.772300281188,0.0,0.0,1.0,1.0
393,1736.0693653499113,1399.509974285097,399.5099742850971,0.0,0.0,1.0,1.0
394,883.661533608529,1438.1703079607908,0.0,438.17030796079075,1438.1703079607908,1.0,0.0
395,5410.856466912796,5893.568093706773,4893.568093706773,0.0,0.0,1.0,1.0
396,2318.659897930303,3434.8842206843005,2434.8842206843005,0.0,0.0,1.0,1.0
397,4030.02888611438,3160.9627843436947,2160.9627843436947,0.0,0.0,1.0,1.0
398,1746.3688747580625,2028.6348767524692,1028.6348767524692,0.0,0.0,1.0,1.0
399,5171.521373672271,4107.623649659914,3107.623649659914,0.0,0.0,1.0,1.0
400,4100.058433425377,4877.25261019815,3877.2526101981503,0.0,0.0,1.0,1.0
401,1715.8860179866774,2336.6744317885773,1336.6744317885773,0.0,0.0,1.0,1.0
402,3109.5766151084053,3750.351972381849,2750.351972381849,0.0,0.0,1.0,1.0
403,2963.7390987180083,5165.240184888662,4165.240184888662,0.0,0.0,1.0,1.0
404,2223.2138451813307,3241.748844957347,2241.748844957347,0.0,0.0,1.0,1.0
405,3104.4144896585626,2502.89064698474,1502.8906469847402,0.0,0.0,1.0,1.0
406,5265.607214390287,5527.9677836961055,4527.9677836961055,0.0,0.0,1.0,1.0
407,1445.179372912483,2691.780618168414,1691.780618168414,0.0,0.0,1.0,1.0
408,929.0566173296312,924.7383907891893,0.0,0.0,0.0,0.0,0.0
409,3125.844258464068,3809.235450635009,2809.235450635009,0.0,0.0,1.0,1.0
410,5392.47394101971,4530.087094864863,3530.0870948648626,0.0,0.0,1.0,1.0
411,2201.21642606191,4303.379411372062,3303.3794113720623,0.0,0.0,1.0,1.0
412,1954.1130134653672,1484.164545438068,484.164545438068,0.0,0.0,1.0,1.0
413,2640.044843615982,3287.8847810688067,2287.8847810688067,0.0,0.0,1.0,1.0
414,4100.104692469666,2831.8807956187743,1831.8807956187743,0.0,0.0,1.0,1.0
415,3593.0275394729747,4030.9700470195125,3030.9700470195125,0.0,0.0,1.0,1.0
416,1786.1881500026343,1928.8950965013235,928.8950965013235,0.0,0.0,1.0,1.0
417,3403.7102620230617,4191.5761919973165,3191.5761919973165,0.0,0.0,1.0,1.0
418,1850.773109274803,2960.4264080649855,1960.4264080649855,0.0,0.0,1.0,1.0
419,6977.5971114848735,5932.035061545276,4932.035061545276,0.0,0.0,1.0,1.0
420,1465.6854434936097,1842.0870337144102,842.0870337144102,0.0,0.0,1.0,1.0
421,4750.048868769743,5953.3645877431,4953.3645877431,0.0,0.0,1.0,1.0
422,4003.2894934198184,5350.060685747892,4350.060685747892,0.0,0.0,1.0,1.0
423,1845.7691908090253,2258.4221268844885,1258.4221268844885,0.0,0.0,1.0,1.0
424,3079.9408703225586,3795.683854706205,2795.683854706205,0.0,0.0,1.0,1.0
425,4499.800364186889,4823.571423874368,3823.5714238743676,0.0,0.0,1.0,1.0
426,3235.893736531162,3303.053886492709,2303.053886492709,0.0,0.0,1.0,1.0
427,2159.469790482598,2306.2371005665473,1306.2371005665473,0.0,0.0,1.0,1.0
428,3054.01137831555,3405.562074462839,2405.562074462839,0.0,0.0,1.0,1.0
429,4356.516380805163,5100.206034546487,4100.206034546487,0.0,0.0,1.0,1.0
430,3503.3827886799786,4344.476491074208,3344.476491074208,0.0,0.0,1.0,1.0
431,2791.019179057657,2895.1204076927183,1895.1204076927183,0.0,0.0,1.0,1.0
432,3090.481278509135,3882.559801308063,2882.559801308063,0.0,0.0,1.0,1.0
433,3402.3821908042232,3669.003397421433,2669.003397421433,0.0,0.0,1.0,1.0
434,1084.0132116376742,1391.7233188367036,391.7233188367036,0.0,0.0,1.0,1.0
435,3866.102277768991,3887.874099350971,2887.874099350971,0.0,0.0,1.0,1.0
436,4021.780188457809,5412.108770879888,4412.108770879888,0.0,0.0,1.0,1.0
437,2451.419214553976,3320.982588964299,2320.982588964299,0.0,0.0,1.0,1.0
438,2577.582840211277,2378.7725202991646,1378.7725202991646,0.0,0.0,1.0,1.0
439,3576.4638994453207,4972.59534360925,3972.5953436092504,0.0,0.0,1.0,1.0
440,3875.716392791937,3720.628506630681,2720.628506630681,0.0,0.0,1.0,1.0
441,2548.913316951438,3292.243192235321,2292.243192235321,0.0,0.0,1.0,1.0
442,2379.2764165176754,4184.585337940442,3184.5853379404416,0.0,0.0,1.0,1.0
443,1883.3823192225336,1993.070013334141,993.0700133341411,0.0,0.0,1.0,1.0
444,5205.316403488547,5826.32583490886,4826.32583490886,0.0,0.0,1.0,1.0
445,2093.215158307593,4516.063375197255,3516.0633751972546,0.0,0.0,1.0,1.0
446,4006.1059655363965,2990.01125036549,1990.01125036549,0.0,0.0,1.0,1.0
447,2785.4467138203195,2949.299360317099,1949.299360317099,0.0,0.0,1.0,1.0
448,986.4375812063295,1319.7453501490186,0.0,319.7453501490186,1319.7453501490186,1.0,0.0
449,8847.898191220953,8754.997924617312,7754.997924617312,0.0,0.0,1.0,1.0
450,2387.1403971201953,3885.055232807358,2885.055232807358,0.0,0.0,1.0,1.0
451,2992.035270111764,2893.538886544313,1893.5388865443128,0.0,0.0,1.0,1.0
452,5195.8691393391355,6342.864738668465,5342.864738668465,0.0,0.0,1.0,1.0
453,3572.8262375931668,3805.529810005885,2805.529810005885,0.0,0.0,1.0,1.0
454,2137.653027337164,2778.619918323457,1778.6199183234571,0.0,0.0,1.0,1.0
455,2367.1041781355925,2964.542287700066,1964.542287700066,0.0,0.0,1.0,1.0
456,1536.3309249907572,2250.593277944516,1250.593277944516,0.0,0.0,1.0,1.0
457,3849.1768821524665,5494.15690892318,4494.15690892318,0.0,0.0,1.0,1.0
458,941.3048196502693,3431.8775045566863,0.0,2431.8775045566863,3431.8775045566863,1.0,0.0
459,7022.829336737998,2266.2066774558134,1266.2066774558134,0.0,0.0,1.0,1.0
460,3549.9141630755366,3803.6041763372973,2803.6041763372973,0.0,0.0,1.0,1.0
461,2024.3696596644613,2643.5465542070833,1643.5465542070833,0.0,0.0,1.0,1.0
462,7536.348256115337,9753.955921753579,8753.955921753579,0.0,0.0,1.0,1.0
463,2214.9647818047893,2473.092675974548,1473.092675974548,0.0,0.0,1.0,1.0
464,1881.2882825116315,2838.536139094105,1838.5361390941048,0.0,0.0,1.0,1.0
465,1657.9499860335734,1933.278027498305,933.2780274983049,0.0,0.0,1.0,1.0
466,4048.3049225437508,5173.9828674960945,4173.9828674960945,0.0,0.0,1.0,1.0
467,3756.72489572568,5097.803949612918,4097.803949612918,0.0,0.0,1.0,1.0
468,3108.2543738646386,4675.494729833048,3675.494729833048,0.0,0.0,1.0,1.0
469,4061.248387141724,5431.661093447504,4431.661093447504,0.0,0.0,1.0,1.0
470,2246.9264732388615,3406.433395444796,2406.433395444796,0.0,0.0,1.0,1.0
471,2846.519513653366,3151.4718924286904,2151.4718924286904,0.0,0.0,1.0,1.0
472,2869.169404149193,3661.0049343556257,2661.0049343556257,0.0,0.0,1.0,1.0
473,2653.1574194129003,3275.652863493378,2275.652863493378,0.0,0.0,1.0,1.0
474,3062.6422796055963,4753.477235941457,3753.4772359414574,0.0,0.0,1.0,1.0
475,4432.760381268287,6049.74375426103,5049.74375426103,0.0,0.0,1.0,1.0
476,1786.5142658151856,1999.0198781556185,999.0198781556185,0.0,0.0,1.0,1.0
477,4125.648574909367,5733.262949228932,4733.262949228932,0.0,0.0,1.0,1.0
478,1233.388268015768,2211.45446363285,1211.45446363285,0.0,0.0,1.0,1.0
479,1154.5393601291878,735.6973471923054,0.0,264.3026528076946,0.0,0.0,1.0
480,2758.7057443192875,2791.4713315718645,1791.4713315718645,0.0,0.0,1.0,1.0
481,3276.1332546124613,4648.14568669211,3648.14568669211,0.0,0.0,1.0,1.0
482,2692.3155762737592,2962.4831249959366,1962.4831249959366,0.0,0.0,1.0,1.0
483,5365.783520703769,5445.76596467005,4445.76596467005,0.0,0.0,1.0,1.0
484,2682.8862587931603,5265.891901527077,4265.891901527077,0.0,0.0,1.0,1.0
485,2828.7811646161085,3336.7299023016676,2336.7299023016676,0.0,0.0,1.0,1.0
486,581.3862771036618,539.1191050939688,0.0,0.0,0.0,0.0,0.0
487,4118.923402295676,5124.880668786907,4124.880668786907,0.0,0.0,1.0,1.0
488,1878.909732540577,3076.7029341045923,2076.7029341045923,0.0,0.0,1.0,1.0
489,4153.435071342761,2821.2990511879134,1821.2990511879134,0.0,0.0,1.0,1.0
490,2659.959954409855,4233.661805607124,3233.661805607124,0.0,0.0,1.0,1.0
491,2451.522010279428,2044.5191181674409,1044.5191181674409,0.0,0.0,1.0,1.0
492,2123.186323333494,3143.2288894754415,2143.2288894754415,0.0,0.0,1.0,1.0
493,3049.226402375935,3241.460491558947,2241.460491558947,0.0,0.0,1.0,1.0
494,2583.982498787585,4279.628831495713,3279.628831495713,0.0,0.0,1.0,1.0
495,1980.7308738466024,2329.1928564714526,1329.1928564714526,0.0,0.0,1.0,1.0
496,4867.722255417385,4702.009505359199,3702.0095053591986,0.0,0.0,1.0,1.0
497,1428.0642639903906,2049.4750276997606,1049.4750276997606,0.0,0.0,1.0,1.0
498,1053.7703954590015,2100.392623525222,1100.392623525222,0.0,0.0,1.0,1.0
499,5137.785121385311,3033.327851574213,2033.3278515742131,0.0,0.0,1.0,1.0
500,2212.920314683249,3384.2428706785245,2384.2428706785245,0.0,0.0,1.0,1.0
501,5181.632211098477,4747.834644335896,3747.834644335896,0.0,0.0,1.0,1.0
502,1284.502983444339,1771.0450675956336,771.0450675956336,0.0,0.0,1.0,1.0
503,3263.6186397516135,3946.3646833696253,2946.3646833696253,0.0,0.0,1.0,1.0
504,1802.7702155844643,2210.199291139816,1210.199291139816,0.0,0.0,1.0,1.0
505,5673.635240616215,6807.776204277103,5807.776204277103,0.0,0.0,1.0,1.0
506,2178.7119480102347,2911.836422543829,1911.836422543829,0.0,0.0,1.0,1.0
507,1450.0980846344448,2172.6188127421738,1172.6188127421738,0.0,0.0,1.0,1.0
508,2238.3038602985607,5377.5148363659255,4377.5148363659255,0.0,0.0,1.0,1.0
509,1552.8438040297003,1278.4806147981453,278.4806147981453,0.0,0.0,1.0,1.0
510,4246.161920520898,3990.76213914007,2990.76213914007,0.0,0.0,1.0,1.0
511,3865.651356591773,5385.925900597359,4385.925900597359,0.0,0.0,1.0,1.0
512,5198.724152492604,6424.0413863518925,5424.0413863518925,0.0,0.0,1.0,1.0
513,3890.048362405513,4816.934007828349,3816.9340078283494,0.0,0.0,1.0,1.0
514,2202.4694239075293,4437.134500358945,3437.134500358945,0.0,0.0,1.0,1.0
515,1933.7364101712215,1496.50432158699,496.50432158699005,0.0,0.0,1.0,1.0
516,4307.988673863802,5382.94872039661,4382.94872039661,0.0,0.0,1.0,1.0
517,3085.886725537895,4646.860546995925,3646.860546995925,0.0,0.0,1.0,1.0
